player: 1 Individualist
99 9
44 15
190 11
161 13
158 7
132 9
187 15
166 9
174 20
112 10
32 7
175 17
145 13
25 8
116 7
118 8
142 9
26 8
109 13
176 12
86 6
105 12
198 13
165 12
150 14
151 12
67 12
189 26
110 14
16 15
177 12
47 9
85 12
136 3
162 5
137 14
194 11
108 14
69 6
178 9
157 11
19 12
62 17
144 11
146 11
155 15
141 8
196 13
51 12
58 7
120 5
80 8
28 8
52 13
14 9
159 12
12 10
30 8
73 10
24 5
7 9
125 9
100 8
68 9
81 8
183 9
66 16
38 12
96 13
129 8
152 13
63 11
134 13
54 14
84 7
27 7
113 19
57 13
171 13
192 9
64 8
97 16
172 13
128 8
40 12
6 15
91 10
15 14
115 10
45 10
9 18
48 12
83 5
123 21
35 8
22 3
36 12
79 5
92 8
70 9
53 14
153 10
135 11
184 6
149 8
34 8
121 11
31 8
49 9
185 9
122 9
61 11
60 15
42 9
23 11
124 9
2 7
138 11
188 9
147 13
76 12
114 11
29 14
182 12
82 12
77 7
101 10
143 9
191 12
167 4
95 13
139 14
160 7
111 9
131 11
72 15
20 11
197 7
71 11
179 9
10 11
154 7
59 7
181 6
104 8
50 6
18 7
21 19
43 10
170 11
87 10
127 9
130 6
140 10
126 13
94 6
78 11
133 13
89 6
33 6
39 11
173 11
148 8
11 9
17 10
163 6
199 7
13 8
102 9
46 9
117 10
193 7
103 11
56 10
169 8
195 7
90 6
3 12
180 11
156 9
186 11
168 4
65 14
75 6
41 9
119 6
98 12
5 7
106 7
37 5
88 9
55 10
4 9
74 8
107 3
164 4
8 10
1 2
93 2
player: 5 Individualist
58 16
156 14
110 13
86 8
26 12
185 13
61 18
49 9
172 11
59 11
115 14
152 12
138 9
7 8
83 13
33 7
178 13
40 11
55 7
70 7
186 11
10 9
153 7
60 11
31 13
161 13
139 11
126 9
107 15
34 11
5 6
140 11
127 8
189 12
3 13
165 10
120 8
197 16
183 8
99 13
182 11
42 10
51 7
133 10
159 12
97 6
28 7
4 15
62 7
50 13
145 12
104 8
85 20
184 12
17 14
162 8
22 16
69 10
12 6
32 13
77 13
21 18
176 12
113 14
78 8
173 15
191 6
123 12
95 11
29 10
79 8
143 7
84 10
142 12
41 12
75 10
71 18
36 6
155 8
16 10
169 5
119 9
154 13
25 8
87 9
149 5
117 12
129 13
130 11
131 12
96 6
166 11
74 11
141 9
157 10
180 15
20 13
89 14
190 12
109 12
92 11
6 7
160 13
112 8
125 6
67 7
47 7
114 12
44 13
168 16
94 9
46 8
30 15
147 12
196 9
19 8
194 12
13 5
2 13
150 7
66 7
170 7
105 8
52 9
164 15
48 12
151 7
167 13
101 20
45 11
192 8
100 9
64 12
53 8
9 12
24 19
90 8
81 12
38 9
118 7
93 8
175 15
91 9
65 8
188 11
1 5
35 9
193 10
88 4
37 11
56 6
18 8
179 9
148 9
136 13
171 14
124 6
134 5
57 7
82 12
14 10
108 13
187 12
23 4
11 11
198 5
43 13
181 6
80 13
135 11
39 11
68 5
103 5
98 5
158 7
8 13
174 8
177 7
63 4
128 10
72 7
106 7
195 4
137 10
73 6
163 9
27 3
111 13
122 8
76 12
144 7
116 11
54 13
15 11
199 5
132 6
102 10
121 3
146 4
player: 11 Competitive
114 12
42 7
57 6
111 10
198 13
32 5
165 3
97 17
132 8
56 8
82 9
108 11
94 9
197 10
61 10
17 14
184 11
126 7
19 13
120 15
182 10
81 12
156 8
193 11
55 16
18 11
47 11
86 7
5 11
131 10
174 18
136 11
72 7
26 10
79 12
93 12
127 8
87 8
166 14
175 11
36 8
29 10
62 12
27 10
117 13
53 12
164 13
113 12
80 7
23 6
58 8
84 16
148 9
179 17
142 10
16 14
168 9
150 6
159 11
15 13
186 14
31 12
76 17
188 7
51 16
10 4
14 9
22 9
37 9
99 10
92 6
38 12
91 17
39 16
69 14
3 14
48 9
143 10
46 12
116 11
4 16
28 14
33 10
6 10
135 7
144 12
50 9
109 11
178 8
158 14
171 13
152 11
133 10
89 7
163 10
112 10
194 8
183 8
30 4
43 8
125 9
100 10
70 6
63 14
119 8
8 7
123 12
173 7
139 3
40 6
151 5
140 15
2 10
95 12
1 11
153 9
145 11
90 8
65 8
137 10
172 9
75 12
41 16
49 9
128 10
169 12
157 13
181 8
44 14
105 13
96 11
160 14
141 8
20 6
176 10
77 5
73 10
129 10
170 16
196 10
45 8
147 21
154 8
110 9
21 14
68 9
118 11
71 10
187 5
66 13
199 7
60 10
190 6
7 6
103 12
124 13
167 8
11 14
106 12
24 12
102 8
130 10
189 9
64 7
192 7
9 9
107 12
88 12
67 7
101 12
85 5
12 9
115 10
34 6
104 3
138 10
195 7
134 4
59 10
98 11
13 7
155 11
177 12
180 13
25 8
122 8
74 11
149 7
83 7
162 6
52 9
185 8
191 10
121 11
78 8
54 8
146 11
35 6
161 6
player: 6 Competitive
126 8
190 16
156 15
183 12
192 8
157 8
5 10
69 12
43 21
176 7
19 11
15 12
80 10
116 7
128 9
73 6
55 10
105 8
97 10
144 11
184 12
145 13
175 9
63 12
122 8
174 8
110 13
132 15
92 8
131 12
95 13
16 15
38 9
29 10
101 7
166 7
30 12
146 8
136 12
83 12
179 13
99 9
10 17
135 18
58 20
127 6
167 13
85 11
60 7
186 13
139 16
24 14
133 9
2 10
108 11
196 7
160 8
45 14
125 11
90 10
17 10
143 6
50 14
120 10
197 13
118 9
155 8
172 7
64 14
41 11
189 14
65 8
109 13
113 5
106 9
12 12
3 16
54 15
152 10
187 20
98 9
96 14
62 12
76 8
171 6
21 13
8 11
39 7
11 9
4 9
79 8
124 11
31 7
149 13
199 4
36 8
6 6
91 13
169 10
32 15
153 15
13 7
191 11
137 10
162 15
198 10
51 9
66 12
14 14
102 10
9 9
22 8
129 9
86 16
78 7
173 7
181 13
71 10
33 7
48 12
170 11
23 9
115 11
52 9
44 10
119 8
168 13
185 12
111 7
7 8
147 10
70 14
87 14
89 10
161 11
47 4
72 6
182 11
121 8
142 7
59 6
164 8
84 6
42 15
68 10
49 11
94 8
74 6
56 12
28 9
88 6
180 5
82 14
26 12
163 4
93 7
117 9
40 11
138 9
177 8
148 8
104 10
130 12
112 10
34 7
151 12
100 8
46 8
75 11
158 7
53 10
159 8
107 11
57 10
81 15
165 10
134 6
195 9
140 14
67 5
77 9
25 7
194 11
103 5
141 11
150 10
178 11
193 8
154 12
188 10
1 3
114 6
27 3
18 5
37 8
20 10
35 9
61 4
123 7
player: 4 Individualist
132 10
70 11
21 14
69 16
100 8
48 13
111 11
30 10
61 7
42 15
41 12
88 12
76 9
194 8
10 6
28 11
32 5
169 6
115 15
38 11
64 10
141 12
89 6
29 14
2 9
87 11
147 9
102 8
138 13
34 9
198 7
52 12
152 12
166 8
178 11
103 10
82 9
135 13
157 9
56 10
108 11
44 7
119 12
23 9
43 12
123 11
51 15
18 15
3 16
129 10
97 14
92 14
24 8
35 19
163 12
172 11
14 10
195 7
136 16
149 7
114 11
45 8
167 12
116 10
104 11
124 8
137 12
71 17
113 15
117 9
164 10
118 7
86 5
7 9
105 9
79 6
81 15
63 14
148 14
1 4
17 7
47 10
120 11
84 8
57 12
189 6
60 16
151 10
50 14
158 5
193 13
99 9
26 10
54 13
197 17
174 13
184 14
98 10
37 7
33 16
20 8
85 15
199 7
80 11
121 6
6 9
8 5
140 14
11 10
112 13
175 15
190 3
144 9
196 9
53 7
168 9
58 10
12 7
162 8
83 8
180 11
72 10
110 9
156 10
122 12
22 10
126 13
91 17
90 11
170 12
25 13
46 8
96 5
161 10
155 12
176 4
150 8
133 12
5 9
109 9
146 11
185 5
67 8
39 10
181 8
186 7
134 17
106 15
4 7
191 9
93 8
31 11
27 7
62 7
179 8
78 10
15 9
173 14
153 8
159 7
9 9
145 13
171 9
16 13
65 7
101 8
68 9
59 8
127 11
187 5
139 12
142 16
73 12
75 8
49 2
128 13
36 14
183 12
143 8
165 8
188 7
177 12
94 8
125 6
131 9
77 13
66 7
182 9
74 6
192 7
55 6
154 11
160 9
107 9
13 12
40 2
95 5
19 10
130 6
player: 7 Competitive
90 10
138 9
191 12
180 9
52 9
132 9
59 11
70 15
143 7
43 11
83 14
34 16
67 6
125 7
128 13
196 5
106 11
136 19
2 8
172 15
195 7
68 15
141 9
142 15
3 15
173 6
85 12
18 12
134 15
127 11
114 11
6 9
50 9
120 7
192 7
10 17
69 9
71 18
183 18
190 12
75 10
117 16
139 9
115 14
89 15
171 7
179 9
84 12
174 15
76 13
121 13
187 16
27 7
47 9
137 17
81 11
20 8
130 12
150 12
82 8
104 10
23 16
9 14
103 13
157 11
123 8
110 7
152 17
1 6
135 13
80 10
45 10
22 15
101 11
51 7
4 14
61 12
160 8
92 11
126 10
108 10
155 12
188 14
186 10
56 12
133 8
181 9
169 9
26 12
55 10
105 7
182 16
124 12
176 9
156 7
102 8
178 11
159 7
7 12
65 12
170 10
164 4
193 8
118 14
79 7
129 8
153 14
33 8
162 6
58 7
112 10
78 9
25 7
57 14
62 7
145 13
113 13
88 13
167 12
16 9
147 4
163 11
116 13
14 10
197 11
46 12
148 14
119 5
109 10
185 8
66 11
19 8
44 14
64 7
35 6
31 11
93 15
151 9
13 8
111 10
131 10
144 8
11 9
49 9
87 11
30 13
53 14
5 5
74 6
29 4
140 7
77 10
32 14
154 14
100 9
96 14
97 13
168 10
166 7
54 15
161 5
28 8
198 2
189 9
37 7
60 15
199 4
149 8
107 10
94 11
38 9
86 9
184 9
15 12
177 7
122 9
12 7
175 9
42 12
36 5
194 8
72 9
158 5
41 8
24 4
95 3
165 6
17 8
99 8
40 7
63 5
91 7
48 10
73 5
39 12
8 9
21 7
98 3
146 4
player: 8 Competitive
177 10
61 12
144 14
68 10
164 11
191 7
48 15
18 5
32 16
112 17
43 8
197 12
53 13
196 9
192 15
36 14
169 11
42 9
56 15
134 7
150 12
55 6
157 15
49 10
148 14
75 11
85 13
34 13
137 12
175 10
88 11
83 20
132 9
38 17
178 11
84 12
90 12
16 14
3 18
120 12
143 15
96 17
162 7
127 7
188 14
106 12
170 8
72 10
181 9
173 9
193 11
145 11
19 13
31 16
110 15
153 15
190 9
73 8
26 9
13 8
138 12
111 12
1 10
76 9
14 11
20 9
133 9
8 8
189 15
172 14
92 12
30 11
149 10
121 7
4 15
154 11
59 7
131 9
41 13
103 6
130 9
57 5
64 15
77 9
100 11
166 7
155 5
165 10
52 7
67 6
71 9
11 12
135 11
151 9
101 7
174 10
123 10
40 12
168 10
129 12
45 14
44 13
7 10
28 14
39 14
82 12
195 5
119 9
114 8
122 7
171 11
104 11
79 9
184 14
136 20
141 10
37 12
69 5
97 9
17 7
21 14
50 15
93 4
102 10
74 10
116 10
35 7
80 10
105 14
65 11
107 10
187 12
66 10
58 13
22 12
109 11
60 5
46 10
91 8
194 8
10 5
113 6
95 10
2 9
179 8
142 11
47 11
147 6
33 17
9 12
180 18
6 11
27 4
186 15
89 8
12 6
167 7
125 7
183 5
198 9
81 13
176 11
62 11
99 7
159 8
51 6
86 9
163 8
15 5
124 9
94 8
126 3
156 9
87 4
161 8
115 5
70 8
98 11
5 12
128 10
108 8
185 3
118 8
54 13
139 7
24 9
152 6
78 8
160 8
158 10
25 4
140 4
199 7
117 10
29 8
182 6
63 6
23 3
146 3
player: 2 Individualist
96 14
186 14
6 17
127 12
60 20
34 12
89 10
109 15
67 12
39 6
188 10
10 10
5 6
100 14
47 8
49 8
43 15
97 8
123 5
147 17
164 10
133 9
19 8
196 11
121 11
118 9
63 13
78 7
86 13
172 13
101 7
185 16
57 8
136 9
156 10
144 9
76 13
18 9
51 15
22 9
176 7
160 12
12 12
24 9
128 11
90 11
129 8
81 7
21 11
170 17
77 15
41 6
177 18
13 3
145 9
158 6
56 16
184 18
55 10
130 9
152 11
153 9
106 10
9 11
75 9
149 11
193 12
181 11
11 10
165 10
99 9
26 6
71 11
110 15
125 10
95 17
142 9
91 13
88 11
194 6
124 14
116 8
148 17
98 14
178 13
187 13
17 14
70 10
134 12
35 10
28 12
79 10
159 14
183 7
115 13
141 10
168 16
82 11
40 14
27 10
80 10
54 15
192 11
161 11
151 14
29 13
137 10
53 6
74 7
23 15
25 10
122 13
1 9
107 12
117 10
175 11
69 5
143 10
65 10
157 13
83 14
20 11
44 7
14 9
132 8
112 14
3 16
36 7
73 13
64 3
48 8
46 7
84 6
16 8
162 10
103 11
146 13
61 12
52 17
62 11
119 13
113 9
155 12
197 12
167 9
198 10
68 6
163 8
102 9
15 7
154 7
111 6
150 7
30 4
166 9
114 8
120 9
32 12
135 4
7 6
173 10
93 6
191 10
94 6
72 7
189 7
85 11
195 7
66 7
45 4
104 10
50 11
171 13
31 6
199 5
4 6
58 8
59 8
33 10
126 8
108 6
140 4
169 4
42 11
38 11
139 8
180 9
131 8
138 8
92 8
190 10
2 7
105 10
37 9
179 7
174 3
8 11
182 4
87 5
player: 3 Individualist
199 11
124 16
3 17
185 8
13 9
179 12
49 6
28 15
189 14
132 12
125 13
39 14
115 5
95 11
2 6
24 12
192 16
66 10
77 9
110 14
27 14
176 9
123 14
169 11
196 11
91 6
51 11
142 6
20 14
9 10
157 10
94 17
68 12
23 11
112 9
60 7
65 18
45 12
72 13
156 4
121 8
8 8
145 6
197 15
111 7
109 11
57 10
6 10
7 10
52 15
167 17
64 8
101 16
160 14
106 8
117 9
63 12
93 10
147 8
69 15
194 6
47 15
141 9
40 6
88 7
137 12
120 7
46 15
44 9
82 9
135 10
96 5
16 11
143 11
171 9
186 8
158 10
133 13
87 11
161 12
134 11
67 8
104 8
164 14
180 18
30 10
154 7
131 12
78 12
149 8
41 14
150 17
155 16
36 15
37 11
138 17
21 11
97 8
92 4
81 9
86 15
85 18
163 14
10 7
151 10
98 14
126 7
187 10
166 11
107 6
119 13
58 13
5 8
129 8
114 1
181 12
178 6
183 9
48 13
128 13
122 14
153 12
76 9
184 9
55 11
22 11
162 5
14 11
70 15
33 7
26 4
170 6
42 8
29 10
193 18
152 6
144 7
73 13
172 11
175 8
99 11
54 10
75 11
80 10
182 11
168 10
191 8
1 4
31 7
90 12
43 5
62 17
35 6
53 9
102 14
89 7
100 9
188 11
38 9
79 8
34 5
15 9
136 10
108 8
61 10
127 16
17 19
18 9
195 5
71 14
84 7
174 13
105 9
19 11
74 10
12 8
59 7
165 7
130 9
32 5
148 11
139 7
4 8
140 11
56 6
190 8
103 5
177 6
116 5
25 2
50 6
146 8
11 8
83 8
118 4
159 6
173 4
113 8
198 5
player: 0 Individualist
54 6
154 10
65 14
138 11
67 13
179 9
6 10
52 18
47 11
132 5
76 9
150 11
143 12
34 7
155 14
126 16
108 13
51 15
38 13
111 11
159 21
105 11
33 13
161 10
112 7
83 17
18 12
28 14
158 8
191 9
127 9
182 10
35 7
166 6
183 11
3 12
32 20
167 9
14 14
26 15
79 10
114 12
39 13
128 14
102 13
25 16
11 8
95 13
42 9
115 8
193 7
168 17
85 10
153 7
152 5
199 9
92 15
17 8
147 15
198 8
186 15
10 12
178 7
116 8
119 8
22 8
96 13
27 10
170 3
113 7
91 7
120 12
103 8
41 8
109 9
12 10
86 15
66 15
4 9
23 9
137 12
15 8
177 9
104 10
5 10
29 11
133 13
50 13
196 11
194 6
19 6
174 8
64 12
98 11
20 12
171 10
63 15
175 6
192 13
40 13
56 10
107 10
84 13
118 8
82 15
187 10
30 10
88 10
90 12
144 8
55 8
163 9
74 8
59 14
72 12
101 13
53 16
162 6
151 13
87 15
8 11
94 11
148 6
37 6
180 9
195 10
77 9
185 14
134 11
44 11
146 8
81 8
173 11
75 6
122 14
124 10
68 7
48 6
149 7
70 8
89 6
61 11
57 5
24 9
2 4
97 7
62 5
139 10
129 9
184 15
71 5
60 9
58 8
189 14
164 17
136 15
156 10
135 14
21 12
123 6
172 5
13 6
45 12
157 11
160 11
110 12
43 12
7 8
49 9
145 8
141 5
121 8
46 10
80 7
93 4
165 6
100 10
188 8
169 9
130 7
176 9
142 17
140 6
125 11
117 11
78 6
181 10
16 8
1 3
31 6
99 8
73 11
197 6
106 12
36 7
69 9
190 5
131 6
9 5
player: 10 Competitive
52 14
115 14
65 9
66 21
49 13
102 10
176 11
18 11
56 6
91 8
9 8
42 9
105 13
186 10
89 11
64 13
177 14
189 7
28 18
157 17
24 7
20 13
130 15
142 13
99 12
69 7
108 18
33 10
77 11
121 11
6 7
75 9
152 9
88 6
4 13
147 10
94 11
128 9
193 9
122 7
80 9
92 11
175 11
194 4
86 11
114 10
38 13
170 9
183 14
188 11
63 16
36 12
85 7
191 7
140 10
23 10
30 10
149 7
101 12
135 15
192 10
22 10
54 7
72 14
132 13
127 14
182 8
153 11
39 11
150 8
5 9
172 12
93 9
169 10
26 14
78 10
155 15
136 13
180 11
133 10
166 7
29 13
1 6
162 10
48 9
118 5
95 8
83 12
151 13
14 9
199 5
44 12
137 8
79 8
98 9
139 7
81 7
179 12
35 10
161 9
167 9
109 12
126 13
10 12
74 7
120 8
82 13
61 15
173 7
2 14
187 11
197 11
174 15
11 12
185 13
31 11
148 13
165 8
156 9
116 16
112 8
106 11
16 13
17 11
45 7
67 13
164 10
145 11
184 15
181 11
131 12
168 9
27 5
171 12
53 8
15 10
107 10
32 10
97 14
144 17
40 13
13 11
103 9
104 6
3 14
50 12
51 12
196 7
87 12
62 6
43 9
154 12
159 6
110 9
73 7
111 13
84 11
76 10
46 6
113 10
124 7
71 6
34 10
7 5
178 13
163 7
90 8
68 12
119 6
117 12
41 7
96 10
138 8
47 7
195 13
60 7
25 11
198 7
190 14
146 7
143 6
21 9
158 7
70 9
123 1
141 3
19 12
8 10
59 9
37 6
12 9
55 6
125 5
57 8
129 5
100 4
58 5
134 12
160 5
player: 9 Competitive
150 7
23 8
160 10
91 11
10 15
137 10
173 6
176 9
35 13
132 11
73 18
30 10
146 12
26 12
61 6
18 10
79 12
36 13
163 11
140 8
4 9
92 11
135 13
47 12
41 12
151 11
43 15
139 11
25 12
143 15
171 20
70 8
71 10
34 8
153 12
157 11
58 12
149 8
63 14
123 13
12 11
108 12
115 6
158 10
8 11
14 7
181 7
148 17
28 7
3 16
64 14
53 8
90 12
76 10
7 10
16 13
174 9
20 11
83 9
129 14
44 13
138 17
147 13
95 13
167 14
116 11
13 7
119 10
65 16
114 8
154 18
183 8
188 11
11 10
169 13
168 11
170 10
38 10
110 9
59 10
84 10
172 12
74 9
72 6
42 14
112 5
162 8
152 12
164 8
166 14
182 12
57 15
21 8
126 12
105 5
62 12
124 13
191 7
122 10
104 12
49 13
77 7
40 8
127 7
1 7
142 12
195 12
33 11
190 5
159 6
196 12
180 10
185 12
102 8
29 16
128 9
75 9
111 6
32 20
101 6
194 13
100 7
39 13
179 13
186 11
50 6
141 9
134 11
106 9
27 5
136 8
130 7
6 15
120 13
22 14
78 11
5 7
198 7
86 8
145 9
93 11
98 10
97 9
24 9
107 9
56 9
48 9
80 11
199 6
85 10
87 17
187 9
9 8
31 8
19 4
15 14
96 9
177 5
184 9
109 9
103 7
113 5
94 9
46 13
2 9
54 10
156 5
52 10
165 8
161 10
17 9
66 13
175 5
117 9
45 7
67 11
51 6
197 16
118 10
88 10
131 8
82 8
155 6
144 11
192 10
37 10
55 9
81 5
121 6
60 6
193 10
189 9
133 9
89 8
69 5
99 9
125 3
68 7
178 3
rank player: 1 Individualist
6 171
3 159
11 169
9 170
12 182
8 174
4 163
10 169
2 160
7 151
1 171
5 161
rank player: 5 Individualist
3 173
10 164
7 161
4 161
11 181
6 167
5 144
8 178
1 166
9 172
12 158
2 175
rank player: 11 Competitive
7 175
2 176
4 166
6 168
12 146
1 166
9 164
8 156
5 156
10 176
11 190
3 161
rank player: 6 Competitive
8 167
12 177
9 146
11 177
1 179
7 152
3 184
2 145
5 181
6 166
10 172
4 154
rank player: 4 Individualist
9 186
5 165
3 178
8 186
4 162
6 169
2 154
12 149
1 164
7 167
10 173
11 147
rank player: 7 Competitive
4 189
8 193
12 165
10 159
5 188
9 150
3 158
1 170
11 159
6 140
7 170
2 159
rank player: 8 Competitive
11 158
4 177
8 165
2 181
10 150
12 163
3 162
1 180
7 164
5 159
6 180
9 161
rank player: 2 Individualist
5 173
11 191
2 166
7 158
6 181
10 178
1 162
12 162
8 152
9 165
3 149
4 163
rank player: 3 Individualist
12 196
7 174
1 147
11 148
2 162
9 170
4 187
3 185
8 159
6 149
5 167
10 156
rank player: 0 Individualist
2 186
9 170
5 175
8 171
7 171
10 156
6 186
4 150
3 171
12 176
1 137
11 151
rank player: 10 Competitive
1 181
6 151
4 162
11 170
2 164
5 160
10 188
3 163
8 149
12 160
7 191
9 161
rank player: 9 Competitive
10 159
1 177
5 171
7 166
12 166
2 172
4 166
11 159
3 157
9 185
6 172
8 150
