player: 9 Individualist
5 26
128 15
122 9
99 9
98 10
143 11
53 6
2 10
157 11
182 15
137 7
133 7
43 9
32 14
68 10
45 14
52 8
113 11
55 12
150 12
79 9
190 10
77 10
142 9
162 12
193 9
89 5
78 8
14 7
63 14
100 8
179 7
71 13
198 8
15 12
106 22
120 10
186 9
194 13
155 12
191 9
46 10
1 8
18 9
17 10
102 15
195 11
167 8
49 9
82 8
165 14
169 17
125 19
58 14
73 9
41 8
187 6
25 12
183 7
177 5
196 5
88 16
3 18
59 11
126 12
85 11
4 7
160 17
136 10
138 8
105 10
30 10
83 18
104 15
152 9
130 7
23 10
36 11
81 8
146 9
114 13
145 8
35 8
33 11
174 7
57 13
16 18
132 7
123 11
197 6
110 7
111 15
65 4
109 14
76 21
12 13
27 9
40 10
163 11
172 7
54 7
161 7
101 9
70 5
94 10
139 14
93 8
164 8
87 8
72 6
95 7
97 11
121 12
170 12
6 9
124 10
112 10
184 12
156 7
34 15
116 14
80 10
7 12
135 9
47 9
50 10
149 9
115 15
181 14
134 10
119 10
62 12
118 11
141 12
127 11
117 9
11 3
173 8
180 10
26 11
48 8
84 6
148 9
66 9
144 14
51 16
131 10
60 6
61 7
140 15
103 13
154 8
171 7
29 12
21 8
168 5
166 7
189 8
67 10
175 10
158 5
192 12
199 7
8 8
39 11
9 11
176 8
44 12
24 4
91 7
75 7
151 12
153 8
42 14
19 8
147 13
22 9
13 15
159 6
107 7
178 12
64 9
69 11
38 13
20 7
90 6
10 5
86 7
56 8
108 7
129 11
96 5
188 7
28 10
37 10
185 8
74 8
92 7
31 5
player: 1 Individualist
121 8
23 9
182 12
68 9
91 13
117 14
5 19
139 13
28 12
62 12
24 13
48 11
40 14
142 12
195 19
158 7
46 10
50 15
76 13
59 11
89 9
181 9
31 7
105 9
152 11
78 16
86 11
146 10
125 8
199 13
99 9
177 4
167 14
8 14
90 9
170 12
26 4
15 12
2 12
4 6
114 15
116 12
122 11
19 7
85 13
120 11
194 8
151 6
12 10
178 7
98 10
124 10
137 4
145 6
57 10
37 7
148 14
155 7
93 11
63 11
54 9
21 5
110 12
186 12
75 14
191 7
11 6
27 15
66 11
3 16
88 6
135 13
58 11
7 14
165 9
61 9
47 6
79 8
153 7
38 13
128 15
9 11
73 12
43 13
70 10
169 9
100 10
141 11
197 7
104 12
83 9
14 7
56 9
84 11
133 12
198 10
22 10
106 16
82 12
53 9
108 11
30 7
184 12
174 9
157 13
147 14
196 6
87 16
96 12
127 7
161 13
13 11
171 11
17 7
55 18
136 6
44 7
36 9
67 10
130 8
168 16
118 8
52 8
20 9
159 13
187 9
193 10
113 16
175 9
29 11
154 9
129 12
71 10
176 11
166 8
16 15
95 14
94 7
160 5
6 14
156 12
39 8
132 7
97 7
126 14
101 9
18 11
143 10
134 13
109 8
1 3
102 9
144 9
150 8
77 10
35 9
51 7
111 17
140 7
65 9
64 7
81 10
34 8
164 13
123 6
25 4
115 12
131 11
188 14
32 10
162 8
49 2
138 13
192 7
189 3
185 13
10 14
72 9
80 12
183 10
119 13
163 7
179 6
173 8
42 9
41 8
103 8
33 13
190 10
45 8
69 5
149 6
112 8
107 7
92 13
172 3
74 9
180 8
60 4
player: 14 Individualist
147 8
127 17
27 7
163 12
53 10
43 13
178 10
25 9
5 17
67 14
94 7
42 10
198 19
141 9
51 10
21 13
174 14
135 12
73 7
60 11
165 8
126 9
195 14
120 11
75 13
2 15
54 8
77 11
31 10
137 14
189 13
18 14
1 10
175 13
38 16
183 14
107 6
65 8
57 15
52 9
152 12
72 4
70 11
12 11
150 14
101 12
76 8
133 9
50 12
160 13
113 5
190 18
58 9
14 7
108 13
44 12
181 9
22 8
84 16
148 9
28 8
146 15
88 8
26 12
197 12
116 7
130 7
186 8
176 11
34 10
158 6
46 15
7 15
74 8
110 9
16 16
132 12
86 14
82 11
129 6
89 8
164 10
172 10
24 6
10 7
8 9
15 15
59 12
144 17
122 4
123 7
83 15
121 8
11 7
29 10
105 9
112 15
95 13
153 10
6 10
179 7
161 13
134 12
168 9
99 8
194 10
96 18
138 10
166 15
162 13
192 13
124 14
106 8
151 12
90 14
98 9
91 11
20 10
119 12
159 10
102 8
17 9
114 7
184 8
128 9
37 13
117 13
64 7
180 6
111 12
30 4
199 5
188 7
118 9
97 6
69 12
85 10
185 11
191 9
41 13
45 10
109 11
145 12
9 6
104 14
157 10
13 5
155 10
93 10
35 13
167 16
55 9
63 6
40 5
187 10
139 9
142 12
92 10
68 13
193 10
131 8
156 6
154 9
23 12
32 8
71 15
48 12
173 13
100 9
177 6
169 8
47 10
140 14
61 10
115 8
56 7
170 5
136 10
66 6
103 4
125 13
182 12
149 7
19 8
143 6
49 8
87 10
62 5
39 7
4 3
3 9
36 7
79 6
78 9
80 3
33 6
171 3
81 5
196 2
player: 13 Individualist
178 13
49 9
38 12
76 6
24 13
186 8
56 9
127 5
29 12
148 11
134 7
58 12
11 9
35 9
3 7
110 9
63 11
36 11
106 14
91 13
98 17
31 8
193 18
152 14
39 11
14 6
144 14
53 10
130 10
150 12
90 8
175 7
180 10
13 9
172 7
7 17
87 5
156 10
176 13
162 9
145 19
184 10
92 14
137 14
88 6
194 13
158 11
170 12
118 8
95 10
42 8
146 12
139 16
117 4
68 12
182 6
9 11
112 8
167 10
126 8
129 19
189 7
125 8
116 19
154 9
124 8
41 8
47 6
140 12
62 14
123 8
113 6
21 4
138 7
143 16
6 12
48 12
59 10
166 10
151 7
15 12
131 10
174 8
54 11
25 12
18 14
114 11
185 14
142 10
199 11
102 8
153 11
109 12
160 9
179 8
66 9
135 7
97 9
168 14
26 14
187 11
192 9
165 8
71 10
70 7
69 8
72 10
50 9
74 11
103 7
85 16
105 9
5 12
22 12
34 9
157 9
46 10
78 13
40 14
80 14
104 9
101 12
190 12
32 12
108 7
93 11
81 12
99 12
2 9
30 10
61 8
196 4
119 13
132 13
177 10
111 15
100 13
55 7
115 8
191 10
198 16
96 11
51 7
65 13
89 7
159 15
82 3
8 7
188 12
27 12
73 11
141 12
155 5
122 11
147 10
23 9
12 8
33 10
28 15
120 20
173 8
64 9
57 13
19 11
163 9
121 15
60 8
161 5
181 7
17 8
149 16
133 6
171 5
43 12
44 8
197 8
195 16
128 6
52 9
169 5
79 8
4 3
45 9
94 6
83 11
84 6
107 3
77 10
10 15
86 10
1 4
16 10
183 9
67 7
20 8
75 10
136 4
37 6
164 5
player: 3 Individualist
182 17
91 12
147 13
129 8
80 9
143 13
46 10
177 14
160 14
41 16
44 14
120 12
193 13
11 10
161 11
78 12
54 12
71 10
90 9
199 9
27 10
7 7
75 10
16 8
43 15
192 8
68 10
83 16
26 14
24 20
139 13
104 17
168 13
93 11
156 5
49 8
13 10
96 8
66 9
50 13
77 11
55 9
61 10
198 10
186 10
86 9
74 12
131 7
60 8
64 7
107 7
158 11
6 11
118 10
108 13
47 10
171 11
70 11
194 7
102 9
4 11
136 9
48 19
58 7
187 9
195 19
56 7
145 15
140 8
149 6
188 7
9 9
178 9
94 8
151 11
34 7
191 3
101 9
67 8
116 12
103 9
25 13
85 9
79 9
174 11
159 17
175 11
164 14
59 13
1 6
114 9
141 9
88 13
29 7
15 11
126 15
12 13
166 12
84 12
185 12
100 18
95 12
72 6
53 9
105 8
110 11
81 11
170 13
31 8
92 9
122 13
5 13
112 11
183 5
113 15
152 11
119 11
21 6
189 9
63 5
130 5
181 17
38 10
28 13
179 15
45 9
18 13
36 9
35 12
19 10
146 8
22 12
124 10
14 4
51 5
135 10
37 8
106 12
125 6
8 6
117 7
76 12
17 8
42 12
10 6
196 3
123 9
155 8
132 14
144 8
167 9
98 18
169 5
82 11
30 9
165 12
137 7
57 11
73 10
197 6
127 9
109 11
115 10
157 13
142 7
87 12
128 9
163 14
62 6
134 9
99 13
176 11
180 7
69 9
97 11
33 9
32 9
52 7
138 8
162 11
173 8
190 3
2 11
133 7
154 12
111 7
150 10
184 12
65 12
153 6
172 5
148 4
121 8
3 7
89 8
23 10
40 5
20 7
39 6
player: 4 Individualist
12 9
5 14
10 15
53 20
125 9
174 14
61 15
144 8
185 16
37 10
41 19
151 10
67 9
178 16
79 11
124 7
87 13
19 14
102 12
153 21
161 11
51 12
122 13
179 12
191 10
63 8
141 13
74 10
155 5
16 16
95 5
184 10
129 14
18 10
162 10
52 6
195 18
157 9
146 9
137 17
150 16
152 13
31 13
44 15
176 9
78 9
171 12
145 10
32 6
117 5
76 9
21 9
142 14
140 12
89 7
86 11
130 5
114 9
112 7
159 8
6 9
49 6
22 9
85 10
40 10
169 11
190 10
133 13
132 5
120 9
8 13
116 7
147 10
119 14
98 14
3 10
91 7
46 16
143 8
75 9
58 8
165 10
163 10
139 11
108 8
138 8
43 15
158 10
181 11
65 9
123 15
42 10
136 10
164 12
70 12
172 11
81 12
154 9
27 12
1 5
110 18
94 11
69 11
175 12
197 9
199 5
128 7
47 8
60 10
109 7
13 11
127 15
24 10
183 6
134 8
59 11
84 12
167 9
66 15
118 9
188 4
103 4
54 16
189 5
113 7
88 12
148 5
170 11
48 7
38 7
71 15
93 8
56 9
168 12
187 8
62 6
111 12
83 10
97 7
106 11
96 7
39 14
29 13
166 13
194 5
182 10
80 13
14 13
4 4
73 9
149 11
30 14
101 10
23 8
28 13
64 6
180 13
57 9
33 15
35 5
25 5
77 13
55 13
68 14
104 7
192 7
2 8
7 18
92 7
99 6
115 11
107 9
105 6
131 8
82 13
15 9
34 13
196 5
20 4
177 6
135 9
126 6
17 3
36 5
72 8
121 11
173 10
198 9
193 10
50 9
90 8
26 5
11 7
100 9
160 8
156 9
9 4
186 5
45 11
player: 11 Individualist
167 11
55 10
165 16
123 15
148 12
88 14
136 8
181 11
158 11
99 13
106 11
171 8
93 9
16 14
108 11
170 7
78 10
90 7
53 8
28 14
84 14
107 13
172 4
80 11
143 13
48 10
59 9
185 10
18 10
109 15
157 6
38 13
118 11
122 9
132 17
75 11
194 12
129 18
117 21
3 9
186 9
92 9
140 13
15 11
134 11
14 7
113 12
85 10
116 11
100 14
150 10
40 9
21 9
63 10
173 11
195 17
45 7
6 16
94 14
35 8
101 16
114 11
8 10
58 7
198 10
141 16
152 13
182 11
131 5
125 8
23 9
192 11
177 11
54 12
102 12
11 3
34 8
9 7
128 10
103 11
184 13
10 15
68 6
60 10
17 6
147 7
161 3
154 13
142 9
120 14
105 19
124 9
7 16
46 12
153 9
138 12
180 19
77 7
168 8
65 7
87 11
56 12
37 11
110 7
67 12
26 14
91 12
156 10
89 13
73 12
20 15
30 6
82 11
43 10
32 8
130 9
197 7
133 10
189 6
50 14
57 7
191 5
112 9
179 13
111 8
193 12
27 10
137 10
151 5
66 10
72 8
71 8
162 8
51 18
104 7
95 7
169 12
74 12
33 14
160 9
178 11
86 7
98 9
81 9
163 10
135 8
31 6
47 7
127 5
70 7
22 15
126 12
164 8
64 6
199 6
145 7
190 12
146 13
4 8
29 8
76 14
83 7
12 10
188 15
24 9
139 10
13 9
19 7
62 6
52 5
61 10
96 9
175 8
69 13
2 11
166 8
97 7
1 5
149 7
115 4
174 10
44 6
5 12
36 9
42 11
119 10
39 13
121 6
183 10
41 14
196 4
155 7
49 10
187 5
25 10
159 8
144 3
176 5
79 8
player: 15 Individualist
162 10
10 12
149 10
39 10
41 11
171 11
112 13
23 7
48 16
130 12
134 11
77 14
105 10
152 15
146 20
83 5
54 9
165 10
170 10
108 15
76 9
12 15
179 8
3 11
59 8
193 13
167 6
173 6
199 8
29 15
141 14
58 11
63 9
53 17
176 10
144 13
180 9
154 12
157 6
129 9
131 12
158 8
38 12
79 9
97 9
86 10
148 12
85 8
117 11
26 13
198 5
11 12
160 15
147 9
57 10
42 12
40 11
89 10
96 10
45 8
188 19
161 15
106 13
109 9
43 9
44 16
16 13
70 9
107 7
30 4
22 8
191 17
194 12
73 10
175 8
113 13
52 17
24 7
136 11
5 20
111 6
33 10
163 20
6 19
118 11
32 13
116 9
19 10
28 7
110 10
178 11
139 8
185 11
138 12
98 13
9 13
143 8
78 10
69 5
47 5
46 8
15 10
103 10
120 11
153 7
126 14
135 8
65 6
21 9
75 12
183 9
174 11
51 11
25 8
2 10
137 5
31 7
164 16
132 12
17 9
67 11
123 12
87 5
121 8
115 8
71 12
124 16
145 10
1 8
142 9
68 8
169 10
94 5
56 14
74 9
195 19
62 11
50 9
196 4
127 9
93 7
133 13
66 5
189 10
197 10
125 14
186 8
8 9
60 9
88 7
37 14
95 6
36 14
80 8
100 8
81 6
172 11
177 10
14 5
90 12
128 3
72 8
168 9
114 14
34 9
104 13
7 6
166 14
102 9
184 13
82 16
190 7
155 7
150 8
84 3
55 7
181 10
192 8
140 5
49 8
159 6
64 11
13 14
91 12
20 10
18 7
156 8
92 11
27 10
4 8
151 6
122 7
119 7
182 10
101 7
35 7
99 5
187 5
61 2
player: 8 Individualist
69 23
183 8
67 10
193 16
151 9
64 10
153 9
173 9
154 9
160 17
120 12
101 12
6 10
16 18
188 15
10 7
4 6
13 12
58 11
56 12
94 12
71 12
30 10
2 7
55 5
148 14
61 10
194 13
50 7
137 11
78 10
7 18
139 5
150 10
117 11
163 9
88 11
47 12
176 16
21 8
116 14
45 11
42 10
178 16
149 13
114 14
127 11
51 12
41 10
106 14
85 9
77 11
136 17
170 8
155 15
147 11
25 15
192 13
161 7
135 9
140 8
90 12
17 6
138 13
89 7
84 5
107 11
191 9
103 11
82 7
113 15
62 10
68 9
144 10
81 10
145 10
28 10
39 14
123 16
32 14
76 9
125 15
112 10
111 6
35 11
168 13
105 11
143 11
18 9
31 6
175 7
22 18
33 11
109 4
65 13
180 10
110 13
29 9
52 16
3 8
73 9
181 8
142 15
104 10
95 10
195 8
24 6
102 10
171 12
98 12
118 13
12 9
184 21
96 11
26 9
63 7
131 8
70 13
197 9
46 7
60 12
141 5
75 8
38 11
44 9
79 10
27 11
172 10
157 12
72 11
182 5
37 7
49 10
5 20
108 5
128 12
20 8
166 13
133 11
134 9
126 9
167 4
129 7
83 7
97 6
185 11
187 5
158 12
190 7
179 10
91 10
100 6
92 11
66 8
14 7
174 9
1 7
57 11
198 12
43 6
87 4
8 7
23 8
48 13
130 9
121 12
40 8
19 4
99 12
34 12
162 12
9 5
169 9
115 6
59 9
36 9
177 13
146 7
54 5
124 11
80 13
152 7
196 5
74 13
156 9
159 7
189 12
93 4
86 11
186 5
132 8
119 7
11 5
164 6
53 8
122 10
15 12
199 4
165 5
player: 6 Individualist
29 12
112 14
8 17
190 12
79 16
93 18
19 10
166 13
80 4
28 12
17 7
193 23
6 10
198 11
143 11
47 15
149 6
183 8
70 11
43 10
53 11
133 12
94 8
59 8
20 8
44 12
177 9
77 17
116 5
65 12
169 15
5 18
113 10
99 10
100 8
139 7
73 12
144 10
48 11
21 7
161 8
85 11
69 10
88 11
42 14
155 7
98 16
31 5
167 9
195 14
188 12
120 17
178 12
104 11
4 5
125 12
13 4
33 14
40 7
63 9
103 15
25 13
131 13
35 11
150 9
159 10
153 6
2 8
62 12
185 7
123 6
114 15
110 5
128 14
74 17
1 9
7 21
3 9
180 8
192 9
109 11
117 14
197 10
124 9
108 9
187 11
127 11
51 15
168 9
140 8
54 7
101 10
60 12
39 10
102 7
170 11
16 16
34 14
38 7
81 16
172 12
55 10
176 8
91 11
84 14
67 8
184 7
130 11
45 10
106 14
138 8
146 13
142 12
36 9
23 12
148 9
147 7
126 17
173 14
89 9
118 9
37 10
78 9
194 18
15 10
11 10
10 10
12 12
66 6
135 6
86 15
160 6
152 10
82 9
165 7
129 7
157 6
137 6
156 12
179 8
162 14
61 11
76 10
26 11
9 8
83 13
52 11
171 12
46 7
50 10
96 12
163 12
141 6
90 11
175 6
111 9
196 8
68 12
182 9
71 9
57 13
72 9
164 6
136 10
181 7
115 6
49 7
105 6
174 9
186 14
191 9
24 8
30 10
32 4
145 11
92 9
158 5
154 9
119 8
14 6
122 8
95 9
121 7
22 6
64 7
134 7
132 9
199 2
97 5
56 7
75 9
41 10
107 7
87 12
189 8
18 9
27 6
151 5
58 7
player: 7 Individualist
121 12
62 8
143 11
25 14
157 16
74 8
175 12
36 12
70 15
142 5
160 6
183 7
54 12
128 5
12 25
9 13
60 4
173 12
165 8
44 10
195 17
136 7
167 10
116 18
146 10
65 9
77 6
6 12
174 11
90 13
39 13
43 11
189 9
130 11
113 11
37 15
177 12
163 12
58 11
184 10
82 12
80 13
95 5
68 10
55 7
132 12
38 6
2 9
135 12
123 9
104 8
119 15
94 11
122 10
107 11
126 9
88 14
11 14
30 14
169 10
97 9
115 12
3 11
46 19
129 9
154 9
8 5
71 8
29 8
15 14
152 10
49 7
27 9
150 10
131 14
45 16
134 12
193 15
84 15
149 8
108 14
32 17
103 8
168 7
92 5
7 16
51 22
21 12
5 19
190 12
16 15
99 8
105 10
166 12
85 13
192 6
109 15
162 8
141 12
18 9
117 13
100 14
72 14
79 16
59 6
14 4
114 16
19 7
158 11
34 5
151 14
179 9
124 9
69 11
1 5
178 12
133 15
73 9
67 10
110 8
125 8
191 9
181 9
78 11
31 9
172 11
96 8
28 13
185 6
75 11
111 14
35 10
155 7
147 10
188 8
52 9
64 10
101 10
42 11
23 7
87 12
170 11
50 8
89 7
20 9
161 14
196 7
91 9
180 8
41 10
112 7
93 8
86 10
61 5
56 9
159 6
17 8
153 7
83 7
47 15
24 3
148 10
198 8
156 10
102 11
120 9
138 9
127 14
48 13
33 10
66 10
139 13
106 10
199 10
4 9
171 6
197 10
176 6
145 6
140 5
53 3
40 13
13 9
22 7
26 7
186 8
194 4
57 9
76 5
144 8
81 3
182 6
164 8
10 8
98 8
137 8
118 3
63 8
187 3
player: 12 Individualist
139 11
178 11
2 13
116 8
136 10
34 9
151 7
7 12
134 7
147 8
153 15
73 12
59 14
28 12
74 9
173 13
137 15
87 7
30 10
21 7
60 8
80 10
20 12
194 12
181 12
43 8
24 13
199 6
102 15
103 8
152 9
143 8
123 10
182 8
193 19
85 10
68 6
145 11
38 5
98 10
127 7
105 15
186 9
78 13
191 9
41 12
49 7
19 9
1 10
36 8
37 15
158 14
93 10
92 14
6 10
58 7
18 16
164 12
26 10
135 14
161 13
144 12
184 11
130 16
171 11
133 13
128 8
70 10
148 9
35 7
108 8
114 13
196 8
9 5
96 15
62 11
69 9
22 10
125 11
33 16
177 13
67 9
163 9
131 12
165 5
142 14
138 12
129 13
106 10
124 16
89 11
65 13
14 5
75 6
63 12
10 10
195 17
84 7
154 10
39 7
71 10
132 11
54 11
192 8
185 6
166 20
32 15
76 12
111 11
29 16
44 10
162 10
88 6
47 11
141 11
50 11
156 10
53 7
4 9
120 11
23 7
55 12
167 14
91 5
48 8
57 12
17 9
13 10
81 8
97 14
159 8
169 13
180 10
3 10
61 6
146 11
99 8
140 6
110 8
77 10
155 11
27 7
157 8
15 11
112 10
168 10
79 11
121 15
95 9
117 7
16 14
45 12
118 11
170 9
109 12
5 14
90 9
183 15
113 13
100 10
25 5
188 11
119 7
174 11
66 6
126 9
175 4
115 8
149 12
83 11
31 11
82 9
160 10
40 8
51 8
42 11
94 9
189 10
72 8
86 5
56 8
11 9
122 7
12 8
190 3
176 13
52 10
64 11
198 6
8 12
101 8
187 5
150 6
104 8
197 7
46 9
179 6
107 6
172 4
player: 10 Individualist
24 12
163 7
170 5
115 13
39 15
5 13
64 10
56 9
36 9
185 5
101 13
86 11
131 13
89 16
76 7
2 11
70 10
18 12
50 9
52 15
37 14
120 13
142 11
98 5
154 9
130 14
91 13
82 7
26 13
134 14
152 11
158 14
122 12
192 5
128 14
129 5
172 9
85 9
53 5
11 7
68 8
197 10
147 9
21 9
16 9
156 8
190 13
19 9
66 8
96 12
173 10
25 8
93 9
84 8
90 13
159 6
80 13
118 13
10 8
71 10
88 13
46 5
137 7
107 11
124 9
15 8
181 16
69 11
125 7
51 10
108 14
20 12
136 8
73 8
175 18
133 7
77 14
149 6
32 10
138 10
193 8
161 8
28 8
146 14
79 11
35 9
135 7
74 15
194 9
186 6
198 7
180 18
87 10
104 11
102 11
177 9
99 11
176 11
184 13
141 11
6 15
114 11
92 7
150 12
72 8
144 17
167 11
151 12
43 8
100 6
7 14
29 14
182 14
60 11
111 11
42 12
155 12
171 14
116 12
38 11
49 10
4 2
13 11
54 10
3 8
8 13
57 6
105 7
183 4
174 14
164 10
63 8
14 8
140 9
78 12
168 11
179 7
112 13
40 6
44 12
27 10
103 12
34 12
121 11
22 19
30 14
143 7
33 11
165 9
31 10
109 9
187 12
65 15
113 12
110 12
97 10
123 10
9 10
162 12
58 6
160 9
75 6
145 7
48 7
117 9
195 14
45 19
106 14
188 10
23 8
199 5
81 11
148 4
12 11
153 15
94 10
17 11
55 9
119 7
196 6
67 10
41 10
47 14
62 4
127 8
178 15
95 11
1 5
83 9
59 11
126 5
189 2
157 12
139 5
61 4
166 8
191 9
169 5
132 2
player: 0 Individualist
165 12
157 14
164 9
67 8
196 9
33 8
102 5
116 10
168 14
14 7
175 6
29 7
80 15
50 10
188 17
103 8
95 14
46 8
108 12
94 13
5 18
184 14
86 10
39 8
125 14
166 14
28 16
162 12
127 18
57 13
75 16
45 10
62 11
133 9
71 10
61 13
40 7
155 7
9 11
173 17
38 10
78 13
49 10
17 4
18 9
113 8
195 17
104 11
107 10
171 14
32 6
121 12
58 15
97 6
129 15
163 9
145 10
159 11
84 10
22 13
137 12
193 17
30 9
54 9
100 14
2 9
191 9
139 10
43 7
189 11
48 9
148 10
74 7
70 10
82 13
93 8
138 11
76 10
11 7
89 14
23 13
51 14
91 12
101 10
126 14
96 14
124 11
131 13
141 12
185 6
170 9
81 6
15 11
187 12
25 13
10 11
63 6
26 9
135 6
172 14
34 8
98 19
134 13
181 10
65 12
174 12
115 7
154 9
52 11
153 8
186 6
60 12
118 15
128 6
152 6
161 10
73 8
42 8
112 11
117 9
192 9
16 7
160 12
7 13
24 13
130 5
31 10
105 7
79 12
72 8
176 9
59 8
55 14
21 10
68 8
69 11
20 9
4 5
90 2
37 8
47 8
144 12
147 8
6 6
12 8
136 7
177 7
36 15
132 8
194 14
3 13
27 12
64 7
35 14
182 10
87 5
183 6
41 13
146 18
123 18
92 9
178 6
114 13
109 9
142 7
150 11
120 10
13 8
111 7
44 12
99 6
53 7
149 8
19 4
110 6
106 14
122 12
190 10
156 8
198 18
167 11
158 11
77 8
151 9
119 11
140 9
180 7
197 8
85 11
88 7
83 5
8 6
169 6
199 4
179 3
143 5
56 8
66 7
1 1
player: 17 Individualist
145 12
22 12
8 11
173 16
31 12
103 14
102 8
44 11
63 11
147 4
49 9
43 17
163 11
12 13
39 13
190 9
157 18
105 11
89 3
149 8
153 12
185 10
82 14
37 13
42 13
15 11
112 10
16 8
193 8
98 14
143 10
54 10
132 9
13 14
34 14
5 15
17 8
184 14
94 14
111 10
175 6
169 8
55 6
56 8
97 11
172 10
79 13
27 9
83 15
18 16
24 10
21 10
85 12
150 10
113 9
199 6
70 9
45 8
179 9
160 12
76 11
155 3
101 11
131 10
139 12
6 16
148 15
60 7
141 13
3 6
138 10
93 9
10 13
128 9
46 7
134 11
176 12
186 4
108 15
188 11
162 11
168 12
23 5
181 3
11 4
90 6
140 15
81 11
121 10
104 9
71 10
88 15
152 5
127 4
165 12
96 14
119 9
91 6
72 12
62 13
50 11
177 11
40 10
120 9
58 11
74 11
178 20
36 15
61 14
167 12
170 12
77 9
99 13
7 17
126 14
52 11
194 7
159 7
67 8
109 7
123 8
59 5
198 13
14 6
151 9
182 8
171 9
30 12
124 12
80 8
158 14
66 14
129 11
192 11
110 10
187 6
156 11
33 5
100 6
75 7
65 14
133 5
180 10
2 15
122 14
38 9
47 4
64 13
197 10
48 8
41 13
87 8
135 9
29 10
19 12
174 5
118 12
146 13
92 8
189 5
26 10
4 12
166 12
136 11
183 7
137 17
106 9
51 6
161 11
57 6
195 16
142 13
154 6
95 10
9 10
125 5
115 6
53 11
20 4
69 10
144 9
73 6
84 4
28 12
1 4
25 12
35 10
68 13
114 7
164 9
32 9
107 9
78 8
116 12
86 13
191 6
130 5
196 2
117 5
player: 2 Individualist
103 5
68 14
190 11
197 8
134 13
193 9
19 7
157 16
163 16
145 8
170 10
95 11
53 12
117 11
177 10
182 17
41 8
32 12
51 5
135 12
65 10
70 11
30 8
180 7
54 11
97 15
2 9
46 9
75 9
168 6
181 12
199 5
55 5
160 9
136 12
64 10
155 14
149 15
188 6
107 9
77 13
99 9
81 13
38 14
125 9
184 9
59 11
120 14
153 5
112 9
147 13
18 13
5 17
100 11
140 11
9 11
121 10
146 9
127 12
17 13
79 11
69 11
88 10
76 9
45 16
6 11
3 11
108 13
110 12
7 11
11 9
124 7
156 12
172 12
101 14
118 7
105 9
37 15
15 5
93 11
164 11
141 10
165 10
8 17
83 11
62 10
104 12
44 11
48 9
131 6
40 10
111 14
71 11
36 10
96 11
24 14
14 8
56 5
67 18
183 5
130 9
21 9
26 10
35 17
179 3
92 13
126 9
106 9
123 8
87 9
114 13
152 12
22 5
128 12
1 11
28 8
90 10
132 5
189 7
169 12
23 14
162 11
50 15
20 10
58 16
82 9
167 18
52 11
74 8
144 10
60 10
174 8
161 11
133 11
84 15
176 13
154 9
61 9
25 13
116 11
43 13
173 12
119 15
13 10
85 9
80 8
129 11
148 12
109 16
73 6
122 7
49 14
166 7
175 7
63 12
78 5
33 11
39 14
143 8
42 12
72 2
171 15
158 7
142 6
150 9
16 14
186 6
187 9
151 7
191 4
102 6
89 13
198 8
195 21
98 7
139 12
47 5
196 5
12 9
178 9
66 6
137 9
159 7
194 13
57 7
192 8
138 7
91 9
31 8
86 9
94 6
185 6
27 7
34 7
115 7
10 2
4 5
113 7
29 2
player: 5 Individualist
44 18
66 11
54 6
62 8
126 4
135 14
182 12
194 15
8 11
145 11
187 11
136 10
94 11
39 10
115 12
193 13
177 13
159 13
76 17
180 12
98 10
121 8
80 8
120 13
186 7
61 7
138 9
152 13
16 16
69 9
27 9
95 11
170 12
122 14
19 9
64 12
26 10
79 12
34 12
51 6
141 8
107 11
191 10
158 13
127 7
88 10
117 9
10 14
84 9
123 4
178 15
130 7
164 12
179 11
40 10
60 12
118 12
149 9
47 5
184 12
160 5
48 10
173 4
56 18
176 11
13 11
150 9
183 7
22 8
18 15
147 10
2 12
190 10
142 12
153 16
5 26
185 12
78 12
90 11
28 11
32 14
25 11
146 13
162 7
38 9
23 13
196 6
148 14
105 11
3 12
125 9
71 16
45 11
197 10
132 6
195 16
103 8
168 10
198 8
41 12
15 10
131 8
154 13
7 14
143 10
192 9
116 12
30 8
82 2
46 14
151 7
134 10
167 15
101 15
157 17
166 9
111 9
11 6
65 8
6 7
24 14
58 7
49 12
17 10
139 14
83 11
4 8
106 11
67 12
128 12
112 7
100 14
161 5
89 4
163 8
12 10
63 8
42 13
55 12
36 15
37 5
102 7
155 10
73 9
91 6
165 14
172 13
114 14
133 14
181 9
52 9
21 11
99 4
87 10
174 7
137 10
35 11
85 10
20 5
113 9
81 8
104 10
33 18
75 6
124 5
175 9
72 12
110 7
50 6
53 6
1 4
77 10
59 8
97 9
29 11
108 11
119 8
43 6
96 11
144 13
129 4
109 10
169 12
93 5
14 10
9 10
199 5
31 7
140 4
57 3
156 6
86 10
70 13
171 6
92 11
68 7
74 6
188 6
189 5
player: 16 Individualist
130 8
112 14
155 8
168 16
76 13
156 12
25 11
125 11
81 13
17 12
35 9
193 18
140 10
199 8
50 5
133 7
62 11
160 9
159 14
186 7
64 10
8 14
9 12
7 15
68 8
161 11
108 11
100 13
31 11
83 6
18 9
138 4
16 15
44 6
90 9
115 8
69 12
117 9
150 13
179 12
84 13
95 12
19 6
110 15
40 6
22 9
162 8
145 6
97 7
77 18
27 9
164 18
74 9
92 10
105 8
82 9
144 10
93 9
59 15
101 7
116 11
169 11
5 17
175 11
30 8
78 9
51 6
190 11
136 11
137 10
147 13
49 12
153 12
12 20
120 9
24 7
26 13
45 7
172 17
107 11
3 8
66 9
170 17
33 14
148 11
71 9
131 10
192 10
180 14
174 11
88 18
167 11
134 7
1 6
166 8
178 5
123 11
36 17
163 13
11 6
104 13
141 13
91 9
39 15
176 11
96 11
111 11
10 7
181 9
119 11
15 13
197 11
129 8
106 9
61 13
189 9
94 8
75 11
37 7
103 11
195 17
142 14
198 11
79 8
135 6
55 8
157 4
67 7
99 10
146 10
56 8
128 15
149 10
182 10
38 18
34 10
132 11
14 9
29 11
46 6
185 18
58 12
86 14
98 4
63 6
177 7
28 4
121 14
54 12
139 14
124 7
89 7
143 10
20 3
188 12
118 13
2 7
21 9
80 7
152 13
87 9
43 7
102 10
32 6
184 17
151 8
171 11
53 6
73 7
183 10
41 7
194 9
47 7
65 8
70 9
6 7
48 13
109 8
23 11
191 12
158 9
127 11
60 7
165 6
173 10
114 12
196 6
187 7
85 7
122 9
52 10
42 7
126 8
57 11
4 2
113 5
13 8
154 5
72 3
rank player: 9 Individualist
1 120
13 120
9 108
8 101
10 108
5 120
17 83
12 121
7 119
4 101
6 109
14 106
15 114
11 117
16 111
18 113
2 125
3 104
rank player: 1 Individualist
8 131
4 101
17 110
6 91
9 103
10 116
1 111
11 123
3 110
5 126
14 108
7 103
18 108
12 98
15 124
13 121
16 92
2 124
rank player: 14 Individualist
13 115
14 119
5 113
4 116
17 115
1 109
7 117
18 122
15 111
6 121
3 108
8 116
16 119
2 100
11 95
12 102
9 103
10 99
rank player: 13 Individualist
17 107
5 100
6 112
7 127
1 110
10 100
4 112
14 121
11 121
3 93
8 109
2 111
12 111
18 129
15 108
9 110
16 102
13 117
rank player: 3 Individualist
18 108
10 112
11 95
12 121
7 112
4 98
15 105
16 132
5 123
17 113
1 104
9 128
2 101
3 105
8 115
14 108
6 112
13 108
rank player: 4 Individualist
2 105
1 111
4 115
3 122
11 110
16 105
7 123
12 113
18 112
14 120
6 103
17 104
10 111
9 107
15 108
5 124
13 106
8 101
rank player: 11 Individualist
16 105
6 106
14 100
11 105
15 108
7 116
12 131
9 126
17 116
4 115
13 101
10 126
5 110
3 99
8 107
2 113
18 104
1 112
rank player: 15 Individualist
14 103
2 119
12 102
4 106
15 119
11 122
3 106
6 111
10 99
8 104
16 114
13 103
18 113
17 125
9 113
7 107
5 114
1 120
rank player: 8 Individualist
6 109
18 106
8 126
17 116
16 108
5 124
14 101
12 111
15 114
10 107
1 102
3 120
2 98
7 113
11 103
13 127
4 98
9 117
rank player: 6 Individualist
4 124
11 127
3 89
16 99
8 102
2 123
13 100
9 97
1 116
18 116
12 111
15 107
5 110
7 134
6 118
17 114
14 100
10 113
rank player: 7 Individualist
9 137
7 101
10 118
1 116
17 122
6 128
16 89
8 97
3 117
14 111
15 95
11 102
2 117
4 125
5 93
18 99
13 119
12 114
rank player: 12 Individualist
11 107
17 100
1 111
9 110
14 129
3 123
13 108
2 107
16 128
7 98
15 111
5 106
6 107
18 107
10 120
12 104
4 105
8 119
rank player: 10 Individualist
3 129
16 101
10 120
1 99
8 121
5 117
18 92
9 118
4 112
12 104
6 113
11 107
13 121
2 105
7 97
14 115
15 101
17 128
rank player: 0 Individualist
15 114
5 93
18 120
2 98
9 99
17 108
1 104
8 114
12 138
13 113
11 118
16 120
6 113
14 115
4 110
7 117
3 107
10 99
rank player: 17 Individualist
12 96
3 113
2 116
15 111
9 95
10 115
7 99
6 129
5 108
14 120
16 121
11 113
13 108
18 100
17 103
4 129
1 114
8 110
rank player: 2 Individualist
7 108
9 108
18 104
13 108
3 125
17 91
14 97
16 116
15 122
11 119
10 130
4 121
6 110
12 112
2 109
5 112
8 100
1 108
rank player: 5 Individualist
5 113
8 111
7 109
4 108
12 103
11 109
18 124
2 136
13 107
10 96
6 99
9 110
17 107
16 117
1 117
14 109
3 111
15 114
rank player: 16 Individualist
10 111
12 108
13 98
14 118
6 109
15 114
4 104
8 116
2 93
3 119
16 121
18 123
5 94
7 100
17 138
1 116
9 111
11 107
