player: 10 Competitive
35 12
149 13
46 8
158 8
132 6
70 19
168 10
156 16
72 10
177 15
21 14
122 9
163 6
129 12
34 24
194 12
175 11
13 11
148 16
91 13
196 22
79 13
68 14
147 15
75 12
9 11
135 8
133 17
82 9
62 14
100 11
112 12
123 12
130 17
22 14
33 15
5 8
16 10
101 9
1 15
146 13
17 14
150 7
55 10
113 10
108 6
31 16
41 7
185 10
161 13
134 10
109 10
32 4
166 8
124 13
39 6
97 10
131 16
15 11
85 8
119 14
56 8
105 11
40 13
18 8
121 7
89 10
20 10
195 13
141 11
107 8
94 10
125 14
92 6
139 5
64 16
103 15
154 10
136 10
76 8
12 14
2 10
95 9
25 7
197 16
69 18
167 8
188 10
77 8
151 13
138 10
61 6
144 12
152 15
59 14
172 12
23 12
87 9
184 9
86 13
10 6
99 10
160 5
4 12
63 13
110 7
143 8
88 8
50 12
186 6
26 9
104 6
71 12
198 7
6 8
73 15
183 12
24 11
29 4
191 13
165 7
84 6
83 12
173 10
153 7
179 20
93 10
199 12
80 7
189 7
3 11
57 5
180 14
115 9
52 12
193 11
162 16
65 9
53 10
118 9
47 4
36 17
145 12
30 11
102 6
187 16
114 9
67 8
111 13
90 9
127 10
164 14
169 9
48 10
28 7
45 2
170 11
174 14
171 6
128 6
8 9
142 6
181 18
106 9
81 10
182 11
14 6
60 2
96 11
38 9
43 6
37 13
78 6
54 3
44 5
178 8
157 8
126 5
74 8
58 5
98 8
66 5
137 2
192 8
19 7
27 10
159 8
176 10
140 4
42 10
11 5
155 7
51 6
116 10
190 6
7 5
49 3
117 5
120 4
player: 8 Competitive
115 10
96 14
64 8
76 9
3 5
6 9
50 6
150 13
168 8
132 16
193 14
68 12
65 13
183 9
33 9
104 11
138 11
157 11
25 5
17 15
154 15
137 8
78 12
142 10
74 7
151 16
73 10
35 15
130 13
70 9
11 14
135 10
166 9
77 8
9 13
54 14
67 18
79 9
149 10
182 9
152 8
107 10
56 8
129 8
89 13
171 9
191 15
187 13
110 10
30 10
198 12
169 11
133 15
46 9
62 12
145 14
184 16
139 12
47 10
24 9
97 12
164 7
16 12
1 16
80 8
155 14
181 12
66 7
134 12
15 12
27 8
38 9
185 10
112 9
177 16
29 11
23 13
87 11
19 15
7 8
123 15
120 11
45 10
4 19
194 11
108 10
147 11
34 13
109 9
113 5
196 13
36 8
189 15
101 8
143 15
188 10
99 10
131 7
144 12
31 17
176 9
5 8
162 11
98 12
92 7
21 15
160 13
57 11
37 10
63 10
93 5
91 10
55 10
141 7
173 13
100 16
58 6
81 9
106 13
121 7
60 10
186 12
51 11
170 20
146 12
117 7
72 9
69 8
59 6
192 8
10 10
167 9
13 17
84 8
197 11
128 9
124 17
122 10
86 10
49 8
88 14
148 10
42 11
180 10
41 9
22 6
175 7
12 9
136 6
90 6
26 11
118 9
61 10
52 11
111 9
40 7
156 12
105 9
103 8
53 11
32 10
161 12
39 9
82 8
163 8
114 7
102 6
159 9
125 7
174 15
140 6
195 7
44 14
172 7
165 13
179 7
190 9
14 6
28 7
2 8
18 7
94 6
119 6
127 6
126 4
20 8
43 8
48 7
95 4
178 5
85 4
83 6
158 6
71 8
8 9
75 6
153 5
116 5
199 4
player: 11 Competitive
13 12
18 14
24 15
51 12
166 19
124 9
56 3
49 18
136 9
169 9
187 15
192 9
160 12
10 7
15 9
140 12
34 12
142 10
67 10
6 10
81 8
41 11
101 11
85 16
161 9
128 6
184 12
5 7
27 13
170 10
38 14
7 8
126 8
77 17
44 8
199 10
141 7
95 17
72 9
65 8
197 21
64 9
30 14
159 11
173 7
114 16
123 16
88 11
157 10
196 16
93 12
1 8
103 12
75 7
174 12
153 3
131 14
110 8
116 6
156 9
36 3
16 9
115 12
125 10
154 5
2 6
130 15
172 9
148 16
46 10
8 5
183 11
29 7
98 12
43 23
118 11
71 13
92 14
91 15
127 8
3 10
179 8
87 7
69 9
163 10
54 12
162 7
107 16
134 12
21 11
45 12
190 6
58 8
143 14
150 8
42 13
40 12
26 6
133 13
63 14
28 8
109 10
11 10
158 5
120 10
102 12
53 8
78 12
119 10
138 7
4 19
111 12
55 16
181 14
105 7
31 9
89 7
152 8
97 9
139 9
171 10
99 12
194 10
164 10
19 14
113 15
122 7
86 10
168 10
83 9
37 4
112 15
17 8
104 8
191 13
22 4
59 7
39 10
25 4
180 11
35 8
33 10
145 17
79 7
9 12
70 4
73 8
74 7
48 15
52 5
82 11
100 12
61 7
185 14
155 14
146 8
176 12
193 14
198 1
94 8
186 10
80 12
132 10
108 11
66 7
76 7
177 14
106 7
165 9
14 14
32 9
96 13
175 9
151 6
68 11
137 11
149 11
135 6
195 11
20 12
23 10
47 10
90 7
147 5
121 10
50 5
144 7
167 6
57 8
12 6
62 10
117 5
178 10
129 9
60 11
188 3
84 7
189 2
182 3
player: 9 Competitive
95 5
55 17
104 3
109 15
53 11
74 12
103 8
38 11
52 11
185 15
3 13
71 10
178 8
108 4
113 15
69 13
87 9
171 4
159 12
21 8
70 7
130 19
57 8
133 10
100 12
29 9
1 9
81 13
23 11
15 14
144 9
172 9
195 7
173 5
31 19
22 10
6 9
179 13
137 15
76 7
132 17
106 11
107 6
169 10
141 11
139 8
89 14
197 11
196 12
123 9
12 8
155 7
184 8
186 6
79 10
78 20
30 17
17 10
127 15
40 7
146 8
65 13
84 15
86 15
96 12
92 13
174 12
182 4
51 9
67 10
147 12
25 9
161 18
9 18
128 11
138 15
35 6
66 10
8 12
54 9
192 13
188 7
90 13
93 10
94 11
11 8
102 11
2 5
151 16
181 8
198 5
62 10
156 11
119 7
154 9
26 13
164 5
117 8
167 11
111 14
13 7
64 10
191 9
63 8
18 6
56 17
177 9
5 10
176 13
180 13
47 8
88 14
114 11
165 12
44 10
72 13
73 11
145 9
112 9
116 11
118 8
126 12
59 10
24 8
121 9
120 7
33 11
105 16
77 11
187 9
163 10
61 15
125 11
140 10
4 11
85 12
160 10
170 11
16 4
183 13
190 6
101 12
34 9
115 6
142 8
7 6
98 11
135 8
20 8
49 9
19 8
124 10
60 9
162 15
153 10
152 6
99 11
122 9
166 9
199 8
110 12
149 18
75 4
131 11
68 10
148 9
27 10
50 3
193 8
158 15
82 14
168 11
80 12
10 12
14 8
46 5
43 7
39 6
134 14
83 4
37 15
28 10
136 7
42 11
194 7
32 10
45 8
48 10
189 8
41 6
157 8
58 8
91 6
129 5
36 9
175 5
150 5
97 8
143 3
player: 3 Altruist
13 13
4 16
97 11
114 14
197 14
137 10
10 7
132 5
62 15
138 9
116 10
192 13
86 14
182 8
98 11
31 10
20 13
166 11
144 9
27 16
6 8
78 15
5 11
37 7
42 15
71 13
127 6
33 13
77 12
11 12
161 8
15 11
103 15
81 11
187 10
146 8
130 8
147 5
142 14
35 4
66 14
55 14
67 8
112 13
89 11
121 12
135 8
178 8
143 7
24 6
17 12
195 15
79 11
185 9
110 11
18 9
199 10
2 11
111 14
48 10
47 6
176 10
50 13
157 11
68 15
90 9
162 10
151 5
171 11
152 9
44 15
28 13
184 11
172 13
133 6
159 11
83 10
134 9
107 11
30 18
60 12
70 17
88 17
95 8
125 18
3 8
198 6
194 9
101 7
56 4
179 9
65 8
82 12
119 9
69 10
25 5
158 12
167 8
183 7
96 8
91 14
120 15
169 11
49 14
117 16
94 16
7 10
92 9
118 13
165 9
174 7
53 16
150 9
21 11
36 11
73 12
193 4
108 18
52 9
131 17
22 6
139 10
19 10
141 11
105 12
16 10
186 8
99 12
93 14
54 7
196 16
58 7
14 7
148 12
100 11
84 12
180 12
8 11
156 11
177 14
124 10
173 9
104 13
57 12
85 15
153 6
109 12
38 13
41 10
1 8
64 8
80 9
46 11
145 5
175 4
45 11
122 9
23 11
188 5
181 8
191 6
102 10
40 8
87 10
163 5
74 6
113 10
9 11
59 9
136 11
12 10
32 7
154 9
39 7
160 5
72 5
189 8
126 11
26 9
129 7
168 8
115 8
170 6
75 13
123 7
34 11
61 7
29 9
149 6
63 11
155 4
43 6
190 7
164 8
76 5
106 4
128 5
51 5
140 5
player: 5 Altruist
43 7
159 11
130 4
143 13
119 9
48 13
74 10
131 13
197 12
69 9
187 15
175 11
112 16
116 11
101 10
28 17
108 8
105 11
98 13
64 6
58 11
10 11
36 9
20 9
46 6
38 10
196 16
154 12
172 10
29 9
88 18
15 9
51 5
54 10
85 8
122 18
63 13
181 10
40 14
141 15
184 9
32 11
12 10
5 14
9 9
134 11
27 10
106 11
109 7
77 10
127 11
115 11
50 11
3 15
195 12
150 8
137 6
83 9
16 12
45 7
39 11
162 13
199 11
145 6
188 9
107 12
142 6
59 15
57 9
186 8
87 9
193 11
167 6
169 5
23 16
53 8
26 12
177 6
35 17
125 11
66 13
79 14
155 7
102 13
25 5
71 12
138 10
152 8
42 11
121 15
183 13
67 16
135 4
94 19
56 11
120 7
140 7
80 9
96 8
103 11
68 12
92 13
61 13
81 12
136 9
124 9
75 12
129 7
156 6
89 7
2 8
100 13
147 8
33 9
73 9
90 17
17 9
153 9
170 9
160 11
84 11
128 6
6 5
179 9
192 13
118 17
7 10
114 14
49 11
174 9
86 10
146 9
158 5
133 12
52 16
113 14
72 9
132 9
97 17
60 13
139 5
166 8
91 9
13 8
19 9
123 6
31 9
55 5
93 7
165 7
4 14
76 10
185 8
22 10
99 13
144 10
21 9
164 4
82 12
161 7
182 6
176 9
34 15
62 14
47 4
1 11
157 10
111 10
180 6
191 10
178 6
18 5
104 11
8 9
30 15
14 9
117 14
110 6
189 11
194 9
44 10
37 9
126 13
149 10
70 14
78 13
190 9
168 10
173 8
151 5
65 7
148 7
163 6
41 8
11 9
95 9
24 5
171 4
198 3
player: 7 Competitive
45 8
178 9
105 10
150 6
59 10
196 16
68 6
162 19
95 10
184 18
100 9
177 12
9 14
42 17
112 15
154 7
76 11
63 13
134 18
192 17
145 9
128 15
172 10
104 10
197 15
3 10
157 15
121 15
30 13
195 11
97 14
137 12
34 20
174 9
175 8
84 11
38 12
58 18
93 11
190 8
187 11
25 12
1 6
43 8
96 10
133 15
15 10
109 17
33 9
185 6
94 9
173 5
57 10
165 8
114 13
16 22
52 14
66 11
108 12
87 8
17 14
77 9
135 10
62 11
51 17
88 14
13 10
171 3
56 13
149 12
139 9
115 7
140 6
101 14
73 7
147 8
35 6
163 7
92 15
152 9
18 6
10 5
50 9
116 14
188 4
180 14
82 10
113 16
71 9
181 14
74 10
126 11
189 7
26 7
194 6
89 9
143 9
39 7
40 11
132 8
141 4
123 9
193 8
138 9
55 11
21 13
146 14
83 12
118 12
91 5
119 11
182 9
199 16
168 13
48 12
110 13
176 8
130 14
90 12
22 5
106 12
124 15
81 10
85 11
6 6
127 13
67 8
20 8
27 12
80 15
125 9
179 13
54 13
148 11
186 16
144 12
129 7
103 18
49 8
159 10
24 5
122 6
161 9
170 7
60 8
183 5
164 5
79 9
153 6
19 10
167 10
156 4
107 9
166 8
41 6
44 9
160 8
155 13
75 9
169 9
78 14
5 20
14 9
47 15
70 14
46 6
86 8
4 16
117 11
11 7
102 4
23 6
151 7
72 12
99 9
12 9
65 10
28 6
69 6
32 9
64 9
131 5
53 11
191 6
158 8
111 10
98 9
31 9
36 4
136 7
37 5
7 3
142 10
8 3
120 8
61 1
2 4
198 2
29 2
player: 2 Altruist
144 10
171 8
76 10
48 16
79 16
86 16
19 12
62 6
47 6
51 5
56 17
134 10
33 6
45 12
128 18
137 14
43 12
70 14
199 9
100 12
177 12
160 9
32 8
90 14
1 21
132 7
111 11
54 16
131 11
141 13
11 10
105 7
65 11
20 9
116 11
120 8
173 9
127 7
113 14
196 23
166 12
153 3
8 4
125 15
63 15
119 8
126 10
52 15
185 13
164 13
69 17
6 9
71 20
136 6
97 7
14 8
98 10
194 6
133 6
108 8
83 13
77 7
58 3
156 7
26 9
41 14
25 7
103 12
180 8
80 21
190 5
184 8
31 13
179 6
13 13
168 11
101 8
84 16
145 9
5 12
91 14
147 8
42 5
197 8
112 11
30 10
64 7
78 10
35 12
87 10
82 18
93 11
193 12
74 10
94 12
157 10
44 11
130 5
28 10
139 6
61 8
155 11
129 10
104 10
34 13
27 4
151 8
89 10
81 12
124 7
21 9
159 7
60 16
158 7
195 12
2 4
22 11
140 10
67 8
163 12
85 14
122 9
4 14
40 10
73 15
176 5
46 8
117 15
96 13
114 15
3 11
49 10
109 9
172 12
181 11
66 11
68 18
148 8
9 12
16 13
23 9
188 7
174 9
182 11
170 6
95 12
187 12
38 14
107 10
110 11
18 12
37 10
143 17
55 8
142 4
7 5
183 7
75 14
92 11
161 9
162 9
165 8
118 9
169 8
178 6
72 10
24 12
50 10
10 8
15 6
175 8
121 7
88 8
189 6
152 5
12 6
99 10
149 12
167 8
39 12
17 10
146 13
59 8
138 7
53 10
115 8
36 8
57 10
29 4
102 11
135 6
150 4
106 9
123 10
186 5
191 6
198 2
154 8
192 6
player: 0 Altruist
89 18
12 8
28 16
45 11
159 6
36 15
69 12
56 9
75 9
4 17
85 20
84 9
49 6
160 7
174 3
199 13
35 14
2 3
74 10
130 13
60 10
186 6
68 7
121 9
183 4
135 7
83 13
55 11
112 16
148 16
62 14
178 10
44 10
132 10
71 11
171 12
43 9
190 10
18 7
70 20
1 7
16 7
96 10
13 12
109 12
14 16
29 11
114 9
34 14
127 8
113 8
57 12
92 10
145 10
116 13
80 11
5 9
102 12
87 10
123 13
195 7
42 12
103 7
67 13
187 9
104 7
181 10
151 9
101 12
48 11
98 16
117 17
156 11
30 12
41 9
25 11
191 9
196 17
129 12
173 9
165 14
198 7
115 13
170 5
97 8
119 9
23 8
136 9
120 7
38 16
77 18
155 5
10 6
169 9
179 8
107 11
61 14
46 6
131 10
122 9
26 11
153 3
32 11
143 9
176 10
40 12
79 6
31 13
17 8
50 9
65 13
20 17
39 15
3 15
128 14
188 5
147 12
140 8
33 9
175 10
152 15
134 9
149 8
110 6
90 11
182 5
111 7
193 8
177 16
172 15
63 9
15 6
52 17
51 5
124 11
82 15
64 8
154 4
166 14
66 6
19 15
9 13
47 11
137 10
95 9
146 9
108 7
88 10
37 15
24 14
58 15
184 12
164 7
6 8
139 6
162 11
161 13
86 15
81 13
93 5
133 11
125 9
168 7
180 9
94 16
138 5
163 8
59 6
21 9
78 7
192 9
91 12
106 12
118 11
157 7
158 11
105 14
197 11
126 7
72 10
54 8
22 9
76 8
99 12
167 8
53 7
100 8
73 7
144 6
141 8
185 5
142 9
194 6
8 7
150 8
189 5
11 4
7 3
27 1
player: 6 Competitive
104 19
194 8
180 15
35 12
149 8
167 12
31 5
6 9
169 15
59 11
123 13
164 9
56 21
162 11
70 9
142 10
78 9
116 12
40 13
44 17
30 12
43 7
94 10
144 18
37 7
95 10
49 10
67 11
86 13
98 7
127 13
77 5
38 16
58 7
52 11
189 11
25 6
174 8
12 14
165 11
132 12
8 11
88 15
4 13
160 10
91 9
119 12
150 12
81 16
171 2
109 12
54 10
199 6
13 11
161 12
85 7
2 8
90 12
140 13
170 11
28 8
117 7
61 12
154 10
11 7
190 15
65 10
143 9
19 9
84 6
166 10
135 10
42 14
15 13
146 9
45 14
62 10
155 8
16 8
101 15
181 11
130 6
22 7
18 6
69 12
126 11
103 12
152 17
185 11
106 16
97 16
124 11
112 8
158 20
188 11
118 9
138 11
87 9
1 9
192 9
179 7
147 10
197 15
195 11
122 5
100 11
131 9
113 10
92 10
198 7
137 8
120 3
10 8
134 9
96 18
53 14
125 8
79 11
115 11
177 14
108 11
24 4
36 12
133 6
82 13
128 12
157 8
99 11
172 9
63 10
196 13
193 6
129 10
3 8
107 7
71 9
184 11
114 10
5 9
186 8
14 11
168 5
55 12
93 12
191 9
73 9
163 7
9 19
33 9
64 12
187 21
20 11
17 9
75 11
111 13
139 11
159 8
136 12
151 12
153 10
27 12
175 9
148 11
156 10
76 7
41 6
21 12
47 6
48 8
26 10
102 4
72 10
173 4
39 12
46 3
29 6
32 5
23 12
176 8
66 13
141 8
50 13
60 6
145 3
121 11
182 6
51 3
34 10
110 3
89 7
7 6
74 9
183 7
80 8
68 9
178 7
105 5
83 7
57 10
player: 4 Altruist
12 12
38 13
24 11
80 8
194 13
33 12
165 7
92 17
137 9
16 11
135 7
128 12
105 12
10 12
169 14
7 11
153 6
104 13
69 9
66 9
145 11
40 9
30 19
82 14
83 11
93 13
75 11
140 10
101 10
51 10
91 14
90 11
36 9
119 9
142 11
189 5
18 5
88 13
114 14
62 10
141 7
186 18
97 8
125 14
13 15
94 9
109 13
87 12
74 12
17 13
161 5
174 5
180 14
52 12
71 17
155 6
111 16
44 14
95 11
107 7
79 15
39 15
112 13
26 13
147 13
78 11
188 15
100 10
84 12
131 10
35 13
127 10
86 8
158 12
176 16
120 8
27 16
5 16
196 24
55 12
59 14
6 10
113 12
139 8
168 10
129 13
37 10
14 5
81 13
133 10
99 9
138 11
45 8
124 11
185 9
15 8
181 11
96 12
57 10
64 12
46 10
121 11
9 12
190 9
130 10
175 8
110 13
73 10
63 14
42 10
166 13
199 6
3 4
28 8
60 8
85 12
54 8
195 10
184 15
31 10
154 11
67 10
98 12
149 7
143 7
126 5
170 8
148 9
61 5
192 9
50 11
198 4
178 11
115 12
118 11
102 10
25 8
21 11
103 7
53 13
68 13
56 16
76 14
29 4
19 9
177 15
41 11
47 9
43 8
182 4
157 10
72 7
106 9
117 10
65 6
116 10
159 5
156 8
187 10
58 8
179 7
89 13
20 14
22 7
77 7
162 7
4 13
136 5
34 15
70 10
193 7
48 11
23 12
49 6
122 8
146 9
11 6
152 10
150 9
108 11
197 7
134 15
160 5
163 6
173 4
172 5
183 10
132 3
144 7
32 5
171 6
2 5
1 5
123 6
191 7
164 2
8 6
151 5
167 3
player: 1 Altruist
170 8
6 14
199 15
145 12
167 7
48 15
62 12
192 10
78 17
105 12
125 10
90 9
143 7
123 9
36 17
16 8
103 11
115 18
5 12
147 14
72 8
53 15
21 14
111 13
197 12
43 6
164 11
163 9
64 11
95 10
129 11
141 10
19 16
8 15
172 7
55 8
73 15
89 17
28 12
12 7
58 8
74 21
4 12
92 13
162 10
20 8
102 7
135 13
99 11
112 9
46 7
10 15
152 12
144 6
66 17
7 12
61 11
80 11
185 8
128 12
9 13
31 11
84 11
68 7
88 9
2 5
158 10
33 10
26 7
59 9
87 15
23 11
22 9
37 4
106 6
136 6
178 8
107 13
32 10
177 9
132 5
138 12
196 15
126 9
191 12
1 8
139 9
130 8
85 18
122 12
173 14
119 8
57 16
96 14
52 14
14 12
159 6
47 8
157 6
35 14
169 6
108 8
77 9
151 7
187 12
50 15
44 14
42 10
34 19
100 14
121 6
193 9
184 4
181 11
127 14
101 8
114 5
3 19
15 11
175 10
94 14
71 9
41 8
86 17
183 9
120 9
79 14
186 8
91 13
109 10
116 7
38 12
29 11
171 4
198 4
51 11
176 8
155 7
67 15
140 7
69 7
194 11
75 8
65 14
117 11
45 13
148 9
133 6
124 7
104 13
146 3
17 12
142 10
190 8
82 9
180 9
118 8
49 11
154 8
166 12
56 10
156 10
131 7
25 9
137 17
161 7
30 9
189 5
54 11
40 4
188 6
97 6
98 10
134 14
179 11
27 3
168 3
63 15
70 10
149 4
83 5
195 16
93 11
11 9
81 19
60 6
110 5
182 13
13 7
160 4
76 11
24 4
165 6
150 7
18 4
174 4
39 5
113 4
153 2
rank player: 10 Competitive
4 143
8 176
12 201
7 149
5 129
10 172
3 169
6 162
11 193
1 159
9 179
2 168
rank player: 8 Competitive
10 173
7 147
5 143
1 181
9 196
11 211
12 169
4 174
2 156
6 141
3 174
8 135
rank player: 11 Competitive
3 182
4 143
1 165
10 178
8 173
6 153
9 176
12 181
2 156
7 152
11 174
5 167
rank player: 9 Competitive
8 172
6 169
7 203
2 174
10 185
11 160
1 156
9 163
5 154
4 167
3 141
12 156
rank player: 3 Altruist
2 160
1 181
7 146
8 169
12 162
9 176
4 187
6 178
5 178
3 173
11 156
10 134
rank player: 5 Altruist
5 181
9 141
10 161
6 157
3 182
7 177
12 160
4 166
11 150
8 189
1 157
2 179
rank player: 7 Competitive
6 156
11 160
9 171
3 158
12 176
8 155
7 210
5 159
1 150
10 175
4 169
2 161
rank player: 2 Altruist
11 161
10 161
6 172
3 159
4 187
7 166
2 178
1 166
8 173
5 190
9 146
12 141
rank player: 0 Altruist
7 148
3 164
2 197
5 163
10 170
4 179
6 192
11 157
12 151
1 148
8 163
9 168
rank player: 6 Competitive
9 175
12 167
11 161
1 173
8 173
3 171
10 186
7 165
6 171
5 168
4 155
2 135
rank player: 4 Altruist
1 169
5 190
2 177
6 171
11 155
9 163
7 161
4 158
8 164
10 151
3 164
12 177
rank player: 1 Altruist
12 159
2 159
10 154
9 146
4 172
7 176
6 178
8 158
3 163
1 195
5 178
11 162
