player: 9 Altruist
194 10
101 15
161 9
87 19
164 8
172 5
43 11
199 16
37 15
84 13
82 20
81 20
69 11
166 10
32 12
60 10
153 12
7 20
94 11
28 9
3 7
111 13
33 13
122 8
100 7
79 11
27 14
132 8
44 9
14 8
22 9
56 16
74 14
11 17
130 9
88 11
47 15
55 13
126 7
48 9
129 12
40 11
191 9
190 7
188 12
91 16
36 7
64 15
98 16
148 11
116 2
25 16
163 4
143 7
157 7
29 8
158 6
154 9
46 16
38 8
39 13
80 22
13 19
16 16
51 12
138 7
89 10
30 14
8 11
54 14
106 6
72 13
70 13
124 12
78 14
117 9
114 13
4 15
61 17
18 10
96 16
105 10
58 14
182 9
59 14
17 3
93 11
34 12
83 13
197 8
165 9
149 3
5 5
26 13
75 13
103 9
181 7
108 10
110 9
62 12
168 6
45 10
123 8
146 12
192 7
127 6
10 15
162 10
63 9
195 5
173 9
73 11
183 5
120 13
99 6
109 12
170 7
152 6
53 12
66 5
57 16
137 9
196 8
144 12
135 6
77 12
189 5
119 9
140 11
92 16
176 5
121 15
23 8
160 7
198 10
9 12
85 14
97 9
102 14
178 11
186 4
142 10
24 15
159 6
187 7
131 7
118 9
50 21
104 14
41 11
147 5
67 19
15 15
68 9
42 12
86 9
179 8
141 7
19 9
95 16
71 14
76 12
184 14
128 3
2 8
171 5
49 12
113 7
125 7
107 11
150 5
145 7
52 10
155 4
169 7
156 6
35 11
133 2
139 2
112 5
115 8
151 5
167 6
180 5
175 6
177 7
90 9
6 12
134 3
21 6
136 6
65 6
31 8
12 6
20 6
193 6
1 6
174 4
185 4
player: 0 Altruist
32 11
93 9
54 8
30 14
120 13
70 12
80 15
88 13
43 13
40 8
106 14
65 14
50 9
99 16
28 9
13 12
44 12
85 10
21 14
56 16
168 3
138 8
121 8
83 15
123 6
6 14
181 6
95 13
172 7
64 11
102 12
127 11
79 16
17 11
160 14
125 7
42 9
115 8
58 15
136 5
57 11
4 13
110 15
197 3
61 8
176 6
131 7
155 11
157 7
46 13
31 8
49 13
126 12
189 9
159 7
25 14
188 8
84 9
48 15
196 7
111 20
7 9
34 12
144 9
107 18
184 13
140 6
91 8
169 7
22 14
90 16
27 15
81 18
94 11
39 15
124 11
129 9
60 13
76 14
16 16
190 12
1 10
149 8
114 9
148 5
66 13
150 5
89 14
118 13
116 14
72 8
135 8
128 9
33 13
10 12
53 12
92 8
153 7
23 14
98 10
103 12
143 9
145 6
147 4
14 8
198 8
15 9
67 14
86 15
193 9
47 10
3 6
134 12
122 7
45 14
37 15
75 17
9 7
177 5
12 6
24 12
199 14
108 13
164 12
55 13
141 5
186 7
20 11
11 12
152 5
133 8
87 15
130 13
69 12
38 16
183 6
162 10
36 9
171 6
179 5
154 10
68 10
191 9
59 10
51 12
165 7
109 10
78 8
2 8
73 14
104 12
161 9
132 4
173 4
166 4
41 8
77 16
195 7
182 12
29 11
26 15
35 12
151 4
113 7
19 8
96 14
178 5
71 20
163 4
146 8
167 5
18 5
101 6
74 17
8 10
117 5
82 14
194 8
180 5
119 7
97 11
100 15
105 17
187 6
185 6
170 7
158 5
63 8
52 10
175 4
192 7
62 8
174 6
137 6
112 5
156 2
142 8
5 8
139 5
player: 4 Altruist
26 19
101 16
73 16
170 10
113 11
7 7
110 7
151 15
40 13
55 11
126 12
106 8
98 8
42 7
140 7
3 6
197 8
163 2
144 10
190 8
77 18
108 11
76 8
60 13
93 10
23 18
62 14
100 17
97 15
194 15
187 7
91 14
80 20
47 14
177 7
18 14
67 13
90 13
118 6
111 16
29 14
92 11
82 24
85 21
143 6
103 11
51 12
70 12
5 6
120 9
24 11
162 3
44 7
4 11
63 21
31 11
96 11
147 8
196 11
61 12
39 9
50 19
16 9
127 9
84 15
15 12
56 14
117 12
175 11
54 10
69 9
105 15
83 10
43 10
134 13
78 17
38 18
35 11
8 13
75 13
161 8
22 9
195 6
94 13
135 7
165 5
191 13
172 10
25 12
20 10
6 10
71 11
66 10
198 12
114 8
109 12
87 16
46 11
150 5
89 8
88 10
68 13
81 5
10 6
133 12
107 8
142 9
9 16
129 8
183 6
112 5
122 12
59 8
64 11
124 12
33 8
32 14
74 13
160 11
164 6
145 6
48 12
102 13
159 10
99 16
21 10
36 7
14 8
41 11
125 6
1 7
167 2
123 5
86 11
45 10
121 15
173 6
128 14
119 6
155 5
28 11
12 8
34 8
158 5
184 12
13 10
72 14
174 4
188 6
157 7
156 7
178 8
166 5
171 3
153 8
141 6
49 13
65 13
137 8
95 16
27 12
37 12
116 9
52 9
79 13
19 4
58 9
53 11
130 10
192 12
146 7
181 7
193 7
154 13
57 10
138 9
30 6
139 4
179 8
152 4
199 9
2 10
115 9
168 6
11 5
131 8
169 6
148 11
104 6
149 6
132 15
180 2
189 6
176 7
186 9
136 7
17 5
182 8
185 3
player: 1 Altruist
130 7
100 9
145 8
82 12
89 23
115 10
60 9
126 7
107 10
3 10
101 11
119 14
56 9
112 9
163 9
148 7
183 10
55 11
21 8
87 16
137 7
109 13
47 9
92 17
5 9
43 13
18 13
67 13
1 11
180 9
106 19
10 17
190 8
95 16
88 11
74 19
19 11
139 4
4 13
54 12
24 12
65 10
99 15
62 17
58 13
168 5
36 11
110 13
71 14
73 22
51 14
124 8
68 14
35 17
135 10
114 13
184 12
96 12
78 15
59 9
6 18
133 5
76 17
12 8
11 12
25 15
105 12
42 13
182 11
27 14
125 14
15 12
63 14
49 15
102 16
97 20
81 15
164 8
50 10
79 11
70 16
136 5
129 7
61 9
91 13
13 7
32 11
84 10
132 8
30 11
93 9
34 6
14 9
186 6
86 10
8 8
152 8
77 14
7 12
26 12
161 7
103 11
37 14
33 15
46 8
153 7
165 7
111 10
9 8
159 4
149 4
196 12
85 13
31 8
121 12
41 16
98 12
123 15
160 6
199 10
146 4
171 7
131 9
173 7
158 7
16 13
83 16
134 6
147 6
174 7
69 17
20 13
23 11
157 3
48 11
143 9
154 11
52 9
38 10
94 11
28 17
29 6
192 6
140 5
22 9
166 6
72 15
2 5
151 8
40 10
113 13
104 14
172 6
142 8
178 12
197 8
195 5
175 7
66 15
116 11
64 12
188 7
108 8
194 6
90 13
39 7
117 12
128 5
185 9
57 7
169 2
155 12
187 7
156 8
53 9
44 12
45 14
75 14
176 4
170 6
198 3
122 10
191 5
127 6
80 3
193 4
167 3
144 7
181 2
17 7
120 10
179 3
189 7
118 5
177 4
141 6
138 6
162 2
150 1
player: 10 Altruist
110 8
7 5
88 15
71 13
36 12
175 10
6 12
80 12
105 24
10 9
112 9
26 10
73 16
68 18
37 11
51 9
21 14
91 11
98 12
166 6
8 13
188 8
5 12
67 11
140 8
143 5
147 9
160 7
34 8
57 13
95 19
191 11
9 15
50 10
187 7
99 12
27 7
94 14
33 13
139 5
145 9
19 15
178 7
40 11
64 13
122 9
16 17
66 9
195 6
113 7
102 12
44 9
60 15
190 14
133 5
32 8
123 15
53 10
48 14
82 13
120 15
100 13
22 13
189 9
156 7
28 15
130 6
131 7
168 4
114 9
79 15
151 8
179 11
20 11
75 21
81 16
128 11
25 18
17 8
58 13
85 14
12 8
52 14
104 9
180 9
108 5
72 22
63 2
163 14
174 5
43 8
90 15
165 8
31 7
74 21
42 20
87 15
41 9
126 12
170 3
86 12
62 13
69 14
169 8
83 10
158 6
167 8
77 17
46 11
118 10
55 9
129 10
101 9
38 15
159 5
15 8
84 11
184 12
92 18
96 10
54 12
161 6
59 19
4 14
106 12
199 12
78 16
183 5
157 5
35 16
11 6
182 8
76 15
116 13
134 5
109 15
117 12
121 8
103 9
138 4
148 8
124 7
30 5
193 9
197 7
115 10
61 12
1 14
49 11
172 11
136 12
154 9
194 9
181 3
152 5
65 11
155 3
89 12
47 13
176 5
135 6
97 12
29 6
111 6
93 12
125 10
39 7
23 10
177 2
107 15
164 5
18 9
192 9
45 12
186 8
171 6
119 7
132 14
144 2
196 5
13 12
70 7
141 4
56 9
153 9
173 6
14 10
137 8
162 3
142 5
146 7
24 11
2 2
127 7
198 5
149 4
150 8
3 2
185 3
player: 7 Altruist
79 22
35 15
118 3
152 8
123 11
96 10
52 12
84 19
192 9
66 14
38 14
138 15
13 11
91 16
97 17
82 19
180 6
122 13
89 11
69 18
78 18
51 11
37 12
48 15
70 10
176 3
39 10
95 9
108 19
190 8
49 12
47 14
111 9
98 8
113 8
75 13
117 5
137 13
81 12
62 12
131 9
9 10
21 14
110 10
23 16
42 16
154 10
199 10
57 7
86 15
130 4
45 7
103 8
92 10
101 14
126 8
36 11
183 4
54 14
30 13
50 11
166 10
53 12
16 19
33 16
193 14
177 5
178 4
184 13
24 12
7 11
120 11
73 16
136 11
40 10
32 20
15 6
72 12
172 9
12 8
196 10
58 16
104 12
187 11
59 11
83 20
155 9
106 11
107 13
85 16
10 12
158 8
163 6
14 14
99 13
63 11
25 11
28 9
90 9
93 15
182 12
102 11
27 16
76 15
167 3
142 7
61 9
141 9
153 10
80 15
18 11
145 8
65 13
77 15
87 20
146 11
124 12
140 11
143 5
170 4
74 14
148 10
162 2
31 5
135 10
29 9
56 6
161 8
197 9
174 6
3 5
160 12
115 8
165 11
55 11
41 8
139 6
68 14
71 17
11 8
116 6
144 10
100 9
195 12
128 8
164 4
94 7
121 5
127 7
169 4
125 8
19 14
151 2
4 12
43 9
188 7
149 13
1 11
46 1
20 10
129 11
60 13
5 6
2 6
8 15
6 8
150 6
44 6
34 7
175 9
185 4
156 5
191 6
186 4
67 13
168 7
105 8
132 10
173 8
159 10
17 7
26 9
112 8
88 12
194 10
114 12
119 4
171 3
179 4
181 2
189 5
22 10
109 11
64 4
133 6
147 5
198 4
134 4
157 2
player: 8 Altruist
61 17
25 9
5 5
58 10
175 7
102 12
108 18
64 10
53 8
180 6
97 22
110 11
188 7
95 16
144 5
77 14
10 11
41 11
76 11
45 14
194 16
116 13
69 19
161 8
146 8
120 12
16 15
33 13
111 15
88 18
37 17
105 14
187 11
20 13
81 22
134 7
86 16
3 14
43 14
124 11
89 17
123 9
151 7
93 12
4 18
82 14
60 18
91 14
141 11
177 7
130 7
100 14
36 10
59 10
18 7
49 9
65 18
92 17
46 17
84 9
192 7
162 4
129 7
174 10
101 18
17 8
47 18
156 9
24 10
140 4
115 15
106 14
98 12
15 11
11 6
173 7
72 11
131 10
83 15
42 9
38 10
122 8
152 3
155 6
163 7
35 8
23 10
128 8
148 6
74 13
87 23
19 9
103 11
138 7
70 12
55 14
196 14
57 9
167 3
193 10
137 13
1 10
30 9
31 9
62 12
118 5
9 14
96 15
75 15
29 7
114 11
7 10
27 11
117 8
85 8
80 16
32 14
166 12
164 10
145 4
28 10
73 13
109 11
150 4
160 9
79 10
153 3
195 7
52 12
34 13
2 9
112 14
22 10
90 19
147 11
6 12
66 12
158 4
78 11
133 4
172 5
50 10
185 8
40 15
8 16
125 7
63 4
12 4
159 5
184 7
136 10
169 3
13 11
186 3
189 10
143 6
121 16
71 13
107 4
197 6
44 10
190 9
39 15
56 7
94 9
135 11
48 19
126 15
113 10
14 8
170 3
99 7
181 5
176 6
132 13
119 4
68 6
54 14
168 4
142 7
182 8
191 8
21 4
26 8
154 5
127 3
199 9
51 10
149 3
183 2
104 7
67 10
179 4
139 5
165 5
178 4
171 4
198 2
157 2
player: 2 Altruist
38 7
95 16
96 11
12 10
50 16
72 11
117 10
194 14
94 7
170 9
137 4
98 13
85 17
14 7
189 4
109 9
89 13
82 16
75 16
53 19
62 12
147 6
90 21
126 10
103 16
133 11
108 9
18 7
59 7
70 10
100 11
123 8
190 13
86 20
166 7
114 10
122 9
6 17
188 12
69 15
115 9
130 8
16 16
77 17
164 6
4 19
111 10
186 10
113 12
40 14
60 12
199 9
68 12
26 10
177 7
97 11
172 6
99 18
88 17
52 5
178 5
76 22
56 15
44 6
10 13
107 10
124 8
116 13
33 20
36 11
1 7
3 11
191 11
175 5
79 15
197 4
129 8
142 9
61 8
120 7
118 14
80 14
25 16
49 12
163 6
43 18
47 17
81 23
153 4
154 4
65 10
92 15
22 16
32 7
55 11
9 9
193 12
13 7
104 12
17 4
106 14
105 14
84 14
146 8
125 8
91 8
57 13
31 4
182 15
93 10
7 7
176 7
196 8
110 3
58 13
27 11
181 12
63 17
162 10
51 6
145 5
165 5
74 10
24 9
41 17
21 7
78 12
67 13
140 12
83 13
144 8
11 4
151 9
8 9
37 13
143 9
148 14
34 5
173 7
15 10
198 5
30 10
42 15
35 10
139 3
168 6
171 5
150 8
64 7
87 19
101 12
5 9
102 14
128 5
45 15
119 7
132 4
131 11
180 7
179 7
112 8
19 11
138 11
48 16
187 12
149 6
23 8
39 12
29 16
195 3
127 7
71 12
156 12
161 9
54 15
134 11
135 4
73 10
46 12
169 7
167 6
152 7
192 5
184 9
20 6
2 6
155 9
66 7
28 8
159 1
160 2
141 5
136 5
185 2
183 3
121 5
174 5
157 6
158 2
player: 6 Altruist
37 12
196 8
150 9
129 5
139 7
153 6
71 18
69 17
21 12
9 12
137 2
59 12
65 20
30 13
50 10
72 11
91 3
187 13
24 16
127 12
114 15
159 8
136 12
81 22
35 7
130 12
170 6
123 13
132 9
121 11
82 17
70 17
97 18
94 17
27 16
109 13
98 20
194 10
104 12
167 10
160 9
148 15
199 12
122 10
197 4
63 8
60 12
85 12
126 8
67 11
171 7
193 12
42 14
140 6
28 16
96 8
29 5
31 13
84 13
182 8
108 11
100 13
119 6
110 9
88 16
68 17
15 10
10 19
95 17
190 11
105 20
83 6
73 9
41 15
107 8
86 9
74 6
20 13
184 9
106 12
176 11
7 15
39 12
138 5
112 18
169 15
32 14
38 19
172 3
166 12
99 12
149 12
154 9
44 13
64 14
113 7
155 4
118 13
22 11
45 12
54 12
13 9
135 11
183 5
179 10
192 9
161 8
78 11
76 13
66 13
117 5
4 15
152 7
56 14
178 4
141 7
77 12
144 11
189 4
151 3
46 11
125 15
80 13
128 12
23 7
51 13
103 10
165 9
133 4
48 10
19 13
33 13
89 14
36 6
11 8
191 4
124 8
17 10
145 14
143 6
87 10
16 14
57 10
177 10
111 9
120 6
168 7
53 9
92 15
90 15
195 6
134 3
14 7
62 8
188 5
102 9
55 7
49 13
180 7
34 12
116 10
12 7
156 7
173 9
3 10
6 12
5 8
47 12
115 8
93 18
146 10
142 4
8 7
40 11
79 9
163 10
131 6
181 5
1 9
18 5
164 5
58 12
61 9
52 6
25 9
158 4
2 5
147 5
198 4
174 1
157 4
43 10
75 15
185 2
162 2
101 5
186 5
26 2
player: 11 Altruist
173 6
57 8
137 7
106 8
91 9
109 11
44 14
102 11
60 11
170 9
122 10
13 10
179 7
124 8
64 9
184 16
136 8
41 13
191 13
129 14
48 11
50 15
82 17
74 12
167 9
101 9
156 8
144 11
164 10
172 6
78 13
196 15
71 20
114 15
199 7
61 11
121 10
10 9
89 14
125 9
84 13
99 14
9 11
103 17
8 18
128 14
193 11
85 16
39 13
77 15
75 8
175 7
190 8
142 13
31 15
96 13
67 14
195 9
105 9
138 7
127 9
107 15
120 11
30 13
32 17
69 12
21 11
177 10
76 10
148 7
23 11
187 15
6 10
94 9
83 26
87 17
130 8
66 16
38 8
111 9
54 9
88 18
194 13
51 11
108 15
97 15
79 17
70 13
28 12
47 12
22 10
117 13
62 17
1 9
40 21
135 8
56 9
59 10
86 15
145 7
133 6
33 9
162 6
123 3
26 15
20 15
16 11
180 10
18 7
110 14
131 5
92 11
43 11
55 16
58 7
112 10
153 6
80 17
27 14
115 7
5 6
46 13
100 12
45 9
119 9
197 2
4 10
52 11
29 14
118 14
183 8
14 12
160 5
152 10
7 8
63 7
25 11
90 11
154 8
42 11
157 7
189 6
73 10
36 16
49 9
72 18
143 8
34 11
166 9
68 16
95 8
15 13
140 9
12 7
150 7
24 3
113 6
155 9
139 3
158 4
198 2
37 10
185 6
2 7
181 8
146 5
176 4
182 13
65 7
93 7
161 6
126 7
81 12
188 8
132 9
165 7
19 5
104 5
98 13
3 5
11 6
149 13
53 10
178 8
174 3
151 4
17 4
116 7
35 12
169 2
134 7
192 5
141 4
168 7
147 5
171 5
159 1
163 2
186 3
player: 5 Altruist
166 7
102 14
52 11
94 15
151 12
101 16
70 17
30 6
54 24
103 21
61 7
198 9
13 8
110 13
72 17
99 14
68 20
21 13
77 12
129 7
60 11
93 15
122 10
49 8
8 17
150 9
51 15
88 14
9 14
152 6
123 11
55 10
112 7
100 22
71 15
36 17
92 21
186 7
69 13
85 21
144 8
57 9
173 8
192 11
83 15
67 18
50 15
135 15
44 15
140 9
148 7
37 8
81 20
154 6
75 7
45 13
24 15
114 9
14 7
16 13
184 9
79 12
128 7
134 9
109 12
38 5
86 10
10 9
78 13
7 11
41 13
53 10
89 14
126 6
153 6
146 6
18 11
163 8
117 10
156 5
33 11
25 16
58 9
39 10
2 7
119 10
4 14
174 8
6 15
131 8
42 11
157 9
195 5
190 8
1 6
121 9
115 8
63 12
43 3
46 7
15 6
149 14
125 12
91 10
28 11
107 17
127 7
105 14
113 9
132 9
82 15
181 8
183 7
48 13
194 12
22 15
35 7
177 6
120 5
124 10
31 8
137 6
64 15
96 8
74 17
170 5
90 12
32 7
3 6
175 7
73 14
197 5
167 5
80 9
56 19
17 5
155 4
136 9
76 14
104 14
87 17
189 9
139 8
98 9
182 12
118 6
169 8
95 15
161 7
12 10
193 3
62 6
20 11
40 19
159 4
160 9
180 4
27 11
29 8
59 7
196 11
66 9
84 15
147 10
191 5
171 4
199 5
188 9
11 11
97 19
138 8
65 12
47 5
178 11
34 10
187 7
185 6
142 7
23 12
145 7
111 6
5 8
164 5
130 9
141 6
26 12
165 5
133 3
19 8
143 8
176 5
158 7
106 6
162 2
172 2
108 7
168 2
116 7
179 4
player: 3 Altruist
2 9
77 12
67 10
156 10
120 13
1 11
60 17
101 12
85 18
41 8
150 5
113 11
138 8
93 10
179 12
78 18
10 11
143 4
171 7
69 11
80 12
56 12
25 14
14 8
177 5
130 9
16 14
192 8
129 11
118 12
105 13
144 10
52 17
174 5
146 7
66 13
39 17
145 9
36 14
166 11
40 15
125 11
191 9
84 15
65 18
43 12
38 13
34 12
107 18
44 11
73 8
17 8
68 15
55 8
178 10
32 12
175 10
86 19
148 8
98 11
47 11
106 12
108 9
91 20
102 7
103 18
141 5
97 13
188 12
117 12
81 11
160 12
176 10
193 10
8 6
11 13
100 12
115 12
186 12
23 12
95 12
110 8
96 13
12 8
82 16
187 14
92 13
94 8
54 9
128 12
75 20
21 9
182 9
152 8
159 5
147 8
155 13
33 13
58 11
114 10
198 4
79 12
35 16
6 15
136 9
149 5
71 11
9 11
119 11
126 10
111 18
18 9
64 9
123 7
163 7
74 20
22 11
48 10
50 4
189 2
89 10
190 11
3 3
87 10
83 18
164 6
70 11
137 9
168 6
170 8
124 11
122 8
42 13
183 9
142 6
63 15
57 5
194 13
167 10
158 7
30 10
13 5
61 7
157 6
99 10
196 11
49 7
140 10
112 7
104 10
172 5
195 8
28 13
59 12
88 15
15 7
46 15
135 9
62 12
72 15
109 10
51 11
76 14
165 3
5 7
139 6
26 6
90 9
20 12
45 10
116 12
19 7
53 12
169 5
7 5
181 7
31 8
180 3
184 6
131 6
29 8
151 6
199 7
4 12
197 3
134 7
185 5
161 5
24 11
133 8
173 7
153 6
132 9
127 6
37 10
27 8
154 2
121 3
162 5
rank player: 9 Altruist
12 167
11 170
6 168
2 200
7 175
3 180
4 176
9 139
1 164
8 157
5 136
10 168
rank player: 0 Altruist
3 178
6 175
4 169
2 185
7 168
8 179
11 153
10 161
9 154
1 168
12 163
5 147
rank player: 4 Altruist
2 138
8 171
6 170
12 175
5 157
11 187
10 179
3 167
1 161
9 135
4 186
7 174
rank player: 1 Altruist
9 175
10 157
5 173
3 157
8 155
12 150
1 175
4 176
11 165
2 180
7 161
6 176
rank player: 10 Altruist
8 176
1 154
7 164
4 154
12 171
5 185
11 168
3 178
2 162
9 156
6 182
10 150
rank player: 7 Altruist
7 151
5 165
2 159
9 185
10 150
8 173
12 181
3 163
6 161
11 159
4 163
1 190
rank player: 8 Altruist
6 179
2 170
1 179
3 166
12 156
10 170
5 163
11 149
4 156
7 171
9 187
8 154
rank player: 2 Altruist
5 195
7 160
8 167
1 158
2 165
3 164
12 172
11 160
10 171
9 161
4 153
6 174
rank player: 6 Altruist
4 170
12 158
11 161
10 176
8 184
7 178
1 174
2 176
5 170
3 143
9 168
6 142
rank player: 11 Altruist
11 185
3 186
9 172
8 146
4 169
7 167
1 157
12 171
10 185
5 170
6 134
2 158
rank player: 5 Altruist
10 168
9 186
3 163
7 175
5 169
6 158
1 165
8 181
12 156
2 160
11 156
4 163
rank player: 3 Altruist
1 155
4 165
5 170
11 187
6 181
7 156
9 182
12 180
2 147
10 165
3 155
8 157
