player: 15 Individualist
154 7
153 6
56 12
174 11
65 16
117 9
122 14
177 8
76 20
193 8
146 12
1 8
121 15
18 15
33 9
87 13
113 9
175 12
21 14
194 14
24 5
70 13
11 16
86 13
41 13
61 13
9 7
182 9
52 7
32 11
105 9
10 10
93 12
95 12
127 11
148 8
178 9
124 7
36 15
198 17
136 8
15 13
134 8
186 10
77 21
66 16
183 9
67 14
83 14
118 7
51 8
166 6
184 9
37 11
111 10
112 16
151 8
53 20
54 9
80 13
8 9
171 6
29 8
185 7
173 9
85 10
89 14
45 11
133 15
68 15
43 11
82 15
126 11
81 12
104 10
22 10
78 17
30 8
58 12
197 10
74 9
25 8
50 15
26 8
99 14
141 8
191 14
155 10
161 3
144 8
116 11
170 7
128 9
47 8
14 16
69 16
145 8
4 8
64 16
48 13
162 4
44 13
28 10
19 8
2 21
169 6
31 6
102 13
179 7
72 15
60 4
46 10
16 9
189 11
120 9
180 6
73 10
114 11
103 8
49 6
35 9
140 7
130 8
107 14
181 5
187 10
160 10
138 5
97 9
5 11
101 9
7 8
71 18
62 14
143 11
17 10
96 5
12 12
172 4
159 6
100 10
3 11
135 13
98 14
147 8
39 7
55 15
63 9
119 8
57 10
20 15
92 14
190 5
199 7
84 14
91 11
59 8
40 11
149 4
94 17
108 11
90 6
157 9
75 12
156 11
139 7
34 15
196 5
165 5
150 7
163 5
123 10
79 15
129 9
195 13
27 6
115 6
167 6
38 11
188 8
42 8
23 9
176 9
106 5
142 5
131 9
110 6
125 7
158 8
164 7
137 8
88 9
6 5
13 13
168 6
192 5
109 6
152 3
132 4
player: 3 Altruist
22 11
61 15
68 18
157 4
91 17
188 17
90 11
84 15
44 18
28 14
158 8
171 4
93 13
99 17
50 13
128 8
153 7
64 14
194 11
108 8
96 11
78 13
49 16
156 11
109 8
80 21
5 11
190 8
69 14
137 6
167 7
48 11
107 15
11 18
163 4
53 11
17 13
111 7
86 10
16 7
166 6
123 8
30 8
89 13
57 10
8 14
131 7
114 12
120 9
185 9
14 9
42 5
25 11
40 6
74 13
136 9
116 15
52 16
32 13
97 11
58 16
55 8
88 13
79 14
10 14
196 4
85 19
2 9
103 8
181 6
101 7
72 15
7 6
20 15
45 12
198 13
38 13
66 24
160 13
115 15
75 19
104 8
13 7
1 9
31 10
141 9
63 13
174 6
35 15
142 6
121 9
127 8
106 11
60 16
41 11
183 10
197 9
135 11
186 9
98 11
112 13
62 16
19 10
81 7
180 13
95 19
182 8
125 10
129 5
122 9
47 15
82 13
37 14
73 20
87 10
24 10
71 19
100 10
56 13
168 6
148 10
152 7
33 6
34 13
155 8
139 10
191 10
184 8
175 7
164 7
46 18
199 9
76 12
162 6
26 10
12 9
179 6
193 12
36 10
54 12
70 16
4 6
77 18
94 11
105 8
134 7
195 7
23 10
154 4
83 18
67 15
18 8
140 5
149 7
169 5
15 6
119 5
102 6
176 7
51 11
144 7
133 2
3 4
43 11
177 9
113 5
65 17
29 13
59 17
39 11
130 15
189 9
187 15
172 6
161 5
110 4
27 3
21 5
117 7
147 3
151 4
150 4
124 3
146 5
159 6
192 4
132 7
178 3
126 10
143 5
118 9
9 6
145 5
138 4
173 3
6 6
170 5
92 8
165 5
player: 9 Individualist
78 20
25 13
198 18
11 11
171 7
16 11
142 7
134 8
28 6
60 16
44 10
55 12
179 9
79 20
123 8
36 8
104 8
128 11
77 14
158 11
68 12
164 8
117 9
75 23
3 13
180 10
99 10
83 16
39 11
176 7
100 12
116 10
146 12
93 9
125 12
97 13
151 12
140 5
65 12
165 9
71 8
67 10
126 12
54 11
51 13
137 5
49 11
107 10
63 15
58 8
139 10
59 10
150 10
32 8
94 15
88 14
162 10
122 11
8 10
73 16
72 16
4 12
66 10
173 7
45 9
5 9
133 10
18 7
194 8
101 13
31 9
168 9
82 11
170 6
14 15
189 9
47 10
131 9
185 10
87 19
27 10
172 6
199 7
143 7
38 12
2 10
17 11
105 8
85 14
191 8
89 13
155 7
86 22
92 11
62 8
111 10
118 9
183 7
50 9
70 18
34 14
174 8
195 12
57 14
15 13
23 14
33 8
1 7
169 6
132 7
138 9
6 8
119 12
103 12
129 8
197 5
156 4
22 10
141 7
43 10
124 7
108 10
186 4
41 11
120 6
95 16
91 9
84 16
53 11
61 18
74 13
52 14
157 8
69 16
112 11
109 13
81 16
130 5
80 6
167 9
161 7
160 16
110 12
9 8
115 7
163 10
26 14
182 6
145 11
113 9
106 10
19 10
178 6
177 6
152 6
48 16
7 8
42 10
12 9
30 10
192 4
20 14
188 11
127 10
144 5
135 5
37 7
76 15
102 14
149 8
10 8
136 4
184 6
96 4
21 12
29 8
181 7
148 9
193 7
13 6
90 16
64 11
187 4
40 10
196 9
121 5
98 7
46 7
24 9
190 9
56 6
147 11
175 9
35 10
153 6
159 6
114 9
154 4
166 5
player: 16 Individualist
53 9
186 5
38 16
144 5
2 12
188 18
181 7
24 11
9 8
65 14
23 8
95 16
194 14
18 12
105 8
19 10
197 13
139 10
102 11
83 25
187 9
121 9
118 11
46 12
14 14
43 14
73 11
68 14
122 6
82 18
79 13
195 11
162 17
193 4
167 6
69 12
12 10
67 20
93 14
189 13
76 13
88 17
37 10
30 13
149 10
152 6
169 9
25 13
183 5
182 15
191 14
77 18
64 10
21 10
60 13
72 7
125 12
151 8
3 13
4 8
51 11
145 6
123 10
78 20
166 10
57 18
28 16
136 6
99 10
74 8
94 10
170 5
117 10
133 4
75 13
66 14
140 10
157 9
70 23
87 15
10 13
153 7
71 15
45 15
90 13
11 10
192 9
42 11
150 5
148 5
81 9
119 11
196 7
127 5
48 10
120 9
175 8
138 12
32 9
7 4
98 9
85 16
5 10
62 13
41 8
112 12
131 7
50 11
130 8
198 6
61 12
143 12
171 8
184 12
31 11
58 13
91 6
89 14
92 14
190 9
147 9
111 13
39 8
84 8
16 7
141 8
108 9
96 5
34 7
6 11
55 16
22 9
132 10
114 8
106 13
159 11
129 6
97 12
27 8
35 11
80 15
29 8
161 2
52 16
17 11
116 4
146 12
154 11
86 15
176 8
174 11
33 9
36 15
199 3
56 13
180 7
15 7
100 15
44 10
103 12
59 11
8 7
26 14
101 4
177 9
107 11
40 10
160 9
185 4
178 9
20 8
63 8
134 9
173 8
49 10
47 3
126 7
54 10
158 8
156 7
128 10
179 8
115 7
113 12
142 8
109 5
168 9
155 3
164 8
124 5
13 8
163 1
135 2
165 4
1 5
110 6
104 12
172 5
137 3
player: 13 Individualist
63 14
72 14
27 10
79 14
94 10
100 14
54 10
70 16
19 13
51 8
197 5
105 13
80 17
196 7
123 11
69 20
160 14
91 12
38 13
44 13
59 13
88 19
195 12
184 8
40 15
75 12
89 9
191 10
58 16
157 6
24 16
158 10
57 14
67 16
177 6
30 8
96 16
128 4
176 8
119 9
82 24
122 13
171 3
83 12
84 15
137 5
86 16
42 7
7 11
8 6
141 6
87 17
113 10
180 12
29 8
68 10
181 9
32 20
110 14
194 13
81 17
62 17
144 5
13 13
133 12
61 12
14 10
22 10
49 18
95 11
56 11
145 9
116 10
165 8
20 10
41 11
53 10
136 9
98 14
12 9
127 8
108 6
99 12
9 16
114 12
183 8
16 19
163 6
43 11
179 8
52 15
74 13
162 10
18 8
64 12
117 7
148 16
36 12
112 6
111 8
188 8
121 9
147 9
3 10
76 11
174 8
71 9
66 17
15 6
93 8
23 15
152 11
173 4
154 8
166 9
26 8
124 9
150 9
135 8
104 8
78 11
31 11
164 9
33 8
172 7
139 10
138 8
101 8
90 17
73 14
11 17
46 9
92 16
132 15
65 16
85 14
161 4
2 18
34 15
17 11
97 15
60 10
4 7
193 8
149 6
35 8
21 7
142 8
25 13
192 7
39 9
129 5
125 4
198 8
47 11
182 10
10 8
168 7
185 5
48 6
55 9
115 7
140 4
159 4
109 11
102 11
103 9
190 5
170 3
5 8
77 10
106 9
143 8
134 9
199 6
28 7
186 11
37 8
131 1
130 9
120 5
107 3
175 10
6 14
156 6
45 7
1 5
167 6
169 3
178 4
189 7
50 7
187 7
118 7
126 8
153 6
146 5
151 6
155 6
player: 4 Altruist
67 20
123 10
77 11
56 13
127 11
58 19
62 20
40 11
76 18
72 20
59 17
50 13
51 14
149 4
136 5
186 11
144 6
90 17
109 9
18 16
153 4
42 18
78 11
23 7
190 10
81 16
96 10
83 17
80 18
15 11
63 16
85 13
195 8
130 6
132 7
92 9
183 7
140 9
17 16
22 10
139 12
115 11
13 8
93 17
141 11
103 13
24 14
7 9
111 10
37 11
122 6
187 15
168 5
180 12
66 16
155 5
45 13
25 16
74 12
52 13
53 15
71 14
184 7
170 6
196 11
185 13
159 18
60 15
49 17
64 12
117 8
84 14
99 11
157 9
69 19
20 11
171 4
89 14
43 21
39 11
38 11
5 10
54 9
97 14
73 10
41 11
169 12
61 8
75 12
68 17
126 4
192 10
114 11
65 14
33 15
2 10
32 10
26 8
172 12
34 14
86 11
79 20
95 14
125 7
116 7
128 4
4 4
100 10
162 10
101 4
55 12
143 5
21 7
121 7
44 15
27 9
104 6
147 9
12 15
47 13
30 14
138 5
134 10
158 4
179 14
102 11
57 18
137 8
29 9
189 9
181 7
188 14
129 8
165 5
156 8
135 6
151 5
198 16
98 8
91 11
105 7
146 8
108 6
46 9
174 11
173 10
164 11
154 11
9 10
119 5
191 9
193 6
94 11
6 8
28 11
10 6
167 4
175 7
31 9
1 9
161 5
70 19
36 14
142 7
197 6
11 11
124 5
16 7
87 14
182 10
194 8
133 7
177 6
160 6
82 11
19 7
14 7
112 6
113 3
35 7
166 3
150 4
152 5
3 11
48 8
107 7
118 4
178 5
163 5
110 6
176 2
106 4
148 4
88 9
120 6
8 9
199 3
145 1
131 2
player: 0 Altruist
195 9
52 23
146 12
155 12
88 21
139 9
38 14
75 13
43 14
57 8
60 22
19 6
164 13
116 6
70 12
91 10
85 22
148 5
113 18
194 8
72 13
41 10
65 15
16 13
162 8
81 13
143 10
3 13
166 15
197 10
59 19
132 10
80 12
5 9
26 9
95 9
9 14
17 9
62 19
175 12
4 6
47 18
94 19
102 11
90 8
150 7
110 11
71 15
105 5
31 9
25 20
63 14
54 18
67 16
186 6
2 17
40 16
32 13
20 9
98 4
10 6
136 7
171 12
157 7
76 17
56 11
89 16
182 9
50 13
34 7
131 6
29 13
118 11
134 4
12 8
103 12
28 12
97 10
73 19
64 17
93 12
66 14
123 11
111 7
61 11
108 4
189 10
158 6
82 13
51 14
46 12
144 6
78 15
112 10
145 7
137 9
192 6
68 15
11 13
39 9
6 16
124 7
198 11
138 5
127 8
188 10
109 5
92 13
168 8
190 10
45 16
86 13
140 4
35 13
21 12
178 8
142 11
22 11
160 5
83 9
180 4
55 15
125 8
196 5
48 13
156 10
170 11
179 11
87 14
163 4
135 10
101 12
199 10
100 13
42 11
104 11
159 5
185 8
107 4
129 4
15 11
96 6
77 16
128 6
23 7
33 16
169 10
14 8
37 8
181 5
24 12
176 6
53 8
69 11
27 12
141 9
84 15
18 14
177 6
122 4
120 10
154 8
74 13
106 8
187 6
149 4
193 5
49 11
114 4
151 3
165 10
79 11
184 8
191 8
117 8
44 8
115 7
183 5
58 10
147 6
174 7
8 7
13 13
30 9
1 7
126 5
99 6
172 9
121 8
152 4
173 6
161 3
7 8
133 7
36 9
167 3
153 4
119 1
130 1
player: 10 Individualist
36 7
89 17
162 8
31 13
126 10
40 10
77 12
174 10
113 9
197 14
127 7
71 13
14 9
2 16
180 9
105 14
49 14
93 11
41 14
166 9
13 23
54 15
91 17
6 8
16 12
95 15
47 13
111 16
70 12
181 10
63 13
178 10
165 5
128 8
145 12
154 8
99 14
161 10
151 10
44 16
35 10
92 14
65 17
62 11
56 9
8 11
90 22
67 8
114 10
85 25
88 18
51 14
74 10
177 4
39 10
37 6
20 9
84 12
184 5
198 11
52 10
75 16
55 10
195 17
50 12
7 18
118 10
121 10
76 15
86 14
182 9
1 6
83 14
191 8
58 16
45 11
144 8
30 8
131 4
82 16
147 5
135 12
64 10
26 10
81 13
170 8
187 11
48 13
80 19
173 6
33 9
192 7
129 5
160 9
59 16
153 11
61 10
11 12
46 12
138 12
38 11
142 5
78 15
149 5
15 11
176 8
169 7
119 7
172 5
53 12
19 7
130 7
43 13
32 13
185 5
159 4
17 15
193 4
23 10
194 11
168 6
18 8
27 5
100 16
22 8
68 11
163 7
116 8
189 5
42 13
125 9
110 8
183 8
164 8
120 9
69 17
155 8
87 14
97 9
79 12
4 7
171 9
140 8
28 7
98 11
117 5
167 7
3 8
101 12
134 7
66 10
122 7
94 10
179 8
73 9
9 9
103 12
10 11
29 4
148 7
5 9
60 11
157 7
21 7
156 4
57 9
24 8
107 9
109 8
139 9
104 5
102 7
34 6
115 7
188 9
112 6
141 7
132 9
96 12
199 7
146 17
106 12
136 8
152 8
25 13
158 7
143 5
186 10
196 6
124 3
190 7
12 12
133 10
150 8
137 6
72 12
123 4
175 6
108 7
player: 12 Individualist
65 6
196 7
158 9
119 10
106 10
68 11
87 12
181 15
131 7
28 20
184 10
97 8
82 16
43 14
101 12
2 14
76 16
104 7
133 15
71 10
62 17
182 10
143 7
16 16
51 10
198 11
176 8
157 6
59 11
47 10
185 15
160 9
120 10
100 8
105 20
187 16
61 13
96 11
108 12
15 8
86 9
150 12
79 15
69 13
145 9
124 11
41 11
113 15
167 6
94 13
57 16
67 13
114 5
156 14
48 8
90 13
98 15
34 18
148 10
66 9
163 4
189 9
122 9
11 14
91 14
53 12
89 15
102 14
190 9
3 11
178 7
130 7
8 10
20 10
30 14
56 11
5 12
12 8
38 5
112 7
144 9
95 15
93 19
42 9
18 10
180 2
1 6
58 10
80 10
147 10
140 13
81 18
78 18
44 7
7 7
46 10
171 3
72 12
10 7
121 15
195 11
109 6
99 14
169 8
33 11
39 10
111 10
149 12
107 9
85 16
186 8
9 10
24 15
161 5
168 10
115 10
146 9
54 8
162 12
128 6
175 3
75 17
125 11
64 10
70 14
179 9
60 16
22 13
103 4
141 7
154 6
83 7
188 9
55 11
25 13
27 7
73 14
164 8
49 13
92 17
23 4
52 9
13 12
84 10
126 8
19 7
199 9
31 9
116 13
110 12
138 7
26 14
88 16
127 9
137 9
170 6
4 10
35 19
166 9
151 4
117 11
153 6
123 8
135 8
132 8
36 11
172 7
177 8
37 13
155 5
32 12
165 6
174 9
50 7
74 8
6 11
193 6
197 11
194 6
183 6
136 8
139 3
77 7
14 10
142 7
118 6
134 6
29 4
45 11
40 5
191 4
159 4
63 12
192 5
17 6
21 7
152 7
173 6
129 6
player: 6 Altruist
71 14
15 7
52 13
193 5
88 15
105 8
76 13
19 4
160 10
35 11
118 5
34 14
22 9
12 8
111 5
57 15
2 17
59 17
11 14
44 13
137 5
31 13
192 7
36 11
24 10
94 13
95 14
27 10
100 6
142 8
80 15
110 7
188 7
178 9
53 12
162 12
130 6
190 11
133 6
116 11
149 8
183 6
158 9
156 8
72 15
97 11
174 6
18 17
153 5
50 16
109 10
171 10
67 17
151 8
29 10
147 10
117 10
79 19
62 14
68 21
47 19
28 11
45 11
26 14
126 6
168 7
77 12
146 8
102 15
180 7
139 8
25 6
181 6
170 9
42 19
144 2
167 6
73 14
93 15
99 14
46 24
128 7
108 14
104 16
3 8
48 17
101 7
127 7
61 11
176 6
103 15
92 9
23 8
64 12
175 7
184 6
86 14
91 17
129 6
43 9
82 11
30 11
75 17
84 15
17 17
194 16
165 9
143 3
87 14
13 13
136 4
89 12
4 9
90 12
123 3
98 5
141 10
14 12
5 14
179 4
38 6
112 13
74 16
8 13
135 8
70 17
134 9
115 8
154 13
49 10
58 20
37 10
85 15
120 10
169 6
39 10
107 6
66 12
157 7
54 13
1 4
78 17
20 10
9 9
6 10
113 11
81 17
63 16
55 13
148 4
106 7
83 8
10 11
155 8
40 11
131 5
196 7
96 12
197 10
182 9
125 4
56 11
163 3
191 19
119 6
138 6
164 6
21 7
122 7
60 15
7 7
198 11
32 9
16 10
150 7
51 15
185 8
41 9
187 10
189 15
166 11
33 7
145 6
65 18
152 2
195 7
69 10
173 4
172 8
121 8
159 3
186 8
124 4
140 2
199 2
132 6
114 3
177 4
161 1
player: 17 Individualist
134 11
57 10
31 14
55 19
36 18
159 6
65 20
154 5
13 8
165 8
131 10
126 9
175 11
50 7
111 14
115 8
7 5
112 10
73 16
193 11
84 13
44 9
188 15
172 7
157 8
6 10
117 19
23 8
96 16
100 11
20 18
14 19
39 13
5 4
183 4
116 11
107 15
33 7
156 8
137 9
185 8
17 11
173 11
133 8
70 14
101 9
8 9
76 10
79 12
109 10
45 13
93 11
128 6
48 15
99 16
194 11
155 12
181 11
187 9
158 5
147 9
92 16
95 12
119 9
72 14
28 14
85 16
87 14
25 11
51 9
18 13
38 13
167 13
161 6
2 7
120 8
91 9
16 13
86 18
142 13
153 9
26 10
124 7
59 10
113 9
106 13
58 9
180 11
67 6
27 7
52 18
160 10
64 11
47 14
80 12
83 13
179 8
90 20
88 15
37 6
42 11
29 5
68 16
78 8
199 12
104 8
61 14
1 9
195 11
108 12
132 12
166 11
94 16
35 12
30 9
118 13
196 7
49 9
82 13
43 12
11 12
60 12
169 7
198 9
34 6
110 10
122 11
129 7
21 7
66 10
176 11
123 9
145 8
77 11
63 11
75 13
168 9
53 16
146 6
103 16
121 4
54 12
114 7
178 7
71 12
40 14
135 11
177 8
151 10
105 11
12 8
15 10
189 4
32 2
41 10
4 9
138 7
152 13
81 14
184 11
186 6
162 3
46 7
102 7
130 10
24 14
192 8
10 14
9 9
97 13
141 8
140 5
149 9
69 13
89 11
56 6
144 3
62 10
136 6
197 9
150 4
139 4
190 8
125 16
170 6
22 12
191 2
3 8
143 6
171 4
74 10
174 3
182 5
164 6
98 4
148 6
163 4
127 2
19 4
player: 2 Altruist
182 4
127 6
118 9
83 16
93 13
123 6
47 16
12 14
69 18
183 15
165 7
184 12
37 12
50 13
28 13
11 15
187 13
87 11
53 9
190 10
26 11
152 9
128 12
80 16
99 12
95 13
166 9
55 19
81 20
105 12
119 8
4 7
77 20
41 16
120 5
92 9
64 16
136 8
74 14
129 8
113 10
18 11
142 7
178 8
76 12
112 8
103 11
78 16
46 12
13 12
79 21
52 12
27 15
75 24
186 11
100 12
189 17
40 11
9 9
33 10
43 10
141 7
144 9
169 12
109 12
86 15
62 13
59 18
36 11
45 16
102 5
157 7
175 3
84 16
20 12
70 20
126 5
198 11
188 11
104 9
185 12
107 8
48 14
72 16
193 10
6 5
16 7
106 11
161 5
196 8
139 8
31 9
159 6
3 11
67 13
191 10
114 10
121 5
32 12
180 11
131 13
15 14
56 13
63 19
30 10
94 10
61 18
8 11
57 10
132 13
51 15
39 11
162 9
34 12
91 10
73 13
170 5
101 9
130 6
167 4
89 9
35 12
42 10
68 16
88 11
195 12
7 5
5 13
29 11
117 4
155 13
49 18
150 5
97 9
116 12
60 17
96 7
82 9
24 10
163 5
137 4
172 7
140 7
14 7
194 9
90 14
44 15
25 8
71 17
143 13
10 7
38 10
145 7
58 15
85 14
176 8
23 9
192 9
154 6
135 9
153 4
108 6
111 9
54 8
110 12
174 7
65 19
148 4
197 10
181 9
164 3
156 5
122 6
168 3
125 6
173 9
21 7
138 7
1 3
146 5
147 4
149 6
98 6
158 2
179 5
160 5
22 5
124 4
2 12
177 5
115 2
151 3
66 4
133 7
17 8
19 6
171 3
199 3
134 2
player: 1 Altruist
167 8
73 14
71 14
182 6
78 17
63 17
50 15
98 13
57 14
64 10
148 10
82 13
178 8
70 22
190 7
188 10
24 14
80 16
92 17
36 13
44 12
84 13
163 7
11 9
62 16
191 10
33 14
139 5
114 10
131 7
112 12
66 21
117 8
128 10
32 13
122 6
43 9
189 10
21 8
26 12
69 20
77 15
93 12
137 9
19 7
27 9
154 9
144 10
94 13
123 6
135 8
14 15
72 20
176 7
59 18
165 6
155 8
91 15
7 8
101 9
187 11
18 17
38 16
17 5
16 13
54 15
193 9
99 9
113 16
2 13
90 18
130 7
83 17
5 13
39 14
40 12
120 6
198 12
157 6
89 8
102 8
28 13
145 10
47 12
25 17
138 9
173 12
116 16
103 20
9 16
29 7
49 10
174 8
133 3
8 10
86 10
107 9
22 10
35 9
13 8
48 9
147 6
175 9
134 7
184 6
158 13
194 7
129 10
159 11
151 7
37 10
97 8
177 7
109 9
34 8
41 10
192 9
4 8
195 11
95 12
15 10
142 13
67 19
31 7
52 14
180 5
186 14
140 5
74 24
87 10
53 10
42 9
68 12
118 4
1 6
172 7
58 12
121 8
79 15
111 8
88 8
6 6
81 20
149 4
115 9
65 7
160 9
56 12
85 12
104 7
164 13
150 4
171 7
199 4
110 8
125 9
108 7
179 6
10 8
132 4
170 9
105 9
141 7
136 4
30 12
3 10
183 4
153 7
12 9
146 5
76 17
126 4
46 7
161 4
166 6
124 6
60 12
23 5
169 8
119 7
162 11
61 13
185 6
100 15
181 9
127 6
55 12
45 11
152 1
75 8
20 10
156 8
168 4
143 3
196 5
197 6
106 8
96 6
51 5
player: 14 Individualist
164 5
92 13
106 13
28 9
124 5
71 15
110 6
26 9
161 2
121 7
89 10
22 10
83 14
34 12
49 10
66 11
180 10
70 15
132 7
109 10
136 10
69 9
23 14
155 8
185 9
67 13
103 11
31 13
65 12
125 6
1 8
7 11
88 12
24 11
99 9
192 8
45 10
4 11
25 12
30 11
8 12
37 9
12 14
5 14
35 9
117 11
149 8
84 7
87 11
166 11
27 20
58 12
198 17
163 14
167 5
20 6
50 15
51 6
97 17
194 6
151 3
80 16
105 12
119 8
41 13
55 12
33 11
174 8
150 6
160 8
91 12
96 12
179 10
2 21
165 6
52 17
127 13
152 9
78 16
32 10
98 11
114 9
16 10
108 9
138 6
81 19
73 13
133 11
131 16
157 7
10 10
54 8
141 12
162 11
13 16
82 19
64 13
113 12
147 7
90 15
189 21
6 10
21 9
122 4
191 8
128 3
168 10
146 9
145 7
95 15
74 15
130 10
19 7
107 7
68 12
61 10
39 8
42 10
134 11
197 11
101 14
76 20
86 14
75 9
116 7
47 6
115 12
195 10
137 9
148 11
143 8
11 13
187 10
188 10
85 13
57 10
79 19
169 9
184 7
112 11
123 13
3 9
178 8
181 9
29 8
72 11
129 13
104 9
142 9
158 7
56 10
186 4
59 10
135 2
172 5
17 7
93 15
9 10
139 12
102 9
120 7
63 11
175 9
156 5
15 16
199 6
60 9
111 4
38 7
183 7
159 4
40 10
190 11
94 9
170 4
193 6
46 16
182 5
100 15
44 11
173 6
14 9
48 12
153 8
53 10
62 13
140 4
126 7
118 7
177 9
154 8
77 12
176 6
43 8
36 12
144 2
18 7
171 3
196 4
player: 7 Altruist
74 15
24 12
71 15
63 24
51 11
29 8
112 7
17 11
197 15
117 6
11 18
102 11
99 15
56 7
38 14
46 11
134 9
36 8
149 10
167 5
85 19
178 11
140 6
170 7
150 6
123 8
25 12
164 6
190 10
42 20
31 14
69 19
176 10
187 11
195 9
19 8
70 9
41 9
54 17
83 17
30 17
65 16
60 10
155 7
78 15
15 13
160 11
62 21
2 9
114 11
76 17
136 9
16 8
93 12
8 7
192 9
152 6
180 6
169 5
179 8
79 10
89 20
157 6
107 10
168 5
53 15
184 16
137 6
18 9
57 12
67 16
156 12
7 6
147 9
94 14
125 4
52 16
104 9
129 6
151 6
142 11
45 7
12 9
191 12
73 23
81 24
162 5
106 12
103 10
177 6
108 8
119 9
111 10
139 4
127 5
97 14
174 7
9 10
55 18
141 7
75 9
86 17
33 10
122 5
196 10
72 16
43 8
133 10
193 9
21 9
98 13
194 16
27 13
59 11
61 15
34 10
82 12
109 13
84 10
37 13
35 12
28 18
138 15
198 20
143 9
110 8
13 17
14 15
22 9
80 15
92 18
47 9
95 6
161 8
185 11
48 6
39 5
49 7
68 17
23 8
135 9
146 16
58 8
96 9
6 10
121 8
91 10
26 10
186 9
148 8
90 10
32 9
50 10
130 8
128 7
64 11
189 9
5 6
4 7
77 11
181 3
182 12
145 6
172 9
20 7
173 4
40 9
175 9
171 5
124 5
115 4
66 7
87 9
188 10
166 9
183 11
88 7
1 7
154 6
10 9
3 5
159 4
199 4
118 9
120 7
100 8
113 10
116 4
165 5
44 13
131 6
153 3
158 6
132 1
144 7
105 5
163 5
101 6
126 2
player: 8 Altruist
63 13
180 6
136 5
89 11
6 9
166 8
198 18
13 11
185 7
58 20
191 9
171 7
99 13
71 14
106 9
91 16
36 12
52 15
7 6
92 15
197 10
159 6
42 9
104 6
74 20
53 15
20 10
86 16
51 14
26 14
100 11
67 20
57 7
80 12
61 8
179 11
82 14
95 14
163 5
132 10
45 7
35 11
41 12
72 19
123 7
137 8
111 5
93 16
56 10
157 7
24 9
31 11
149 9
167 6
183 10
48 13
10 20
84 8
27 14
8 7
2 21
108 8
34 10
164 9
188 13
11 21
112 9
37 8
83 8
135 12
140 3
168 5
120 8
76 22
79 16
158 8
133 10
66 18
101 14
192 15
75 16
22 12
195 10
103 4
144 4
184 9
181 13
78 17
172 2
38 12
182 9
23 7
153 9
5 5
33 11
28 11
128 7
131 6
187 12
81 13
90 13
12 9
109 6
77 15
15 3
62 10
122 6
29 9
65 15
87 13
186 20
44 15
130 13
126 12
148 7
59 17
175 6
68 18
178 12
147 14
54 9
64 17
146 9
116 14
98 13
105 8
32 15
174 12
19 8
3 18
47 7
55 18
139 7
156 6
102 5
43 6
97 13
18 11
25 7
107 9
50 15
17 6
162 7
138 11
169 15
124 6
170 7
69 20
4 4
73 10
127 5
60 16
154 10
118 7
96 8
1 8
30 10
199 7
125 4
177 3
85 13
173 7
176 8
150 8
189 6
165 5
39 9
88 16
49 14
196 8
119 6
40 11
145 5
70 10
115 7
21 5
142 8
94 9
134 5
113 7
129 4
117 7
114 9
155 3
152 8
121 7
16 10
194 6
9 10
151 7
161 4
190 7
193 5
141 10
110 2
46 6
160 4
143 5
14 3
player: 11 Individualist
51 12
161 9
71 7
124 6
134 10
121 8
77 12
3 10
169 14
11 18
66 22
153 13
68 13
1 6
13 15
49 13
85 15
132 8
140 6
115 11
26 10
72 14
112 8
18 9
189 11
59 13
98 17
196 6
28 10
8 12
60 15
50 12
107 8
158 12
70 14
38 7
122 9
33 10
123 16
149 10
198 17
95 18
103 8
118 9
84 15
23 10
172 7
61 19
92 14
9 10
32 9
69 22
157 9
67 18
2 15
135 7
195 6
194 6
160 6
151 9
89 14
78 11
163 7
19 7
37 8
34 11
188 14
167 8
193 2
16 10
144 7
63 17
154 8
81 15
131 8
162 10
146 9
65 19
27 17
31 4
48 5
24 5
64 13
30 5
117 11
101 6
80 17
176 6
40 10
166 8
152 11
179 10
164 7
7 12
36 12
5 12
57 8
14 9
142 8
126 10
190 8
76 9
17 10
147 5
171 6
109 11
184 12
87 16
129 7
91 12
6 8
35 5
4 10
143 8
139 6
22 12
46 15
173 8
120 5
55 13
111 8
15 11
20 10
42 5
136 8
44 6
192 8
125 9
93 23
110 14
104 9
58 15
90 12
119 10
155 3
105 10
127 10
145 13
106 9
185 11
100 9
94 12
168 10
75 17
97 10
79 20
165 7
150 6
83 16
54 11
41 9
88 15
62 13
10 9
199 4
45 13
137 11
43 11
73 16
86 8
183 10
102 18
186 11
174 9
53 9
56 12
138 4
159 7
99 14
182 6
187 5
21 10
74 10
52 10
148 8
170 9
116 13
197 11
82 10
47 10
39 7
108 7
96 10
133 6
175 6
191 8
25 8
113 8
177 10
181 4
29 6
156 7
128 2
141 5
180 2
12 5
178 4
114 4
130 2
player: 5 Altruist
43 10
53 20
156 6
176 5
62 19
96 11
50 14
149 10
109 10
167 8
188 12
14 17
52 14
51 11
7 15
32 14
87 15
159 10
69 16
56 15
37 6
79 15
64 14
25 5
128 9
185 6
72 13
86 14
39 9
186 5
180 10
36 14
137 6
171 9
67 16
100 10
6 11
163 7
74 14
135 11
91 14
104 7
60 15
40 11
46 17
80 14
65 15
150 5
68 15
76 12
122 7
82 15
71 14
166 9
49 14
108 7
45 20
5 8
154 6
157 7
131 13
29 11
142 9
70 13
138 14
152 4
103 7
95 13
17 8
61 22
57 16
63 17
117 12
151 10
143 4
10 13
16 16
107 9
34 12
175 14
123 11
198 13
19 5
140 8
2 16
189 9
42 9
66 15
134 5
192 14
191 2
124 11
90 13
160 13
21 4
115 5
38 16
30 16
78 19
3 13
85 12
97 7
27 8
106 7
58 19
194 8
99 9
179 6
146 9
48 14
174 9
77 8
73 14
120 8
88 12
129 7
47 12
196 5
161 6
153 7
8 11
102 12
13 10
92 11
98 8
173 4
190 6
114 8
172 5
162 3
94 11
11 17
24 11
54 16
23 13
144 6
169 9
15 6
44 10
165 5
130 7
111 4
83 15
141 5
93 10
187 13
113 8
158 9
121 9
59 17
105 8
81 20
184 7
182 9
136 7
193 8
75 12
31 15
12 12
84 9
26 8
89 15
199 4
132 8
55 18
195 7
4 10
126 8
145 2
41 13
197 10
28 9
33 11
9 8
101 7
110 5
177 5
35 9
118 8
164 5
116 9
181 5
127 5
148 5
183 4
18 10
125 5
133 7
112 6
178 9
139 7
170 3
20 3
168 8
22 7
119 6
1 6
147 5
155 5
rank player: 15 Individualist
14 131
5 105
15 122
6 104
11 90
17 104
16 120
12 107
1 124
3 104
2 116
18 115
9 113
4 96
8 107
13 132
10 112
7 98
rank player: 3 Altruist
1 91
7 102
6 108
14 121
10 106
18 118
12 111
2 122
13 108
11 104
3 116
16 110
8 129
5 118
15 108
9 126
17 94
4 108
rank player: 9 Individualist
12 112
3 98
18 114
1 103
16 109
13 112
5 101
8 123
2 104
17 108
11 111
15 119
6 124
9 106
14 106
10 135
4 116
7 99
rank player: 16 Individualist
5 100
17 95
3 97
12 105
1 108
9 112
18 116
4 123
13 129
15 113
10 121
16 127
11 119
6 116
7 102
14 114
2 102
8 101
rank player: 13 Individualist
7 94
8 98
1 114
12 96
9 132
5 120
4 111
18 85
14 125
16 108
11 128
13 107
10 116
3 122
2 117
6 102
17 116
15 109
rank player: 4 Altruist
9 90
12 98
10 112
5 141
16 97
4 117
6 119
7 132
11 104
15 95
18 129
1 108
13 103
17 117
3 111
8 123
2 105
14 99
rank player: 0 Altruist
18 107
4 112
14 111
13 110
8 108
1 118
9 115
6 131
5 113
15 110
3 114
17 106
16 109
2 125
10 100
12 96
7 117
11 98
rank player: 10 Individualist
2 103
10 135
17 107
3 117
15 116
8 107
16 126
13 108
18 101
1 117
4 105
11 121
7 107
5 106
12 104
6 94
14 113
9 113
rank player: 12 Individualist
8 98
18 119
16 101
10 106
13 107
6 95
11 122
14 138
3 98
12 127
2 118
5 121
7 91
17 101
1 98
9 112
4 118
15 130
rank player: 6 Altruist
10 99
1 127
4 116
18 109
9 119
15 106
6 120
2 120
14 115
8 121
7 122
11 100
17 98
3 112
13 105
5 97
16 90
12 124
rank player: 17 Individualist
13 123
6 109
2 104
4 107
3 117
15 124
7 102
11 118
17 125
12 131
1 102
8 97
18 107
10 101
14 118
5 112
9 98
16 105
rank player: 2 Altruist
17 93
13 120
12 91
8 125
11 109
2 115
9 103
15 101
14 89
4 122
7 138
3 114
10 104
1 98
5 111
6 114
18 134
16 119
rank player: 1 Altruist
15 111
9 103
17 120
7 130
5 118
3 120
11 111
8 109
10 123
6 113
16 104
18 102
13 98
2 98
12 126
4 111
1 111
14 92
rank player: 14 Individualist
16 115
11 120
2 113
14 111
7 92
13 101
6 113
12 122
5 110
10 106
4 96
9 104
8 106
15 117
18 113
1 133
3 110
17 118
rank player: 7 Altruist
11 114
2 128
7 117
6 102
4 104
14 121
12 106
3 115
17 123
8 106
13 108
16 116
10 97
15 103
18 120
1 85
5 123
9 112
rank player: 8 Altruist
6 109
16 129
13 106
9 120
2 96
18 115
3 117
7 131
12 111
8 105
15 118
1 119
4 111
14 96
5 101
10 94
11 96
17 126
rank player: 11 Individualist
4 110
15 104
8 111
11 127
17 126
13 123
10 118
1 112
9 114
14 106
2 106
5 84
12 130
18 97
7 109
3 103
16 115
6 105
rank player: 5 Altruist
3 115
5 119
15 94
16 100
8 126
4 117
14 94
12 103
17 123
1 132
6 122
18 99
7 117
9 108
10 115
11 108
13 100
2 108
