player: 14 Competitive
95 15
132 9
12 16
154 21
23 11
29 15
82 12
71 13
121 8
164 9
18 5
99 10
116 13
152 8
142 9
62 17
64 14
146 14
175 11
178 15
148 9
187 12
24 7
153 7
55 5
42 12
151 11
35 17
161 7
7 9
131 8
13 13
125 8
60 14
77 12
157 17
54 9
185 8
192 16
166 8
141 11
4 10
38 12
123 9
158 15
117 15
176 10
181 8
182 10
177 13
48 10
40 7
15 7
119 12
147 12
104 6
33 9
89 11
6 8
53 11
57 12
47 11
81 10
8 6
183 6
100 15
63 12
87 12
65 11
19 12
36 10
93 18
26 9
17 9
108 12
94 10
66 17
79 8
160 8
85 17
83 10
120 11
72 13
50 12
68 11
74 17
97 9
52 10
27 11
51 8
84 10
49 11
45 11
137 8
191 11
37 21
103 7
188 10
138 10
129 6
88 7
59 14
46 10
34 10
198 19
5 8
173 7
130 15
135 10
25 10
11 11
155 9
56 6
133 10
3 18
149 8
76 11
28 10
128 12
145 10
144 5
98 6
193 13
106 14
168 11
179 14
32 8
115 7
171 5
159 8
16 11
163 7
110 10
92 9
156 7
58 6
162 5
112 9
127 8
86 14
75 13
196 10
9 9
69 6
118 13
126 8
143 6
170 17
195 12
199 7
174 6
39 8
180 6
90 8
20 8
61 8
165 14
10 8
189 7
124 10
44 7
70 11
102 6
2 11
190 11
172 12
140 11
43 5
107 8
150 11
31 11
136 9
91 11
169 11
122 9
78 10
111 4
21 4
139 9
167 14
114 5
30 6
41 8
105 4
113 5
67 9
194 6
14 9
197 12
80 10
184 7
109 14
73 7
22 10
96 3
1 7
134 8
101 4
186 3
player: 9 Competitive
150 6
33 8
9 12
159 12
105 7
136 14
139 9
57 14
176 9
66 9
72 19
81 5
197 9
76 13
122 8
135 11
152 15
128 9
129 13
53 15
55 6
191 8
75 6
120 14
78 17
95 9
26 12
94 11
124 13
31 11
42 13
192 13
149 11
89 15
20 12
146 10
68 13
60 17
131 12
29 13
116 8
27 10
40 12
5 18
49 7
199 8
11 15
189 8
156 9
91 13
140 14
177 11
67 6
111 16
38 12
114 11
198 18
13 6
54 9
113 11
194 7
168 11
186 10
106 6
145 6
62 14
28 5
41 10
163 8
144 13
170 9
2 11
15 12
118 6
79 17
173 11
141 10
164 7
161 12
46 10
43 13
45 11
44 14
86 12
93 6
153 9
119 4
172 6
184 13
1 4
25 14
154 13
36 9
80 12
165 8
157 13
160 16
169 18
123 6
103 11
88 7
108 11
58 8
110 7
21 22
98 13
82 13
132 11
19 10
8 15
148 11
188 7
50 6
35 16
74 21
134 4
63 10
185 6
96 10
32 7
195 15
112 10
59 6
4 6
127 8
85 8
14 10
7 11
100 8
90 10
175 11
87 7
115 7
10 11
158 11
6 9
137 8
64 14
196 8
83 12
48 8
121 12
65 8
77 13
84 15
133 14
22 11
109 16
151 8
130 9
193 9
190 13
183 9
179 6
34 17
17 7
178 14
52 6
107 16
39 6
155 8
23 7
142 12
18 8
104 10
56 7
162 5
174 6
70 14
166 6
16 5
71 5
143 7
167 14
73 7
171 9
92 8
61 7
101 11
69 10
24 10
37 7
30 10
138 12
47 7
117 7
3 6
182 10
181 8
99 9
126 9
97 6
147 3
180 3
51 2
125 4
187 6
102 6
12 5
player: 17 Competitive
57 8
76 14
55 5
165 6
89 19
53 12
181 8
38 9
127 7
162 11
59 15
80 12
42 19
192 9
130 10
72 10
25 7
44 15
178 12
97 13
149 7
196 4
94 15
137 13
85 12
183 12
158 9
129 11
126 12
109 8
70 11
30 8
135 8
95 7
81 8
116 11
69 13
24 13
68 12
52 9
118 12
172 11
113 8
4 12
132 15
171 9
108 13
17 7
115 8
1 6
107 11
6 9
114 14
91 11
92 9
66 15
184 9
142 13
34 11
104 11
168 6
182 9
164 7
83 8
54 11
174 9
102 8
190 12
93 8
33 7
49 12
175 16
159 12
150 13
77 13
35 14
39 10
37 12
45 9
84 7
185 13
157 7
147 6
15 9
112 10
160 8
28 9
36 11
11 17
74 14
58 10
138 17
40 11
18 10
151 11
82 9
106 9
173 11
48 7
7 6
125 8
121 13
111 13
117 13
123 12
43 14
23 8
194 12
156 11
8 8
75 6
124 8
90 9
98 7
14 6
198 13
146 10
22 13
148 7
73 12
62 16
101 7
12 13
177 8
195 17
161 12
199 7
88 13
46 8
26 5
65 10
179 12
141 11
143 19
3 9
188 7
86 8
78 12
71 6
64 12
139 13
79 10
197 9
154 12
32 13
41 9
2 10
50 9
56 13
16 11
187 6
145 12
100 10
191 7
170 7
5 10
9 12
133 7
13 18
189 6
167 13
186 6
120 5
105 6
31 12
60 15
29 11
10 9
110 12
122 10
163 10
131 13
99 6
87 12
144 11
19 4
21 9
169 7
180 9
67 11
140 9
152 12
134 11
193 5
20 5
63 11
27 9
51 5
153 10
128 9
155 7
166 7
136 13
176 6
119 7
47 5
61 4
103 5
96 4
player: 15 Competitive
199 6
193 20
3 19
7 9
195 12
61 14
132 17
104 15
157 11
160 13
192 10
108 12
44 9
109 7
2 13
4 11
146 11
110 8
102 8
89 6
71 15
120 8
114 15
100 14
49 10
53 15
29 15
76 15
107 12
39 6
103 15
36 8
133 10
105 9
184 8
187 7
5 14
145 12
83 9
163 11
126 12
130 11
16 13
43 12
147 12
128 11
26 8
178 9
112 6
99 6
56 12
98 7
131 16
12 13
154 11
135 11
197 17
85 5
57 9
42 7
88 11
162 13
158 14
167 9
148 13
63 11
6 6
161 7
38 15
40 12
54 21
19 14
52 8
152 5
198 15
142 7
143 14
115 13
72 9
65 16
28 6
10 13
32 12
113 9
75 11
171 10
91 11
118 13
60 12
66 23
31 12
78 9
189 11
67 14
37 15
181 10
46 10
87 10
156 6
13 7
177 11
101 8
137 6
155 11
141 13
123 7
151 9
170 16
30 5
82 11
41 6
136 14
73 12
191 13
86 8
134 8
1 5
182 9
69 5
183 12
95 13
140 12
173 10
17 10
70 15
79 9
51 15
179 6
174 6
20 9
175 12
22 5
96 8
81 9
111 12
144 7
35 7
9 15
14 8
64 16
164 9
27 8
149 10
11 12
59 4
92 10
93 13
47 8
25 5
172 13
117 8
90 8
8 6
94 8
97 12
58 6
138 11
33 7
21 9
18 8
150 9
48 10
168 7
125 8
127 6
68 9
121 4
169 7
194 7
188 10
24 10
185 13
176 8
23 7
139 8
166 3
106 6
62 10
124 5
186 7
77 10
84 16
34 8
74 16
50 10
153 9
129 5
159 9
196 7
180 5
190 6
116 9
119 5
45 5
15 8
122 4
165 9
55 5
80 8
player: 0 Altruist
169 9
92 15
60 9
53 11
88 6
56 14
179 6
72 14
65 12
125 15
75 19
147 12
134 8
129 11
54 15
55 16
58 13
119 13
67 10
186 9
132 17
183 13
17 5
142 10
51 11
36 10
162 10
144 9
90 13
109 19
100 8
153 13
50 12
118 12
108 8
138 10
80 11
105 10
9 14
57 19
101 12
140 17
30 6
13 7
161 11
174 7
73 10
187 7
99 11
21 17
122 14
170 14
82 7
98 8
84 11
59 14
128 6
91 7
181 6
135 13
110 12
113 14
37 13
83 13
139 14
154 6
176 9
112 10
93 10
8 11
188 11
2 19
11 10
38 13
3 8
148 11
150 6
20 5
66 13
196 9
45 11
120 9
5 7
114 11
12 11
79 8
190 11
89 13
87 10
33 20
160 9
131 7
64 13
14 8
106 11
29 8
46 6
197 7
166 4
175 9
78 14
81 12
43 14
115 12
44 11
137 17
26 10
10 14
31 11
126 8
103 7
62 11
157 12
143 11
74 10
198 22
167 12
136 11
48 7
19 16
23 11
16 7
149 10
71 12
85 9
76 9
69 8
117 11
70 14
168 6
195 16
18 11
141 8
68 7
96 9
133 11
102 15
182 6
7 6
127 10
159 4
49 5
47 11
155 6
15 6
4 8
151 4
145 10
193 10
123 9
163 6
180 13
25 8
41 17
6 7
52 10
130 11
42 8
35 4
194 9
97 9
116 9
61 10
63 16
184 7
156 9
192 7
111 9
28 9
172 6
22 12
24 3
104 6
32 9
94 7
27 13
152 14
124 8
121 8
39 11
77 7
165 4
146 10
95 7
185 10
173 7
164 6
171 4
40 8
191 7
158 5
107 9
34 7
189 6
177 6
178 4
199 11
1 7
86 3
player: 7 Altruist
194 15
95 13
133 13
69 9
23 14
82 10
97 14
47 6
167 10
35 12
121 17
43 9
34 12
171 14
182 9
6 10
101 8
112 7
66 19
159 10
76 9
75 15
192 6
122 10
99 7
78 6
108 6
86 19
79 17
109 12
163 9
9 11
190 11
15 21
56 12
143 10
129 13
142 7
123 10
147 8
55 12
146 13
74 13
174 11
27 12
184 10
85 8
131 14
36 15
188 11
160 18
151 14
18 16
2 14
37 15
148 8
52 9
134 9
45 8
10 8
105 7
199 5
65 12
48 16
103 14
16 9
100 13
90 8
61 6
87 8
138 16
157 13
39 10
96 9
110 10
141 12
63 21
156 8
185 11
124 14
104 8
180 9
12 12
94 6
64 12
59 11
49 13
60 17
114 11
13 12
198 6
30 12
172 8
40 12
14 13
70 12
20 10
11 13
197 7
153 13
67 11
116 10
25 11
91 8
22 8
186 8
88 12
126 12
17 15
68 7
132 15
113 8
115 14
137 10
170 14
50 17
173 7
140 14
89 6
183 9
77 8
196 6
58 16
98 7
187 10
44 4
62 6
127 15
154 9
145 8
29 10
150 8
102 10
106 9
84 5
119 14
92 9
144 10
1 6
155 5
73 10
41 3
21 5
161 5
128 14
130 12
120 10
136 18
125 9
33 9
26 11
28 10
164 5
149 10
191 7
135 8
175 4
57 13
111 9
179 9
83 9
189 7
177 6
81 10
51 9
71 5
5 13
93 8
139 7
162 10
169 11
178 7
80 7
32 7
72 9
118 17
195 7
165 8
168 8
158 12
107 3
3 8
46 10
117 3
166 5
24 5
53 7
31 10
54 14
7 8
193 5
181 10
152 7
42 8
8 5
19 5
176 3
4 6
38 2
player: 1 Altruist
4 8
117 12
186 10
11 6
104 11
10 12
100 15
163 5
49 8
41 8
125 14
36 8
190 7
153 14
20 12
87 7
121 12
59 10
198 9
124 12
140 12
46 6
156 13
147 8
37 11
70 9
106 8
62 13
24 12
19 14
5 9
143 14
154 12
120 8
114 24
57 10
73 16
137 11
99 12
48 8
80 11
180 5
32 13
167 8
177 10
29 9
52 14
76 11
171 7
151 6
34 6
89 4
75 9
128 13
69 10
3 13
44 14
123 10
54 12
187 14
126 15
134 11
179 10
146 11
65 16
31 13
92 7
13 7
132 9
64 12
78 7
161 10
85 12
160 9
82 9
174 10
18 12
183 7
141 6
194 10
88 8
185 12
55 16
176 11
51 7
93 13
1 10
172 7
53 10
61 11
16 11
118 14
195 9
77 14
199 9
91 10
113 13
68 12
127 11
74 14
102 15
28 11
149 11
148 12
135 10
97 16
112 10
197 9
136 13
95 13
169 6
130 4
47 11
144 17
107 11
116 16
133 10
56 19
109 17
138 11
21 10
27 7
8 9
152 8
105 10
150 9
189 10
60 13
178 7
166 9
103 10
111 11
45 8
15 11
139 12
101 14
192 11
14 10
58 17
131 10
9 13
119 10
72 9
96 6
43 6
191 15
115 13
158 14
142 10
30 12
2 10
90 8
38 13
83 5
40 7
155 8
122 13
98 14
84 8
79 7
188 11
67 10
6 7
86 6
17 12
168 6
184 5
66 10
7 11
22 7
94 8
145 7
165 10
196 4
33 11
193 8
71 5
159 6
42 5
164 4
23 8
110 14
181 10
35 11
175 6
170 5
129 7
12 10
81 7
50 14
108 7
173 11
39 4
182 3
26 4
162 4
63 10
25 7
157 2
player: 4 Altruist
93 11
154 10
58 8
52 12
129 16
35 10
80 9
165 9
130 13
136 18
43 15
7 7
97 10
27 14
106 13
62 12
146 14
184 14
174 7
125 8
104 7
116 16
41 11
37 15
127 17
34 12
164 6
99 9
158 14
68 15
91 14
198 9
82 15
191 10
2 15
117 8
59 9
54 10
38 10
88 8
140 13
178 9
169 6
189 8
147 9
188 6
153 8
90 10
156 11
157 16
148 6
11 7
132 21
25 11
103 10
75 13
102 8
151 6
143 11
65 12
133 14
182 10
42 9
190 10
196 5
138 8
50 13
123 13
24 15
142 16
192 7
194 7
51 13
64 12
60 8
159 13
44 11
36 11
98 7
5 10
55 9
141 17
107 13
137 18
105 7
72 12
124 10
128 11
22 10
32 7
3 10
92 11
122 14
29 11
111 13
26 6
83 7
131 17
100 12
108 9
171 13
144 11
46 13
121 11
85 16
70 16
63 18
67 11
101 15
74 9
1 6
13 9
28 14
71 13
19 4
161 3
193 6
180 9
150 12
183 7
94 10
134 17
20 11
145 8
86 2
56 7
173 6
162 6
135 14
69 11
33 10
57 13
166 13
119 10
126 12
195 14
47 11
160 5
73 5
149 10
8 6
155 12
186 14
167 9
185 7
179 6
112 18
113 12
9 12
45 12
21 13
10 11
79 7
4 9
197 8
176 4
61 9
181 7
163 8
199 9
187 6
81 8
118 11
115 8
48 7
177 9
6 8
120 8
152 8
17 8
170 5
16 4
77 5
87 6
109 13
49 6
110 7
139 17
84 6
23 12
14 9
18 8
31 5
66 12
12 14
172 4
76 8
95 13
89 8
39 8
78 4
114 11
30 4
53 7
15 6
168 3
40 4
175 7
96 2
player: 8 Altruist
66 13
191 10
4 10
187 9
34 12
63 17
69 9
151 13
109 12
76 7
45 11
155 7
154 17
2 14
153 10
43 9
142 11
168 10
46 15
3 12
134 14
39 7
131 14
127 10
128 13
44 12
165 9
67 11
199 6
12 10
49 10
186 8
58 8
100 5
129 17
103 10
108 8
138 9
73 10
107 13
26 15
78 7
5 20
183 4
54 17
198 9
117 8
98 12
162 12
146 11
185 5
59 16
77 10
99 8
102 11
11 9
161 9
16 9
125 9
37 6
181 4
25 5
15 11
80 9
79 9
195 11
190 11
89 12
113 12
136 10
23 7
177 10
110 13
8 10
81 11
193 12
53 8
160 12
145 13
112 15
72 7
171 8
172 8
170 10
105 11
68 10
74 6
14 15
65 8
87 9
21 9
91 9
114 12
141 13
137 8
147 13
38 13
167 8
61 15
156 7
101 19
47 9
19 9
85 16
175 6
115 17
70 12
20 11
140 12
97 12
121 17
159 11
48 12
62 9
192 11
71 15
82 6
52 8
29 11
174 11
104 8
176 7
143 18
148 6
24 12
111 17
94 12
139 4
33 8
28 7
17 9
196 7
126 18
36 11
132 14
169 5
124 14
32 11
31 11
30 9
179 4
83 9
164 6
64 15
55 15
133 12
22 12
9 8
27 7
106 7
86 9
18 13
42 6
56 9
116 10
57 15
184 8
157 6
122 12
194 7
50 8
40 11
123 7
150 10
35 8
93 10
152 4
75 4
10 9
119 16
158 4
84 7
189 4
120 13
13 11
178 6
41 10
135 10
182 14
96 8
60 14
149 7
197 9
144 8
95 9
88 8
7 7
90 8
180 7
163 11
92 9
173 9
118 16
188 5
6 8
51 4
130 5
166 1
1 6
player: 11 Competitive
81 13
28 9
48 7
116 10
190 8
150 10
199 11
189 13
181 9
91 9
30 13
98 15
188 12
64 7
87 11
76 14
117 9
43 11
79 7
17 18
164 6
169 12
63 10
4 11
175 11
132 6
195 11
35 10
86 8
12 9
187 10
70 16
52 14
9 12
159 7
10 14
156 9
133 15
120 8
51 10
97 14
41 12
99 9
182 7
104 13
20 11
19 12
101 7
126 17
93 13
31 8
176 9
191 10
16 4
80 13
167 11
95 11
72 18
114 7
177 9
69 7
65 19
67 12
154 6
165 17
56 13
196 10
18 9
168 14
128 11
90 15
36 9
130 8
186 9
107 14
55 8
166 13
138 11
105 9
13 14
158 11
142 8
139 10
145 13
140 17
15 13
14 8
66 11
1 7
73 9
78 13
102 8
29 13
198 14
131 13
68 10
57 6
148 17
42 10
157 10
23 12
153 7
194 4
62 13
121 8
3 10
155 11
94 9
174 11
77 7
46 9
5 13
111 12
110 9
113 15
27 15
32 5
54 9
112 11
22 11
60 11
53 11
170 5
172 10
146 17
134 11
160 11
127 11
108 9
119 10
115 7
152 13
61 7
109 12
59 10
179 5
125 9
85 10
162 9
88 10
47 4
192 11
21 9
178 10
83 8
180 8
144 9
7 7
118 12
50 15
123 8
26 8
96 15
193 5
6 11
74 10
58 7
44 7
39 5
143 8
71 10
137 6
147 10
24 7
92 9
2 16
49 4
173 6
183 11
184 9
38 9
40 10
171 9
161 11
106 5
33 9
151 10
135 11
149 6
136 10
89 7
8 10
124 13
197 6
185 12
82 5
122 8
129 20
163 7
45 5
100 8
34 13
11 7
25 7
75 3
141 5
84 7
37 9
103 5
player: 2 Altruist
198 10
109 13
119 13
32 9
195 19
45 11
43 13
14 7
175 10
158 9
152 9
164 12
183 10
78 9
157 4
140 18
25 9
116 17
153 11
11 9
138 14
18 13
156 11
79 7
81 15
188 4
38 6
63 12
22 8
52 10
51 14
123 13
104 10
133 12
35 15
174 5
167 15
31 10
87 11
192 19
91 5
15 10
92 5
135 12
59 9
113 16
190 6
60 13
28 6
13 15
4 14
101 14
115 13
128 11
150 7
21 6
142 8
24 8
17 14
50 18
181 8
144 19
141 11
36 13
7 12
74 5
73 16
170 5
42 15
95 6
53 12
130 10
61 11
173 10
108 5
121 8
75 15
40 11
160 8
41 10
137 15
47 18
34 14
120 14
127 7
89 12
68 13
71 8
191 9
23 12
48 8
10 18
176 7
97 7
86 15
165 11
44 9
148 16
94 11
46 10
49 12
56 6
93 13
102 7
69 14
111 9
90 8
145 8
83 9
139 16
76 7
112 7
99 8
58 12
19 11
189 8
179 8
67 12
147 6
85 6
3 14
159 6
194 10
131 13
172 6
184 8
2 11
37 4
72 16
168 5
54 15
96 9
70 9
161 11
180 5
20 8
33 10
146 8
134 13
196 13
171 9
65 16
6 9
77 7
62 14
178 8
117 6
125 6
29 12
110 6
126 13
193 6
155 7
88 10
122 11
136 9
9 16
114 16
12 3
16 7
162 8
103 9
154 7
129 11
1 3
39 7
107 11
143 17
98 9
199 6
106 9
186 6
27 5
166 9
55 10
57 6
177 6
80 7
169 12
197 8
64 7
118 6
30 10
26 9
132 15
84 6
100 9
66 9
182 7
163 12
5 13
187 14
105 9
151 7
185 8
124 8
149 5
82 3
8 5
player: 12 Competitive
9 10
89 8
195 18
91 14
150 7
14 6
88 6
57 10
185 7
128 16
147 9
50 11
55 17
52 10
33 17
86 7
103 8
162 18
157 6
11 12
122 18
174 11
138 10
90 15
199 3
123 10
181 14
76 6
183 14
120 10
106 10
38 7
170 11
63 12
46 10
58 20
35 7
27 10
124 10
3 12
73 7
165 16
54 12
24 8
74 14
44 14
18 10
132 8
119 12
45 12
60 9
182 10
196 6
112 15
194 13
171 12
62 13
84 9
36 10
109 8
83 11
100 17
110 14
7 12
143 9
72 12
23 13
70 8
111 13
19 12
188 12
191 12
154 14
34 9
117 10
142 16
26 7
81 15
12 10
197 11
92 17
169 8
140 16
80 12
144 10
93 14
41 13
168 11
114 7
198 15
10 14
102 9
175 11
166 11
129 12
159 10
56 9
164 9
77 12
186 10
131 9
40 9
6 8
32 11
101 8
125 11
87 12
13 9
47 12
189 9
31 10
126 8
193 10
139 5
97 14
163 7
43 12
179 6
75 8
21 11
184 9
2 7
149 13
148 6
71 7
130 9
105 10
190 13
134 11
151 8
135 8
104 4
78 9
145 10
98 10
137 14
8 8
65 8
16 13
48 14
94 10
178 10
127 9
177 8
69 8
152 15
156 6
39 14
158 10
4 10
59 5
115 4
160 8
108 10
53 10
49 6
173 9
176 9
20 6
51 8
29 11
99 7
172 9
1 7
42 9
107 9
116 13
67 10
118 10
113 11
146 5
30 9
180 9
64 7
66 10
25 11
28 8
15 7
161 7
85 5
82 10
5 11
192 8
22 10
187 12
121 7
68 11
96 7
17 11
155 7
61 9
167 8
133 5
153 7
141 4
79 5
37 8
95 5
136 4
player: 5 Altruist
125 13
12 7
107 9
160 6
192 17
76 11
35 11
122 5
5 12
190 11
199 7
120 12
90 13
69 11
135 16
58 19
137 11
33 15
164 9
87 13
92 7
138 15
91 11
182 6
123 8
112 9
131 14
106 12
17 8
29 13
42 15
28 13
14 9
110 13
196 4
95 11
85 9
1 7
72 6
11 9
165 6
173 11
163 10
61 12
184 7
168 8
193 4
13 7
148 5
108 16
119 9
94 7
32 6
146 13
145 11
82 6
44 5
104 6
23 13
49 10
147 9
43 13
65 13
2 17
117 8
150 10
152 7
83 15
53 11
189 8
3 14
186 8
154 11
191 10
187 9
114 12
144 10
38 11
24 10
9 13
185 7
68 9
48 11
84 6
30 8
31 10
181 11
18 10
188 8
34 7
81 10
132 14
174 8
60 12
57 13
73 5
149 8
80 9
97 10
47 10
99 12
50 14
25 13
4 7
198 13
64 20
136 21
71 12
46 9
133 9
170 9
89 8
66 16
51 8
16 11
26 11
56 15
98 5
10 11
159 14
88 9
62 14
143 12
77 8
39 13
129 10
45 11
79 7
158 6
105 18
27 11
113 5
20 17
194 10
54 9
8 8
15 10
55 6
156 8
103 8
126 5
121 14
141 14
102 7
139 12
124 13
70 9
118 12
63 15
161 8
197 15
175 6
40 8
37 14
36 14
86 12
177 6
127 9
22 13
67 9
180 3
41 16
74 12
183 6
101 11
93 15
166 8
75 10
169 9
116 11
100 7
111 14
140 11
195 11
128 7
176 4
96 9
167 11
6 9
7 6
115 11
179 6
78 12
153 6
134 11
52 12
130 9
172 2
155 9
151 8
59 11
157 5
21 10
171 7
109 6
178 8
19 11
142 4
162 5
player: 16 Competitive
94 10
92 12
161 16
180 5
153 11
55 10
90 6
33 11
147 12
98 9
160 12
144 12
101 8
192 12
178 14
2 14
130 10
26 12
56 8
103 7
44 13
36 10
39 15
132 11
127 8
19 12
10 11
18 12
197 11
87 8
16 22
66 9
112 8
40 14
138 12
184 14
141 8
57 10
86 11
54 11
47 10
7 16
173 8
80 4
25 6
105 12
188 16
85 20
125 8
186 14
60 17
195 19
72 20
109 17
73 4
32 12
115 11
37 5
108 7
23 9
83 13
48 10
171 16
77 12
24 12
52 11
104 11
122 7
113 17
146 19
53 6
152 8
185 10
20 10
158 15
12 12
114 13
111 11
84 9
6 7
156 9
123 9
50 10
193 7
143 10
183 14
165 18
51 5
13 11
46 8
182 12
142 12
117 9
81 5
97 9
191 9
121 12
38 7
61 13
102 6
128 6
136 11
190 13
139 10
75 12
164 7
62 11
162 12
163 3
116 7
166 9
154 8
126 10
42 8
134 12
150 4
78 7
28 13
157 9
21 6
71 11
95 9
145 14
181 10
59 11
9 6
177 14
17 13
43 5
45 11
176 12
167 9
34 8
155 8
29 10
187 10
179 11
96 8
68 6
31 15
27 18
119 12
100 5
30 7
107 10
189 11
41 8
135 15
70 16
91 9
140 11
11 6
69 9
124 14
15 10
82 11
118 7
172 11
35 7
63 8
65 9
67 6
22 7
168 8
170 15
79 4
198 10
196 7
4 5
110 10
148 2
159 7
120 7
58 12
99 4
14 10
88 7
199 6
8 11
64 15
49 11
3 13
194 4
5 10
149 7
131 8
93 9
151 6
174 12
137 9
74 10
76 9
89 5
175 8
106 8
169 6
1 7
133 5
129 7
player: 13 Competitive
15 9
63 13
155 13
102 10
75 16
164 18
1 7
7 12
130 11
69 8
146 13
49 8
95 11
44 9
137 10
77 12
198 7
178 2
120 6
12 9
90 5
186 9
30 8
153 9
126 7
115 8
99 8
31 13
41 3
150 12
118 10
190 11
154 13
184 13
188 18
73 12
183 9
168 8
103 11
191 11
2 18
27 12
76 9
83 10
52 14
127 5
86 10
106 6
80 9
128 12
26 11
125 14
34 12
111 13
9 10
51 11
129 10
167 16
56 9
68 5
50 9
170 6
38 6
165 7
158 7
171 13
138 13
142 17
79 11
131 11
64 12
65 13
60 11
3 13
175 5
160 10
72 11
97 11
135 20
162 16
88 15
147 11
181 12
105 12
197 11
22 9
163 12
151 9
10 12
152 12
6 11
114 20
177 8
116 11
20 10
149 15
8 17
29 9
194 8
199 8
39 14
169 9
136 12
92 12
4 7
133 9
157 10
123 11
25 12
176 5
58 15
117 10
54 8
32 14
42 9
23 10
187 11
35 6
18 13
145 12
89 10
107 5
196 10
140 16
70 9
100 9
109 8
98 7
82 13
87 13
189 11
134 9
174 10
180 9
46 17
108 10
148 12
11 6
185 10
55 9
74 12
37 9
24 11
67 4
179 12
45 9
110 11
28 6
192 9
119 8
93 7
43 9
121 12
132 10
84 7
61 11
166 16
33 11
21 4
47 4
139 13
85 9
40 8
16 5
193 12
143 12
122 11
182 10
62 10
124 8
195 14
94 4
113 9
14 11
78 5
53 3
71 7
66 9
96 8
81 15
5 11
17 5
112 12
173 8
144 13
172 6
156 12
19 7
159 12
101 5
59 7
57 6
104 8
36 4
13 4
48 12
161 6
141 7
91 6
player: 10 Competitive
181 15
124 16
93 4
92 12
47 8
134 15
15 8
77 12
65 12
41 12
100 8
130 6
165 14
194 10
45 16
140 9
123 15
198 16
84 11
142 11
190 8
116 10
125 13
189 8
37 11
175 10
195 16
52 20
55 14
98 9
196 7
32 12
136 9
50 13
113 14
154 16
174 6
148 12
139 13
155 5
82 17
44 12
161 13
48 11
75 10
121 13
27 8
168 10
112 13
184 16
183 11
99 19
109 9
96 6
49 12
107 10
30 11
9 14
4 11
152 12
193 13
63 9
153 10
177 10
46 13
182 10
122 13
169 11
179 6
83 8
6 9
133 9
20 5
29 6
53 14
158 11
70 10
137 8
117 10
166 9
90 7
128 14
102 7
16 11
8 12
176 13
42 4
138 11
5 12
13 12
58 13
111 7
73 9
43 12
127 9
54 10
69 8
56 21
71 10
197 14
91 9
146 8
101 10
95 15
108 9
59 7
119 5
67 9
1 6
38 13
12 18
185 9
147 15
115 8
105 13
163 10
3 6
104 5
74 13
180 15
68 12
126 5
61 10
171 7
132 14
64 9
188 8
25 11
36 8
85 6
17 8
97 10
106 9
103 12
131 14
72 11
66 16
191 9
76 10
114 7
156 10
24 11
88 10
31 12
35 12
167 5
157 9
2 9
87 8
10 12
151 9
26 10
39 8
170 8
14 12
80 9
89 6
129 5
78 14
141 9
62 11
144 8
11 10
145 10
33 12
178 10
22 9
19 9
94 7
186 9
7 6
79 10
173 7
118 9
34 6
23 6
164 12
57 7
160 11
28 6
150 7
187 13
135 7
40 7
21 8
60 11
120 8
86 12
18 7
149 9
192 9
110 10
172 5
81 3
51 6
143 3
159 4
162 3
199 2
player: 6 Altruist
135 9
93 6
156 11
38 10
115 12
111 13
55 7
180 6
62 11
161 14
27 11
139 12
192 9
97 13
45 13
22 11
193 4
195 10
125 15
87 10
36 12
146 6
151 17
169 16
6 7
100 8
190 10
1 5
84 10
77 13
17 13
144 10
186 6
109 12
76 5
30 10
25 11
163 8
107 6
104 9
134 15
122 11
120 13
162 2
52 14
199 10
20 11
79 11
94 9
39 13
23 11
152 12
102 10
159 8
197 15
117 14
90 8
110 11
70 13
63 11
3 8
121 9
61 11
158 14
101 12
173 5
188 11
32 14
64 14
171 13
124 14
59 12
18 11
86 9
142 15
69 9
167 12
157 10
128 21
74 13
148 14
166 10
182 10
131 7
181 11
187 5
31 11
33 13
179 8
113 9
175 4
60 7
129 13
118 13
47 6
127 7
185 4
172 5
5 15
67 7
12 11
48 13
149 7
26 16
176 5
9 10
96 3
136 12
21 11
114 10
89 12
99 17
40 12
103 10
11 10
42 15
164 9
126 15
106 11
14 10
29 10
147 16
165 8
108 12
105 9
137 8
37 4
155 13
58 15
19 6
145 11
56 11
65 14
2 14
53 11
194 12
85 12
10 5
91 13
71 6
16 6
119 8
7 12
153 12
28 8
4 6
54 15
81 10
183 5
123 9
98 9
141 8
92 7
13 10
178 6
138 7
154 10
95 6
140 9
168 7
112 9
72 11
68 14
130 11
78 7
8 6
160 9
83 9
116 15
49 9
133 9
57 11
82 5
15 10
34 8
80 8
51 11
44 10
177 4
143 12
88 12
35 10
174 7
24 11
75 13
41 7
66 13
132 15
50 11
170 6
184 6
196 6
150 10
43 9
189 8
191 6
198 10
73 8
46 6
player: 3 Altruist
3 14
144 21
56 14
79 10
46 11
106 9
84 9
141 8
58 15
34 16
37 9
134 18
86 8
26 9
153 7
100 7
98 11
108 10
14 14
52 11
23 15
59 13
177 8
182 11
139 12
150 12
117 12
22 9
70 10
50 8
41 8
33 9
136 17
157 8
38 7
99 11
69 10
21 13
109 9
61 19
11 14
132 19
176 10
39 11
156 7
78 10
175 11
131 21
155 10
28 7
72 10
130 12
103 10
73 9
121 11
105 12
148 13
4 4
90 8
192 9
62 11
110 9
83 8
135 9
101 15
193 10
119 11
138 16
87 8
102 12
120 9
195 23
112 12
189 9
10 13
166 1
1 8
181 8
111 13
191 6
196 5
133 14
15 9
63 14
168 8
8 12
164 6
104 10
36 15
116 10
158 12
184 9
66 12
145 6
6 8
65 9
42 9
92 7
31 13
40 10
53 12
190 17
146 12
48 9
198 10
124 16
162 9
96 12
82 8
129 10
57 12
19 5
20 11
160 13
171 12
151 8
76 13
55 12
47 15
142 10
29 5
95 9
180 8
16 9
93 9
74 8
91 7
122 8
64 12
81 11
24 9
43 8
140 13
147 7
35 11
77 9
13 16
174 7
172 10
68 13
71 6
85 13
2 14
167 10
54 9
30 10
88 11
178 10
18 7
126 11
118 10
97 8
137 17
94 7
125 12
51 12
187 6
143 11
183 10
9 12
199 5
80 13
114 11
197 10
49 9
163 5
170 7
44 9
159 8
17 4
5 18
169 5
89 10
173 8
149 5
75 6
60 12
12 10
152 5
32 7
165 4
25 7
45 12
185 7
107 10
194 4
179 7
67 7
161 7
186 9
123 7
127 9
154 3
113 8
115 10
128 7
7 5
188 4
27 6
rank player: 14 Competitive
10 113
14 114
4 104
13 93
2 114
11 104
3 102
9 126
8 118
16 108
12 109
15 121
7 111
5 107
17 127
1 105
6 105
18 119
rank player: 9 Competitive
13 115
3 113
14 106
10 104
16 116
15 135
6 122
5 107
9 117
18 107
7 108
12 93
11 111
1 112
4 112
8 105
2 110
17 107
rank player: 17 Competitive
5 107
6 109
16 122
8 124
17 111
3 110
10 109
18 112
14 116
4 117
15 103
13 117
7 106
9 98
2 126
1 98
12 113
11 102
rank player: 15 Competitive
18 124
1 119
17 127
7 131
14 111
11 104
13 106
15 121
3 119
10 109
8 100
5 104
9 95
6 115
2 96
12 99
16 115
4 105
rank player: 0 Altruist
14 97
8 124
9 115
6 121
7 110
16 103
10 120
15 105
11 116
13 106
3 110
17 98
12 113
2 117
5 118
4 110
1 100
18 117
rank player: 7 Altruist
16 107
10 123
13 132
7 117
1 109
12 108
4 107
14 116
2 116
5 107
15 106
17 106
8 101
9 123
6 113
3 115
18 94
11 100
rank player: 1 Altruist
2 121
12 128
17 104
9 115
1 97
13 108
16 107
3 106
11 123
14 109
10 108
4 107
5 121
7 100
6 125
15 97
8 117
18 107
rank player: 4 Altruist
8 111
16 104
5 116
12 126
3 101
9 114
15 112
1 102
2 113
11 133
4 97
10 109
6 109
17 100
18 101
14 126
13 114
7 112
rank player: 8 Altruist
6 114
17 97
2 94
18 89
3 113
8 125
14 116
9 118
7 114
4 117
16 91
1 122
5 112
13 114
15 110
12 111
10 117
11 126
rank player: 11 Competitive
7 113
2 118
5 110
12 117
15 114
17 116
18 102
8 106
10 120
16 118
9 102
3 107
6 105
1 116
13 117
4 87
14 122
11 110
rank player: 2 Altruist
17 88
11 114
12 128
3 116
18 112
4 108
5 110
2 100
15 121
14 99
1 118
16 115
8 106
13 116
9 96
6 119
7 130
10 104
rank player: 12 Competitive
3 103
6 109
18 124
9 112
13 99
2 102
11 100
5 117
7 111
4 129
16 111
1 113
17 124
12 99
15 116
10 114
8 110
14 107
rank player: 5 Altruist
11 104
1 124
15 106
16 86
9 121
4 111
12 106
18 106
13 103
6 123
14 111
8 122
10 111
2 130
3 116
7 108
17 94
5 118
rank player: 16 Competitive
9 110
7 97
16 121
17 146
14 111
12 104
10 91
2 112
13 105
8 97
18 121
1 119
5 110
6 96
4 129
11 101
3 111
15 119
rank player: 13 Competitive
4 95
15 117
11 128
6 96
18 126
1 108
14 104
7 103
9 109
5 93
12 110
13 101
17 122
8 104
16 147
3 116
10 116
2 105
rank player: 10 Competitive
15 99
13 102
10 101
5 119
2 110
8 101
7 115
4 113
9 114
14 117
18 120
6 109
12 97
11 110
17 130
3 104
16 126
1 113
rank player: 6 Altruist
12 111
9 117
14 113
4 129
11 120
6 102
17 104
5 107
16 115
1 96
10 113
2 112
3 127
18 93
13 122
15 96
8 108
7 115
rank player: 3 Altruist
1 129
15 102
7 99
8 121
4 123
13 130
10 118
12 128
3 111
9 98
2 104
14 105
16 88
11 94
6 108
17 99
5 117
18 126
