player: 7 Individualist
20 16
139 9
58 12
190 6
154 13
173 5
92 10
16 13
122 9
80 11
63 18
176 17
134 7
60 2
18 16
102 10
113 8
104 17
103 14
118 10
38 8
45 11
98 10
42 10
168 4
12 9
10 16
65 9
85 11
22 12
50 12
171 12
166 10
184 11
158 16
107 16
132 18
70 18
28 11
67 11
175 12
31 11
5 15
109 12
147 12
91 10
115 8
14 13
196 10
3 13
141 7
181 9
120 6
119 14
52 11
93 10
142 14
177 10
74 18
152 7
136 13
33 15
159 15
32 6
192 7
163 11
37 6
198 12
54 11
121 8
117 18
87 7
106 12
182 12
164 9
195 8
75 15
49 13
61 11
96 9
26 12
72 9
149 8
162 12
179 9
186 13
11 14
35 10
97 9
86 7
167 10
160 10
99 12
101 12
39 9
36 6
144 13
111 14
41 8
188 7
57 7
30 11
191 7
79 14
124 11
169 8
29 8
187 6
131 10
140 13
9 6
148 10
53 10
197 11
1 4
24 12
185 9
130 11
62 15
94 9
64 9
138 14
68 17
108 12
143 10
151 10
4 8
146 19
180 12
40 7
43 15
19 11
2 7
6 6
73 11
59 10
34 7
7 12
178 7
66 17
157 6
21 9
89 9
114 10
155 11
84 10
100 7
127 11
174 11
69 7
133 11
116 5
23 7
13 7
25 5
150 12
47 14
165 6
135 14
51 11
8 8
137 11
172 9
156 7
90 12
129 8
83 3
17 6
71 11
170 14
81 7
126 7
194 3
199 6
110 9
48 7
44 13
128 7
183 7
95 6
123 11
76 10
105 10
88 12
78 10
153 8
189 7
15 6
193 7
77 5
161 6
112 8
125 7
55 8
82 4
145 4
27 8
56 7
46 3
player: 2 Individualist
120 11
123 11
178 13
124 8
195 3
28 10
107 10
60 12
55 19
54 10
159 8
153 13
3 16
137 10
77 13
56 9
97 4
108 12
106 7
189 10
156 11
125 7
182 10
33 6
116 10
15 13
148 11
2 8
64 12
93 9
111 11
129 18
21 11
66 12
29 14
180 4
157 13
50 8
4 7
81 9
76 9
147 7
193 6
127 11
26 8
36 6
142 13
13 9
197 19
167 10
83 9
7 10
98 14
62 7
52 12
87 16
166 14
19 10
68 7
51 12
18 16
174 11
181 12
43 12
63 13
168 9
75 15
176 5
85 13
103 13
8 10
20 9
114 13
138 11
163 11
35 12
37 8
79 17
91 8
132 14
149 13
102 12
94 10
69 11
112 14
48 12
154 8
118 11
119 10
24 7
90 14
53 11
72 7
12 10
58 14
188 13
160 6
16 19
31 18
89 9
139 8
191 7
165 12
143 11
135 7
109 7
17 8
42 8
46 13
177 11
199 7
152 13
80 12
27 9
194 7
84 10
115 15
140 8
151 9
122 6
5 6
32 13
9 14
39 7
38 18
162 6
186 9
10 7
128 13
145 8
183 8
25 13
47 13
30 11
169 11
59 7
131 12
1 12
150 13
45 13
187 12
23 9
57 8
161 6
44 8
6 6
71 17
141 7
133 13
126 10
88 11
74 5
172 12
65 8
144 9
22 10
14 19
170 9
146 13
185 14
121 11
171 9
113 11
70 8
196 10
192 6
67 11
155 15
92 7
198 9
41 9
104 5
100 15
99 14
158 6
136 8
11 9
117 5
82 8
34 8
134 8
184 12
175 6
96 3
73 8
86 6
61 9
130 11
95 7
105 6
164 8
40 4
179 5
190 10
78 7
49 7
101 1
110 5
173 2
player: 10 Competitive
88 10
143 13
176 13
41 8
5 9
109 12
107 12
52 14
122 10
101 12
65 9
10 15
105 7
174 10
93 15
57 9
172 7
171 13
94 8
55 9
73 7
131 11
186 13
81 10
18 7
130 10
58 4
30 9
126 8
51 12
80 9
35 12
196 11
17 7
138 13
173 10
160 12
115 11
64 10
134 8
36 10
28 15
168 13
184 13
49 10
124 9
11 11
46 11
113 11
146 18
27 10
135 8
155 8
50 14
127 10
86 11
56 7
132 11
8 5
3 12
100 13
71 5
144 15
164 14
37 8
142 10
72 10
90 12
22 3
189 13
99 9
161 7
193 15
112 14
114 5
166 9
20 11
167 14
152 15
67 10
119 19
154 15
133 12
16 17
128 9
158 9
4 11
32 7
197 16
178 6
31 8
23 10
121 9
53 9
198 17
163 9
91 8
102 7
42 11
153 11
66 14
69 8
43 14
108 11
182 16
156 7
151 12
147 7
74 10
45 11
118 16
110 8
177 14
162 7
123 7
79 10
40 8
139 15
159 9
148 13
2 10
47 8
103 8
194 9
59 8
169 10
7 13
149 10
83 13
96 5
62 10
157 12
137 13
175 11
33 9
141 9
21 10
82 12
97 13
129 9
78 7
185 10
29 14
192 5
44 12
180 10
187 11
68 11
188 10
39 10
104 7
195 8
111 12
77 6
26 12
54 12
125 13
89 6
48 6
136 13
150 16
87 11
84 13
38 6
76 8
24 10
98 7
191 9
170 8
75 12
183 11
190 9
13 5
6 6
85 7
25 9
63 12
116 8
140 8
181 7
34 7
61 8
15 10
165 9
12 8
14 8
19 7
120 9
145 12
117 11
95 7
179 4
92 6
9 8
60 9
199 4
1 4
70 8
106 7
player: 17 Competitive
94 12
155 10
7 11
52 18
119 14
36 12
87 17
171 13
84 12
196 8
172 16
134 12
28 15
197 11
174 6
108 10
93 17
194 5
19 11
109 6
139 10
131 10
60 7
149 11
15 9
22 14
161 18
138 9
44 11
43 12
156 13
191 16
114 7
11 8
100 15
121 11
90 17
95 9
153 15
29 12
122 8
133 8
140 10
80 12
146 10
179 7
154 16
189 7
41 12
40 9
159 10
34 15
74 11
144 8
193 14
57 7
10 8
20 10
68 10
49 6
105 9
112 12
85 14
72 12
27 14
14 7
132 9
152 12
25 15
125 9
73 9
5 7
137 12
88 11
120 10
127 14
97 10
70 11
183 9
67 11
180 9
148 11
2 10
42 10
182 19
175 8
54 6
21 8
162 10
24 14
115 7
58 10
104 7
99 8
124 7
111 8
30 6
4 5
18 14
192 13
17 10
167 9
9 7
38 13
163 6
76 14
45 9
164 14
98 11
91 6
166 12
83 15
35 15
39 6
71 9
65 18
62 7
63 11
186 14
81 14
51 15
47 9
12 15
176 12
106 8
147 9
178 11
123 7
89 12
46 9
79 12
69 10
170 12
55 10
86 9
66 9
64 6
48 6
116 9
181 10
92 10
107 8
142 12
188 13
118 18
23 8
53 8
136 7
110 11
56 7
130 6
128 10
187 8
195 7
143 18
169 6
101 13
126 10
165 5
26 11
1 7
16 11
177 4
37 7
32 10
77 8
75 6
33 9
135 6
185 4
102 5
103 12
151 9
199 7
168 10
198 5
157 8
3 15
8 8
145 5
190 4
117 10
141 7
61 9
129 4
173 5
113 11
150 9
160 10
82 13
59 11
96 7
184 7
158 7
6 6
31 5
13 10
78 12
50 6
player: 16 Competitive
191 7
194 7
15 9
167 6
67 13
74 5
44 7
3 21
108 11
71 13
87 9
50 11
154 6
148 9
8 14
78 10
151 14
176 13
25 13
52 10
140 13
36 11
136 9
145 8
187 14
5 5
180 9
4 11
128 8
111 12
166 10
22 8
147 13
198 10
83 8
159 17
64 11
138 12
76 9
186 18
21 6
149 13
170 11
20 10
115 5
96 6
197 20
80 13
141 16
126 8
92 12
98 13
143 11
91 12
107 11
104 9
51 18
68 14
189 8
103 12
127 11
122 7
142 7
109 8
184 12
55 9
131 14
33 10
97 12
59 9
43 17
2 10
46 16
99 7
165 13
70 10
39 11
105 15
124 12
57 7
95 6
48 12
81 15
185 7
85 8
58 7
42 19
37 13
18 9
40 5
152 16
84 12
179 18
125 8
93 13
12 6
119 10
178 13
72 15
134 6
120 10
65 6
13 11
183 9
123 11
100 13
61 9
157 7
82 10
27 11
146 9
169 6
9 12
49 4
6 6
89 11
130 14
14 9
102 4
16 11
114 8
153 11
31 11
73 7
156 10
28 12
17 9
174 15
63 11
7 8
168 7
86 6
56 10
38 12
69 13
106 8
144 10
29 11
172 16
164 13
137 7
139 7
175 11
26 13
171 11
24 10
79 11
193 10
101 4
60 14
88 8
133 12
182 12
163 8
32 10
77 10
11 10
150 11
35 10
118 8
160 11
66 12
75 6
113 8
121 18
158 9
116 6
53 3
110 13
129 9
162 11
132 7
10 10
34 4
173 7
47 11
177 11
45 11
155 9
54 13
196 6
199 7
188 4
135 5
62 5
94 4
181 11
112 9
41 12
195 5
19 11
192 9
90 7
117 6
30 7
161 7
1 7
23 9
190 5
player: 0 Individualist
149 8
182 16
82 14
62 15
147 8
7 11
179 10
43 10
20 11
164 13
87 11
98 9
177 12
143 15
152 10
26 15
136 13
93 11
171 7
48 11
42 10
100 10
154 10
27 13
21 11
183 14
180 22
10 8
19 13
194 6
103 13
3 22
73 9
90 12
105 9
97 6
77 9
33 8
173 5
70 10
111 6
116 14
125 17
150 18
167 9
37 10
39 7
108 5
66 10
178 8
195 7
128 8
106 7
13 6
133 17
32 9
197 16
158 14
185 8
56 13
96 13
11 11
44 11
119 4
172 13
187 16
192 12
145 9
1 4
57 12
4 4
174 14
52 8
176 15
155 11
18 15
94 8
170 10
139 13
35 18
142 10
129 11
61 12
25 10
124 14
157 13
161 9
15 9
134 10
74 8
45 6
24 11
89 13
81 9
41 15
146 13
92 8
190 9
148 11
95 12
36 12
38 6
30 13
115 12
138 6
117 10
14 18
79 6
131 10
16 10
159 14
63 9
186 6
68 12
198 8
69 4
165 8
114 8
40 13
88 12
144 12
22 11
130 14
102 9
160 7
140 10
78 10
65 15
168 10
101 9
50 14
67 11
99 9
112 13
175 11
6 10
31 13
137 10
23 8
64 14
123 14
151 6
181 8
156 12
91 7
107 7
83 8
29 9
17 9
166 11
51 5
109 8
188 16
162 13
60 9
76 12
163 14
184 15
71 8
49 10
118 9
113 16
28 8
189 10
127 10
55 3
135 8
8 8
122 7
85 5
141 9
120 7
121 7
191 10
193 10
126 9
169 5
72 11
110 4
2 7
84 8
75 7
53 14
86 9
59 8
153 8
80 5
12 8
47 7
104 9
132 8
46 5
34 9
199 3
58 5
9 5
5 1
196 2
54 5
player: 15 Competitive
67 11
174 11
53 10
9 10
35 10
25 17
199 10
59 6
77 6
133 12
120 6
92 8
52 13
146 17
177 12
54 12
167 8
1 9
13 13
131 14
51 16
180 18
38 11
113 9
195 10
78 10
190 12
130 10
154 7
65 12
124 12
127 14
15 9
168 15
163 11
175 9
17 12
126 10
178 11
63 13
194 2
90 9
70 11
111 8
88 12
21 11
23 14
82 4
42 18
96 9
74 10
109 17
20 6
141 12
18 10
47 4
169 15
134 9
98 13
22 17
30 10
3 13
49 10
106 8
68 7
81 9
50 7
196 13
75 9
187 12
33 15
149 13
2 7
105 13
161 14
72 10
183 11
10 5
31 13
93 10
48 15
179 11
12 10
119 14
140 10
14 9
73 8
46 10
29 9
191 12
107 7
118 9
152 9
41 8
110 11
136 13
4 8
5 13
144 8
60 11
192 13
155 9
116 12
61 18
138 13
100 10
87 10
86 8
76 10
176 8
11 5
125 12
26 9
112 9
28 10
197 10
104 8
181 8
95 14
185 13
172 10
142 13
39 10
56 12
36 8
79 12
34 11
139 7
16 9
43 10
27 10
83 6
165 10
97 8
94 15
137 7
186 14
57 11
132 13
143 11
173 8
64 14
89 8
198 8
184 9
135 10
182 5
84 11
147 6
162 9
159 12
40 11
166 16
108 9
80 11
85 4
58 6
122 8
44 12
19 7
129 5
188 8
117 9
8 8
115 4
55 10
24 9
91 19
158 11
151 9
6 6
189 8
153 7
170 9
160 6
71 11
171 9
145 14
193 13
69 10
121 7
45 13
102 3
123 8
66 4
164 6
101 13
7 13
99 6
156 9
157 9
37 4
103 5
150 7
114 10
62 7
148 7
128 8
32 5
player: 6 Individualist
20 11
130 7
72 14
21 13
84 11
182 15
94 8
175 6
40 8
154 13
159 11
24 10
128 11
64 14
140 9
17 8
190 9
195 9
170 11
165 12
177 11
139 10
31 5
127 9
8 8
58 7
34 8
120 10
186 13
174 10
75 12
19 14
41 13
135 19
5 9
76 6
29 12
6 8
108 7
114 13
78 10
12 11
121 12
92 10
26 11
103 14
80 7
86 12
187 8
65 7
1 6
23 7
111 10
16 7
97 11
48 14
47 10
102 10
42 9
4 8
110 9
197 13
14 11
133 13
89 10
79 8
148 15
37 11
106 8
66 8
28 7
151 12
136 11
113 10
54 14
73 13
67 5
13 15
132 14
168 7
164 10
105 17
93 12
109 16
62 13
15 9
100 11
161 11
115 19
11 9
61 12
146 12
117 11
188 7
160 5
96 11
59 12
178 13
2 11
169 7
147 6
7 11
149 9
60 10
185 12
69 9
124 5
49 12
77 13
70 12
143 14
123 16
158 8
118 10
176 10
193 13
38 7
104 10
167 10
90 9
163 15
179 13
138 10
137 8
112 12
36 9
22 14
107 13
85 12
43 10
141 14
35 7
199 6
18 14
144 6
57 10
3 15
33 6
116 8
134 6
191 6
152 10
180 9
39 6
30 11
53 7
194 4
142 7
192 13
55 9
88 9
131 9
45 7
46 10
119 11
95 17
122 8
150 11
196 9
189 13
10 11
172 14
83 7
9 8
27 7
125 10
71 5
81 12
156 8
166 9
173 8
126 4
91 7
87 15
157 10
129 15
50 11
183 6
99 10
162 9
171 8
153 11
52 12
68 4
63 12
181 5
82 10
98 6
101 9
25 15
56 9
51 6
198 6
155 4
145 9
184 8
74 11
32 12
44 7
player: 4 Individualist
104 10
150 8
194 7
57 11
15 11
125 12
33 10
6 6
25 10
167 12
26 13
80 9
96 7
84 10
86 13
65 16
151 9
120 11
49 8
24 15
12 7
4 6
54 12
91 6
50 16
170 12
178 16
128 10
190 11
34 10
72 11
18 10
89 14
41 18
19 10
188 11
32 15
66 9
180 15
21 11
31 6
81 13
169 13
158 14
126 11
83 11
174 11
108 10
44 13
197 20
113 12
111 17
98 10
20 13
198 7
102 16
73 9
144 7
138 6
182 7
95 11
107 10
40 11
181 15
131 15
23 8
139 11
42 8
154 7
172 7
64 12
106 11
136 12
63 13
132 8
112 11
93 6
119 14
105 16
164 16
153 24
129 9
140 14
58 15
45 11
67 14
147 9
75 8
146 10
159 11
145 9
2 8
46 13
168 10
59 11
88 7
118 4
76 10
155 13
149 13
79 12
142 7
30 11
148 11
173 9
5 9
183 10
177 9
51 15
85 5
90 8
127 14
38 9
110 14
56 12
114 12
166 11
160 9
163 10
137 11
109 11
74 9
68 11
3 20
184 9
101 8
14 9
189 7
157 7
165 11
186 15
176 6
70 11
1 9
9 11
116 10
117 9
100 10
122 10
171 7
52 7
143 11
11 8
192 8
69 12
13 8
82 10
53 8
16 10
92 13
191 6
55 11
121 8
43 8
124 8
115 9
77 7
97 6
62 12
185 10
141 13
161 8
78 10
103 9
162 12
99 13
10 9
196 10
37 5
27 10
17 7
7 8
134 7
29 9
152 6
39 7
179 6
71 4
195 7
193 8
130 8
36 5
94 9
133 6
175 10
123 6
60 7
156 9
8 5
47 8
61 7
187 13
22 7
48 9
87 6
35 9
199 3
135 4
28 4
player: 11 Competitive
34 7
162 11
62 9
107 15
4 6
126 13
123 8
116 5
148 11
192 7
8 9
136 13
96 9
120 11
21 7
91 14
193 14
173 11
133 10
149 15
187 15
112 6
47 11
32 9
23 13
65 13
124 9
3 21
95 11
158 12
72 6
138 9
131 10
27 9
87 11
63 10
104 11
66 12
100 7
2 5
64 8
9 4
156 12
113 14
94 12
165 12
92 10
46 10
76 12
188 9
101 14
22 12
15 11
103 14
186 12
182 18
175 6
111 11
79 7
157 12
42 7
93 10
37 10
132 11
143 14
25 7
106 10
70 16
78 11
151 8
145 10
99 11
163 11
36 11
172 6
77 10
80 11
40 10
147 7
161 7
137 11
26 9
58 9
174 6
13 7
84 10
98 13
150 11
5 8
73 13
160 12
89 14
108 12
18 17
38 11
176 11
197 16
45 12
184 16
102 9
43 11
190 6
75 14
54 11
125 11
52 12
82 11
180 20
164 11
141 8
142 10
146 9
57 7
166 8
135 14
53 11
97 14
31 7
55 11
179 10
83 13
105 6
119 11
48 8
139 9
67 12
85 12
122 14
44 8
41 10
127 16
90 9
168 12
7 11
50 10
144 10
181 14
118 10
60 9
59 17
16 8
109 7
86 11
153 8
110 8
191 8
19 11
159 8
170 7
198 8
10 9
196 6
199 7
171 9
51 6
11 4
114 10
24 10
134 3
129 12
178 12
152 8
88 15
12 8
117 13
177 8
39 10
17 11
28 8
81 7
189 7
29 8
140 9
194 2
130 8
33 9
74 8
1 6
20 12
68 11
30 11
167 7
6 9
155 7
71 10
128 6
61 9
35 15
185 7
115 12
154 13
56 11
169 8
69 8
183 7
49 10
121 4
14 5
195 4
player: 14 Competitive
156 12
59 14
110 10
47 15
105 9
49 8
190 10
99 11
6 12
126 10
14 13
162 6
20 9
186 17
87 12
128 6
18 11
122 7
130 12
48 15
36 16
108 8
107 15
112 11
180 11
46 12
111 6
29 9
165 13
120 13
163 10
85 12
179 8
118 11
164 12
178 8
168 14
146 9
124 6
54 10
41 8
115 9
23 13
152 10
129 10
182 7
12 12
185 8
69 11
56 10
88 12
154 9
76 8
73 13
167 7
188 13
121 17
3 15
92 9
43 11
50 17
95 10
17 5
61 7
96 16
135 15
194 11
141 11
184 12
33 16
133 19
67 11
62 5
103 8
24 14
145 7
172 11
16 11
150 13
66 9
161 11
51 8
149 11
125 13
144 11
25 11
35 11
153 14
53 11
116 16
142 8
86 6
70 11
177 11
2 7
40 12
90 10
170 10
22 18
11 8
197 20
1 8
93 7
4 11
15 11
89 11
30 9
166 9
74 6
175 12
158 6
72 9
195 7
157 6
94 7
139 15
176 22
52 15
187 5
171 10
45 6
196 3
191 6
160 6
183 9
5 10
79 9
31 7
189 7
80 13
39 7
155 6
98 11
136 9
64 12
123 10
13 10
193 11
140 11
32 18
9 4
143 14
173 10
101 6
26 10
84 8
198 16
127 7
34 4
106 8
28 9
75 10
134 8
7 10
132 7
100 14
58 14
174 16
78 9
38 12
77 12
137 10
91 6
83 6
19 10
8 12
114 5
147 11
60 12
117 11
151 6
138 14
199 5
192 10
21 10
44 14
181 4
42 11
63 5
68 13
131 8
65 8
109 13
159 7
57 7
81 8
10 6
82 13
113 4
148 11
71 7
27 9
119 6
37 7
97 10
55 4
104 6
169 2
102 3
player: 9 Competitive
137 16
143 14
25 7
35 8
48 8
52 10
11 11
180 15
132 11
123 7
142 14
118 9
24 11
23 13
58 16
20 15
149 9
33 11
158 11
167 8
66 6
151 13
67 14
51 15
15 10
75 12
172 13
175 12
197 21
92 13
177 5
105 13
128 6
39 11
28 11
139 9
169 11
116 13
134 10
88 13
156 6
95 8
4 13
153 10
170 18
98 13
22 14
3 21
70 10
100 9
130 11
146 9
71 11
138 8
13 9
184 16
50 12
166 13
45 10
122 6
133 7
97 12
36 11
16 8
119 9
136 11
176 8
34 13
37 15
190 8
7 11
77 6
181 14
186 7
195 6
198 10
160 9
76 9
59 13
129 7
131 4
91 9
96 12
73 7
21 10
150 11
183 9
185 12
126 8
101 11
84 12
165 6
80 11
93 9
12 6
148 9
115 11
63 7
55 7
90 18
145 12
19 10
163 12
109 10
14 10
187 9
121 7
10 7
31 6
162 8
108 14
46 9
56 6
87 14
199 5
144 13
159 10
43 8
188 7
141 8
5 10
107 8
192 12
79 9
64 14
127 16
78 10
191 8
44 4
193 12
106 12
83 10
125 16
111 11
194 8
60 11
65 14
69 16
61 9
157 7
147 10
53 10
110 7
89 11
1 11
41 10
38 13
164 15
99 10
120 12
68 5
42 5
173 10
171 6
104 16
102 10
178 15
74 9
32 14
81 3
6 2
94 8
135 7
18 15
30 13
112 9
113 11
27 6
86 7
155 11
103 13
26 6
2 10
114 9
8 12
29 12
62 7
85 7
168 10
82 12
17 7
9 7
182 4
152 10
40 11
196 8
47 11
161 8
174 15
179 8
154 5
189 9
54 5
49 12
117 9
124 4
72 2
57 4
140 5
player: 13 Competitive
45 12
146 11
2 16
129 14
139 11
185 9
126 7
91 10
135 10
137 14
172 10
7 16
152 13
79 11
53 13
21 10
6 11
13 12
60 9
127 14
88 12
191 13
176 6
81 5
101 12
59 9
194 6
106 9
12 10
197 22
175 7
108 9
50 15
184 14
93 11
169 11
170 16
154 6
128 8
4 11
8 11
37 12
95 11
173 10
133 8
180 18
69 15
158 13
19 12
136 12
114 12
159 8
25 6
156 6
195 7
182 14
14 12
150 7
51 17
77 8
85 9
94 10
70 10
141 12
117 12
192 9
177 8
18 11
116 12
179 8
86 9
82 16
142 8
123 7
80 14
24 12
199 7
109 11
54 12
100 10
161 12
105 10
130 9
162 7
42 14
66 14
73 18
104 12
149 13
26 12
118 6
193 10
144 11
160 7
98 13
35 14
167 9
32 13
165 8
153 12
178 13
34 11
41 7
67 9
16 7
107 9
186 2
190 11
40 14
38 5
99 13
164 14
43 10
87 6
157 4
47 7
75 10
76 11
151 9
138 8
72 14
121 10
89 9
78 13
62 4
110 10
188 12
96 10
5 8
187 5
3 17
68 8
168 12
171 7
189 10
196 10
1 11
166 9
132 10
49 12
64 11
131 10
174 13
71 6
22 19
31 14
29 8
27 10
36 9
155 6
140 6
84 12
115 5
58 6
120 3
90 8
134 12
55 13
44 11
198 7
143 12
103 7
145 11
147 7
48 7
28 9
181 8
163 7
52 10
17 9
56 6
46 11
148 11
74 5
124 6
11 9
57 8
83 9
30 10
125 7
33 8
111 10
63 6
113 8
183 8
20 10
92 9
9 8
122 12
61 14
112 11
23 5
65 9
15 8
10 11
39 8
97 10
119 8
102 3
player: 1 Individualist
122 14
104 10
53 10
41 9
77 10
181 7
37 13
75 14
148 12
153 14
26 15
93 12
154 19
125 8
157 9
192 11
156 14
120 13
183 14
167 8
136 10
164 3
7 12
190 17
12 18
105 11
70 8
135 13
31 10
13 13
48 10
165 13
142 8
184 12
129 24
169 13
144 10
40 10
49 13
100 10
175 8
67 15
198 14
143 11
33 12
159 13
168 13
170 9
90 6
140 4
76 16
11 10
50 7
27 8
81 13
187 10
102 9
109 12
112 13
24 12
82 14
99 7
14 14
60 13
66 7
32 15
152 16
62 10
18 12
185 9
101 7
119 3
73 11
117 10
127 11
147 9
59 11
114 12
166 8
179 9
188 11
132 7
68 11
84 7
78 7
186 7
108 10
174 13
63 5
29 6
97 12
121 11
16 15
177 6
94 13
54 11
155 11
35 7
28 17
161 10
64 6
124 11
21 8
88 6
86 10
4 8
25 11
51 7
130 17
38 9
89 11
128 6
20 13
6 4
61 11
9 6
46 13
150 8
87 14
65 7
123 8
22 20
85 4
58 5
115 13
15 7
2 5
158 10
137 9
74 9
197 17
116 14
34 14
149 13
131 13
199 5
182 13
79 12
178 10
43 5
44 11
146 8
98 13
141 9
162 9
145 13
23 8
160 12
1 5
133 9
195 7
56 8
196 6
111 12
3 8
138 8
110 6
113 9
83 15
172 8
176 11
193 14
134 11
171 5
39 10
151 8
42 8
107 12
71 8
92 11
118 11
36 8
10 8
180 10
47 4
30 11
45 6
91 14
103 7
106 11
52 9
126 8
8 12
191 7
19 6
96 11
95 5
189 6
17 10
139 6
194 6
163 6
57 9
72 8
69 10
173 7
55 7
5 4
80 5
player: 8 Individualist
87 14
23 10
92 11
29 7
53 22
104 12
150 14
172 14
154 12
142 15
9 12
84 10
148 7
119 11
56 10
162 11
61 15
127 7
55 17
96 13
193 10
7 11
152 9
144 5
19 14
35 7
114 16
78 8
157 9
88 18
160 11
4 7
32 11
8 8
151 12
17 10
174 7
177 6
197 17
21 11
64 14
50 11
137 9
1 9
67 14
117 8
76 14
73 8
6 11
153 12
103 11
123 13
51 13
189 7
196 8
198 8
120 8
54 18
91 12
141 8
121 14
101 10
38 10
182 13
128 14
164 3
65 11
176 14
75 5
79 14
194 10
37 8
167 8
69 11
68 14
20 16
188 17
156 9
45 5
82 9
169 12
57 8
145 10
97 3
136 10
95 10
161 10
28 9
71 6
155 16
26 11
63 11
42 12
47 9
41 9
171 15
163 17
89 10
99 6
13 12
106 4
139 7
85 9
36 10
179 10
173 9
3 14
129 8
70 12
33 19
48 8
52 12
39 8
58 7
180 14
40 6
192 10
195 10
44 11
2 14
118 7
186 8
110 9
132 13
184 8
124 8
107 6
187 10
165 13
199 5
18 16
175 11
49 15
115 9
113 8
83 13
80 9
135 11
158 12
10 11
143 11
77 11
93 7
25 6
59 16
168 7
30 12
166 11
159 6
74 8
111 6
100 12
122 8
81 9
140 13
131 7
98 9
130 11
27 8
133 10
14 10
5 7
147 8
125 9
94 10
16 11
15 12
90 9
12 11
31 8
134 8
105 7
138 5
86 6
183 13
178 17
60 9
24 9
11 10
112 10
62 7
149 4
46 9
190 6
102 8
170 8
109 7
116 8
108 8
66 5
43 9
185 8
22 11
126 4
34 4
146 6
191 6
72 5
181 8
player: 12 Competitive
94 9
39 10
158 11
30 17
123 8
7 12
138 13
137 11
84 12
176 9
71 9
23 10
153 14
168 10
159 15
87 11
146 14
193 9
45 14
10 15
109 11
14 20
165 14
134 10
111 16
187 7
125 15
199 5
47 15
136 4
46 12
145 9
115 11
128 8
29 9
162 9
55 11
20 11
43 11
31 11
113 11
166 13
77 9
9 5
40 11
79 10
171 8
139 11
49 8
130 8
21 11
11 10
175 16
147 8
131 11
140 8
60 12
89 9
173 11
152 7
108 10
155 11
141 9
99 13
183 3
127 15
16 13
188 11
112 9
17 11
174 13
110 11
67 10
85 13
164 16
76 10
37 10
177 9
114 10
142 10
135 14
69 8
38 12
34 15
163 10
181 10
15 11
118 9
121 11
8 16
19 7
81 10
178 9
169 11
98 8
61 8
24 5
157 9
190 12
129 6
68 8
105 12
197 18
36 12
161 11
148 9
151 16
107 9
86 6
198 9
52 11
144 6
58 8
83 10
88 10
5 13
102 8
59 10
154 10
44 12
33 5
124 8
149 12
35 12
75 13
156 7
160 7
95 9
122 7
100 7
143 11
2 12
189 8
3 12
26 13
65 9
150 14
186 18
82 13
80 7
179 12
18 10
63 10
90 12
120 9
117 8
50 14
72 15
28 11
62 14
70 12
133 16
1 3
119 7
192 7
25 7
93 11
191 5
104 11
48 7
73 14
180 10
92 10
116 8
96 9
170 6
182 14
78 11
66 9
57 7
184 12
132 6
74 10
91 9
27 9
101 5
103 4
106 8
126 7
32 8
56 9
53 9
97 6
6 6
22 7
195 3
196 7
41 11
42 5
64 12
167 6
4 6
51 8
13 14
172 8
194 8
12 6
185 6
54 7
player: 5 Individualist
166 12
28 14
92 11
102 14
199 8
38 16
20 13
104 18
168 13
193 12
19 12
73 12
58 9
137 12
1 8
114 9
120 13
111 11
170 14
48 9
59 12
138 12
148 10
66 11
79 11
163 16
124 10
136 7
127 11
183 9
75 8
17 12
84 4
55 14
51 10
14 9
158 10
32 14
11 8
34 16
5 9
78 5
82 12
161 10
175 5
50 13
149 14
99 15
186 12
8 7
22 14
194 10
116 11
180 8
173 11
167 7
93 9
192 10
80 11
25 9
94 11
108 10
31 8
49 10
142 12
67 9
106 11
88 18
10 8
162 7
154 8
131 14
12 10
146 12
90 7
113 8
16 9
46 11
39 10
37 10
189 10
159 14
176 9
64 16
52 12
140 15
157 13
190 16
117 8
91 12
133 6
42 6
171 11
182 15
172 13
98 9
62 10
3 18
63 12
9 6
85 14
128 11
129 11
26 11
152 8
196 8
57 9
100 10
164 14
56 15
174 7
156 19
35 8
181 9
101 13
23 7
118 12
139 10
36 10
184 8
188 9
47 7
144 11
41 10
96 11
81 15
178 13
125 11
165 11
40 5
160 8
65 8
150 9
95 7
112 8
115 17
107 10
185 8
135 8
123 13
60 11
89 7
21 7
132 7
30 8
121 4
24 8
105 11
74 7
119 7
141 8
27 8
145 10
7 7
187 7
76 8
155 12
29 7
153 11
61 8
191 6
83 10
68 10
122 7
103 9
86 11
70 13
179 7
77 12
134 7
147 15
130 10
197 19
44 9
169 6
53 9
43 9
143 10
45 6
198 4
195 7
97 12
110 11
151 8
87 5
2 9
177 5
18 16
72 9
71 13
33 4
126 7
13 3
4 8
109 6
54 4
69 8
6 6
15 4
player: 3 Individualist
153 12
1 7
160 9
165 10
75 12
173 13
47 12
107 7
136 16
33 11
51 6
96 9
188 12
193 13
52 10
42 11
99 16
113 12
102 6
135 6
144 17
158 10
118 12
184 19
132 7
143 11
141 9
133 9
65 9
11 10
91 15
166 10
60 13
117 11
164 15
151 10
161 4
162 11
66 6
177 6
48 10
73 12
71 14
121 13
83 15
138 12
191 5
77 16
9 13
127 8
197 15
74 9
89 14
16 14
88 12
2 6
90 9
122 9
114 9
7 12
93 9
152 8
131 7
38 7
29 9
190 9
149 13
79 14
180 10
116 13
94 10
124 9
198 8
15 9
80 9
157 11
146 11
110 16
21 10
169 8
70 8
57 11
20 13
154 14
196 9
45 14
95 7
72 11
170 12
10 9
34 8
37 10
155 13
182 15
64 12
150 10
54 13
23 6
174 13
183 14
123 9
140 15
27 9
13 12
22 12
36 5
178 13
50 9
32 9
186 10
168 7
176 5
58 10
181 11
103 12
130 10
115 14
8 8
67 5
108 10
148 14
53 7
199 6
12 14
139 8
87 10
17 7
147 12
145 10
156 11
30 11
4 12
179 10
105 9
85 12
68 12
56 8
120 9
98 11
112 8
126 8
62 8
101 8
59 14
46 7
111 9
192 11
55 14
100 10
49 2
97 18
3 13
25 5
163 8
134 10
28 13
185 5
159 13
76 11
92 13
24 9
81 11
78 5
26 9
41 4
106 8
35 12
86 14
119 13
69 5
128 6
31 11
5 10
40 9
18 10
43 11
172 14
194 6
171 11
137 8
63 7
6 7
142 10
104 6
167 6
187 13
125 8
61 11
175 13
82 4
109 6
129 9
44 6
195 6
14 11
19 5
84 4
39 7
189 6
rank player: 7 Individualist
2 115
9 111
7 116
15 115
17 99
13 108
8 123
5 132
10 111
6 124
3 103
16 101
12 109
1 104
14 126
18 92
11 112
4 99
rank player: 2 Individualist
11 115
7 95
14 137
18 112
3 118
5 111
6 123
16 111
13 115
1 134
12 99
9 107
4 121
10 97
8 119
17 87
15 99
2 100
rank player: 10 Competitive
7 102
10 125
17 112
6 97
2 107
12 122
4 114
5 95
8 99
15 133
9 95
11 118
18 130
3 115
16 111
14 102
13 118
1 105
rank player: 17 Competitive
8 113
14 103
2 138
9 118
12 95
4 119
16 115
6 112
18 114
10 131
7 122
5 105
17 104
1 87
13 99
3 111
15 103
11 111
rank player: 16 Competitive
18 114
3 130
17 110
7 103
9 116
6 124
1 109
10 105
4 110
14 102
11 120
2 100
16 113
13 118
12 100
15 117
5 110
8 99
rank player: 0 Individualist
14 123
17 119
10 106
11 121
16 121
2 91
3 120
6 108
1 111
15 135
7 105
4 116
5 107
9 107
12 104
18 104
13 115
8 87
rank player: 15 Competitive
5 114
16 124
6 123
1 108
3 114
18 111
7 115
10 101
11 107
13 110
17 124
14 97
12 119
4 103
2 109
8 119
9 104
15 98
rank player: 6 Individualist
1 104
8 119
9 107
2 115
10 122
16 114
17 106
4 105
13 106
14 106
6 108
18 104
15 101
11 120
3 100
7 122
5 113
12 128
rank player: 4 Individualist
10 124
13 98
18 112
3 98
12 110
4 115
2 108
16 124
6 104
5 116
7 124
1 99
9 124
17 127
11 114
15 86
14 111
8 106
rank player: 11 Competitive
3 103
15 122
8 114
13 103
1 101
11 120
12 120
17 104
6 95
7 130
18 92
14 95
10 119
5 119
2 110
16 127
9 120
4 106
rank player: 14 Competitive
16 99
5 121
13 107
8 120
11 95
6 99
17 120
9 118
1 121
14 115
7 104
3 124
12 118
15 99
10 101
4 115
2 106
18 118
rank player: 9 Competitive
13 114
11 114
4 111
5 118
6 87
8 104
1 114
18 115
15 104
2 120
3 119
9 112
14 108
16 107
7 111
10 121
17 115
12 106
rank player: 13 Competitive
4 121
12 122
1 128
14 98
15 100
17 105
13 105
7 110
11 97
16 108
6 144
3 106
2 117
8 103
18 113
5 100
9 114
10 109
rank player: 1 Individualist
12 109
6 109
5 102
7 98
9 110
15 122
16 93
3 104
18 114
14 137
11 105
13 106
1 104
17 119
10 117
2 123
4 111
8 117
rank player: 8 Individualist
6 119
2 130
11 108
3 99
4 118
7 123
15 107
18 119
14 110
12 109
5 99
10 99
13 112
8 102
1 127
9 110
17 106
16 103
rank player: 12 Competitive
9 109
4 117
15 111
13 116
1 129
14 126
8 103
17 104
5 107
16 121
6 112
12 100
18 98
3 123
2 104
11 117
10 99
7 104
rank player: 5 Individualist
17 116
3 102
12 118
18 113
5 112
2 108
10 110
9 108
4 111
1 103
13 142
8 122
15 129
6 96
11 105
14 96
16 99
7 110
rank player: 3 Individualist
15 119
1 112
16 109
8 131
14 108
7 106
12 112
2 99
5 119
18 125
4 88
9 110
13 108
6 116
17 123
10 103
11 101
3 111
