player: 1 Individualist
59 8
20 10
23 1
186 14
37 12
187 5
16 11
88 14
192 12
116 14
176 12
85 10
141 13
199 5
62 14
185 11
58 13
149 10
159 12
107 13
57 9
82 11
139 14
79 12
42 11
47 13
161 10
33 19
160 7
123 10
109 7
131 9
74 6
198 15
19 8
40 13
6 10
43 9
49 9
157 14
134 8
71 9
65 12
165 10
61 11
12 16
191 15
38 11
188 8
63 10
162 9
194 11
54 9
50 12
155 13
64 9
184 8
7 7
154 8
76 21
133 9
2 3
108 11
106 9
130 11
169 6
1 8
22 11
128 11
77 4
173 11
183 7
178 14
75 11
15 11
11 11
132 5
147 18
137 7
163 11
90 8
10 7
81 6
24 6
143 8
189 7
124 6
119 17
156 17
39 11
100 18
168 7
91 14
45 9
98 12
70 14
44 12
166 7
53 7
113 10
78 10
179 7
171 15
175 9
146 10
101 12
3 8
152 8
126 8
112 7
55 8
93 6
105 9
84 10
21 6
136 12
138 10
144 7
167 17
135 10
17 15
27 11
32 9
158 9
28 13
69 8
148 12
164 11
66 5
125 13
121 16
181 6
4 7
51 12
72 12
94 7
41 13
52 10
170 14
180 10
117 6
67 11
30 14
56 8
46 15
140 12
197 6
5 14
103 16
127 12
196 7
114 8
99 7
190 7
60 6
48 11
122 7
89 9
115 12
73 12
102 11
92 7
129 5
110 7
80 16
13 6
120 11
86 9
83 10
182 12
35 15
104 5
142 6
14 9
177 9
153 5
172 14
150 6
34 6
193 10
174 10
8 13
25 12
195 9
145 13
111 7
95 9
31 6
97 8
36 4
18 10
26 9
87 8
9 8
96 12
29 6
68 8
118 8
151 11
player: 0 Individualist
196 13
5 11
138 11
91 13
195 11
107 8
180 8
145 12
36 10
61 14
37 13
125 9
159 25
29 10
120 9
51 11
27 15
75 12
14 13
62 10
38 10
167 9
94 11
72 12
99 10
88 6
58 12
50 7
53 14
177 13
21 5
63 10
128 13
70 13
143 12
48 7
115 9
199 11
111 12
129 7
78 16
52 11
164 14
10 9
150 15
169 8
81 12
95 8
118 13
98 6
132 9
24 8
184 9
30 10
131 9
93 14
60 16
8 12
198 8
40 9
106 5
65 8
147 12
31 8
69 11
178 9
137 5
41 7
57 10
43 7
23 9
13 10
71 6
192 12
12 11
124 11
77 9
165 15
173 9
87 12
100 13
194 12
49 16
68 8
149 7
82 15
17 14
127 10
86 10
191 12
189 11
126 11
6 14
79 6
133 8
185 6
22 8
151 17
11 15
170 10
187 9
160 11
162 5
144 10
153 12
114 11
19 12
20 9
67 15
25 12
130 7
168 8
9 17
73 10
89 17
104 11
85 7
157 20
112 8
28 8
109 11
182 18
197 10
74 14
102 9
123 13
26 8
117 8
171 10
158 10
64 13
156 8
1 7
47 13
46 9
16 11
154 10
101 9
56 9
45 9
141 11
155 8
136 11
97 15
7 6
139 6
121 17
18 6
179 8
32 13
42 4
135 12
119 12
148 12
166 5
134 11
76 13
3 8
105 9
163 9
175 7
39 9
34 12
108 9
188 13
176 9
80 12
152 11
55 4
15 8
92 8
84 3
4 2
33 8
66 11
174 12
181 8
140 10
35 11
142 7
122 6
183 4
186 12
110 7
116 6
90 10
161 6
2 8
59 3
54 4
172 9
96 11
83 8
146 7
190 4
103 5
113 7
44 10
193 9
player: 5 Individualist
142 9
157 9
163 16
74 12
76 12
115 14
185 11
67 12
96 8
8 20
187 13
32 9
7 10
192 15
87 16
73 9
129 10
101 5
89 13
123 14
197 10
112 15
94 15
58 9
164 9
118 12
61 12
145 11
177 9
12 19
25 12
99 14
18 8
62 9
36 12
155 8
136 9
195 12
103 14
27 13
131 8
116 15
117 7
79 7
93 9
110 8
60 13
139 12
173 11
30 12
146 7
77 12
2 9
1 10
31 11
148 11
106 8
180 7
92 11
10 6
168 12
127 14
124 14
144 6
152 8
16 11
171 5
43 8
121 13
189 3
133 9
24 11
159 12
71 8
111 7
29 18
184 15
162 7
82 10
109 5
44 13
51 18
166 7
53 10
149 15
150 11
174 7
126 14
65 12
165 14
59 17
39 8
14 8
64 11
182 6
13 9
194 13
151 12
69 3
191 9
37 17
196 12
23 12
169 15
50 12
22 9
147 8
137 6
41 4
86 11
143 5
6 16
42 11
85 13
68 9
105 7
135 14
153 10
161 14
56 6
178 14
167 10
84 18
130 9
132 11
160 8
188 16
91 10
154 7
70 5
125 3
199 4
186 4
34 13
88 12
49 10
46 7
63 10
72 10
20 17
179 8
78 6
47 8
128 10
66 11
190 10
83 8
95 12
81 11
172 6
57 14
19 10
158 8
183 13
11 6
33 11
134 6
52 9
26 9
21 3
120 11
193 9
90 2
97 9
170 9
45 9
114 9
5 11
80 9
102 8
108 7
3 9
176 6
48 10
138 10
28 8
35 11
55 10
98 10
54 12
38 10
17 5
113 10
107 13
104 11
119 15
4 3
15 10
156 5
100 8
141 8
122 6
198 11
75 10
9 8
140 8
40 7
181 4
175 5
player: 10 Individualist
126 10
4 5
114 11
72 9
12 16
146 9
153 17
145 11
149 12
128 13
194 14
125 9
68 17
94 14
89 8
82 10
29 13
137 10
93 12
138 15
73 11
183 5
14 8
35 15
192 12
34 12
83 9
56 14
81 8
88 12
74 10
188 4
190 9
161 7
191 13
100 9
41 10
39 9
10 10
8 14
177 9
131 16
52 11
53 15
108 16
182 8
195 11
148 13
25 13
63 13
46 14
97 13
50 7
159 15
164 10
13 7
106 11
92 9
116 10
136 12
155 9
162 12
184 16
61 10
28 14
19 6
5 12
67 8
181 8
185 13
86 10
172 11
154 12
3 7
62 10
124 9
112 10
150 9
65 7
166 9
40 13
77 11
143 11
58 10
102 13
152 4
198 7
147 19
122 9
42 11
32 14
24 9
156 7
170 10
151 9
16 8
174 6
30 9
87 10
22 13
45 11
44 10
160 13
123 6
91 8
141 9
111 10
176 9
79 11
167 13
130 12
31 8
69 11
48 10
178 8
134 8
26 11
64 5
101 2
140 9
169 9
17 10
66 13
109 15
71 10
158 17
60 6
84 8
117 7
20 18
11 10
80 9
43 12
99 11
113 16
15 11
36 12
179 5
199 9
59 12
107 15
85 5
38 10
118 17
129 10
2 9
95 10
27 7
96 5
57 8
70 14
175 18
139 16
9 11
165 10
119 6
127 10
121 4
54 7
168 9
197 10
90 13
157 11
76 11
7 4
144 8
51 6
105 11
189 10
187 5
98 9
6 8
163 16
104 9
142 14
180 7
171 8
55 11
21 7
173 7
75 19
133 6
23 6
78 8
47 12
193 2
132 6
49 10
110 9
120 9
135 5
33 5
37 9
18 6
196 5
115 8
186 2
103 7
1 2
player: 9 Individualist
90 14
81 21
155 14
134 9
22 14
178 10
30 19
41 13
86 8
117 8
141 11
29 10
176 11
69 11
7 10
58 8
159 14
24 13
79 8
85 7
3 17
75 10
43 18
119 14
195 15
80 17
168 13
154 6
163 8
91 8
101 6
17 9
112 11
5 15
158 13
35 13
89 11
148 6
51 15
133 9
124 11
65 10
62 12
179 11
137 12
12 14
94 11
72 7
57 10
46 7
92 10
73 8
184 18
147 7
9 16
105 12
146 10
31 10
87 12
139 9
173 10
39 11
165 8
88 11
103 9
40 10
136 10
8 13
74 11
37 14
16 14
21 12
56 13
98 10
145 12
161 9
82 9
4 10
171 11
63 6
47 14
102 9
28 11
170 8
149 10
66 13
194 12
122 8
97 11
52 13
180 12
106 3
55 8
49 13
191 13
174 8
111 8
135 16
6 11
59 11
153 11
118 12
192 13
100 10
157 15
193 7
156 8
61 8
45 5
60 7
110 9
15 11
150 10
131 8
144 12
50 10
99 6
42 10
44 9
128 12
83 10
25 7
132 12
34 6
78 11
33 12
126 9
67 9
38 6
116 7
96 12
185 11
84 5
167 11
104 7
197 10
152 9
151 11
182 11
198 7
77 12
26 9
175 11
138 10
76 10
166 10
107 9
187 11
19 10
177 11
125 6
27 14
189 7
123 18
32 9
172 8
13 4
164 12
190 10
20 9
183 11
54 8
113 9
140 7
129 9
160 6
64 17
115 8
199 10
120 12
23 8
169 10
127 7
114 13
11 11
70 11
68 7
14 8
196 8
130 3
188 6
142 8
18 7
181 5
2 5
10 8
95 10
53 8
36 3
71 8
48 12
143 7
109 9
93 10
108 3
186 10
162 5
1 5
121 3
player: 8 Individualist
185 4
87 14
108 11
39 9
103 15
165 9
109 9
167 12
142 9
168 12
58 9
178 7
182 18
121 9
171 12
151 15
181 12
192 18
98 11
111 13
81 11
156 11
29 9
99 14
107 11
114 8
158 7
117 10
140 16
53 12
9 14
180 12
155 15
64 9
128 14
127 13
6 12
59 8
176 16
175 4
138 17
177 16
23 11
161 8
75 11
100 17
71 10
43 11
105 13
135 9
173 9
30 15
93 10
179 9
160 10
25 9
197 14
82 11
51 13
45 6
89 14
52 10
189 10
72 10
115 13
162 10
152 12
90 8
101 17
119 8
163 9
166 16
65 7
174 13
97 8
94 12
7 9
17 15
78 8
5 9
33 10
153 12
50 9
129 12
60 9
85 8
63 10
122 8
34 7
38 6
113 11
12 10
95 9
116 11
19 7
187 10
40 12
112 7
44 10
31 12
149 15
134 14
83 9
74 9
57 6
20 11
96 4
80 7
184 11
61 13
42 7
2 7
37 10
55 11
132 18
126 10
26 11
79 6
47 4
22 10
194 14
41 7
84 6
46 13
191 14
193 10
49 13
67 11
68 11
198 14
11 6
157 11
131 12
69 14
190 7
164 10
124 9
88 8
13 6
144 10
15 6
125 12
147 7
8 12
123 7
150 12
154 12
118 9
56 8
148 6
62 9
36 7
32 10
16 14
136 8
86 9
28 13
130 9
106 7
141 12
145 8
196 12
14 15
183 11
10 10
92 9
91 8
102 7
18 14
76 7
4 8
120 8
199 6
27 8
172 9
146 12
159 8
195 8
133 9
110 9
188 8
77 11
143 11
73 8
70 6
54 5
3 4
24 8
48 8
35 7
21 8
104 9
186 4
169 10
1 3
66 6
137 8
139 6
170 5
player: 4 Individualist
114 19
7 10
189 13
173 7
44 13
38 10
190 12
141 12
66 7
134 12
45 8
1 5
124 10
19 12
157 9
37 13
175 10
176 13
48 8
65 9
109 15
143 8
167 11
30 7
82 10
197 7
28 7
68 9
127 6
107 11
36 9
89 13
159 9
79 10
63 6
168 11
51 14
158 14
62 14
10 12
132 13
69 14
193 8
179 9
198 8
53 8
3 7
80 7
93 9
177 13
166 17
147 22
120 15
181 12
49 6
24 7
116 9
146 9
186 14
90 12
86 4
171 9
85 9
180 15
83 10
74 17
121 7
196 8
84 7
34 8
73 12
105 8
133 11
55 8
72 10
192 12
118 8
123 10
155 11
91 9
102 14
97 12
29 11
88 16
20 8
101 11
117 15
138 13
162 4
26 10
17 14
54 11
113 13
115 5
185 8
15 10
112 8
70 15
5 12
40 9
18 8
39 15
182 15
170 12
16 14
165 10
139 15
60 13
27 13
150 12
103 10
104 10
151 9
42 8
8 17
129 6
61 12
11 11
108 17
59 9
98 10
136 10
22 12
9 10
111 20
191 10
130 7
95 11
96 9
148 6
178 11
125 11
128 10
43 15
23 7
169 8
46 3
160 7
145 8
75 9
87 5
32 7
174 10
199 6
76 8
100 8
149 15
58 13
71 16
110 11
57 12
31 10
92 8
154 12
142 9
41 11
195 11
152 8
35 15
135 7
187 5
164 8
14 6
56 10
78 10
194 11
156 14
81 8
99 9
188 11
47 11
122 14
77 11
161 9
140 10
163 11
131 7
153 7
94 9
6 8
106 8
184 4
25 7
119 9
2 14
4 5
64 8
183 5
126 7
137 7
52 7
50 14
172 8
33 6
67 6
21 3
12 4
144 4
13 7
player: 6 Individualist
83 14
54 16
70 14
10 13
16 13
109 11
61 15
146 13
160 4
81 6
177 7
22 12
4 10
111 15
154 12
197 16
52 18
42 8
80 11
150 8
133 11
9 9
65 13
28 15
57 9
196 8
40 12
37 15
179 10
97 13
106 11
194 9
96 6
145 12
112 9
114 13
55 14
187 9
91 14
108 6
121 14
176 10
137 16
68 12
43 9
141 11
66 10
164 10
15 9
125 8
71 7
156 11
88 9
185 17
51 9
90 8
139 11
75 5
183 6
105 7
174 11
94 11
140 10
190 7
72 10
153 13
120 12
169 9
76 15
47 7
26 14
163 10
14 10
151 8
82 8
100 13
62 12
104 12
126 12
149 11
136 11
18 9
41 14
143 11
23 11
130 4
56 9
138 14
11 14
74 15
107 8
24 10
77 13
79 14
147 6
191 8
48 8
198 10
144 12
29 7
167 16
44 5
35 12
116 13
173 13
20 12
85 8
58 6
34 5
45 17
175 7
38 10
117 5
6 10
27 4
64 9
152 16
192 11
63 12
2 10
180 7
188 10
95 12
1 5
53 12
17 12
59 7
148 15
67 9
12 10
99 11
103 11
157 19
162 8
158 16
110 13
49 13
195 16
8 9
166 8
92 8
134 7
186 7
178 12
193 8
25 6
98 8
31 7
168 9
46 14
123 7
87 10
39 11
128 7
7 7
135 9
115 7
170 14
181 8
101 12
69 8
73 7
13 7
119 8
172 10
21 12
89 14
113 11
131 7
3 9
127 8
32 6
60 8
86 10
50 12
93 5
189 10
129 7
102 8
184 11
161 11
142 10
5 9
118 10
182 10
78 5
159 8
165 7
19 10
122 8
171 8
155 10
36 6
124 6
33 4
132 9
84 7
199 2
30 4
player: 2 Individualist
62 12
71 6
101 6
114 14
183 10
86 9
90 8
25 6
154 11
74 9
176 19
131 6
8 11
98 11
83 9
144 7
152 12
174 12
2 13
21 13
57 10
78 7
182 8
30 10
76 6
155 14
116 10
178 11
117 11
47 10
68 15
96 16
97 12
95 11
88 13
38 11
188 17
198 13
100 8
65 8
140 8
73 14
146 14
113 12
87 15
51 10
63 6
6 14
121 12
23 10
27 11
123 8
163 10
153 11
170 12
43 16
160 14
31 9
108 9
192 12
156 10
197 8
66 14
130 7
157 13
42 13
53 18
106 12
124 6
128 12
4 13
22 8
135 12
32 17
109 6
3 12
129 9
13 9
110 11
107 9
193 11
145 9
79 7
33 17
19 8
16 9
148 7
118 7
134 14
194 11
142 8
133 14
84 6
70 12
91 9
15 14
186 6
12 13
137 10
11 9
169 8
138 7
9 7
158 8
191 8
195 11
69 14
36 8
82 7
34 14
165 10
46 13
80 19
44 13
143 11
58 9
180 7
111 6
151 7
92 12
28 12
49 9
39 12
40 10
172 13
161 11
56 5
102 7
99 9
167 8
37 8
26 13
173 13
45 7
168 14
141 8
120 15
115 7
94 13
55 7
20 10
166 9
187 9
150 9
50 8
171 10
72 4
75 9
147 12
104 11
122 7
179 9
196 4
103 15
127 14
132 8
41 13
60 12
159 9
119 11
35 7
81 15
184 8
17 6
190 10
177 9
67 8
175 7
105 11
149 12
112 13
1 4
5 13
164 5
162 7
89 5
125 15
185 15
126 10
7 9
61 7
139 7
10 13
136 5
29 6
59 9
52 10
189 8
77 12
93 4
14 11
48 4
85 8
24 13
18 10
199 3
181 6
54 8
64 2
player: 3 Individualist
78 13
146 17
155 13
22 10
99 9
20 9
116 15
58 10
172 14
42 10
171 8
137 8
35 11
56 10
67 6
101 14
164 11
157 12
169 16
188 11
95 9
84 19
71 13
28 17
165 6
60 12
178 3
192 13
126 9
98 17
25 9
162 6
2 10
1 10
51 15
61 12
27 9
160 12
117 9
173 11
115 9
122 7
52 10
96 11
130 7
63 7
159 14
34 12
127 9
179 7
45 9
69 9
23 8
161 9
46 10
166 17
79 15
54 6
177 12
44 9
89 8
103 9
72 12
68 12
140 10
64 11
94 16
74 10
57 12
124 11
80 8
86 9
48 11
114 6
107 7
151 6
37 8
156 9
102 11
181 11
125 9
88 9
106 11
184 16
10 11
87 12
195 4
119 13
66 8
174 7
104 12
108 8
185 11
13 7
85 7
16 10
26 13
176 8
14 12
118 12
148 10
82 14
39 16
183 12
5 9
186 6
191 13
97 9
128 14
77 11
133 13
105 8
120 10
100 9
193 7
153 9
182 15
76 15
49 13
175 12
59 6
123 6
70 6
144 7
139 15
41 10
3 7
31 9
141 11
65 9
36 12
30 15
112 7
24 13
134 10
113 12
187 8
136 5
17 14
198 16
93 15
8 8
111 13
38 6
145 10
40 4
47 13
190 5
75 12
12 12
11 8
138 7
50 15
81 10
170 11
53 5
43 10
83 9
152 10
142 11
109 9
32 9
135 13
132 10
143 10
15 7
7 13
73 7
194 9
29 9
168 9
158 11
180 8
19 10
110 11
121 16
150 6
154 9
167 7
196 8
163 8
62 8
55 8
6 12
129 11
147 11
197 5
189 7
91 10
92 6
199 5
4 8
131 7
33 8
149 7
21 7
18 5
90 7
9 10
player: 11 Individualist
17 8
4 13
99 3
25 10
192 12
49 7
185 10
33 10
156 8
77 16
48 18
27 17
153 15
115 9
177 6
196 5
59 11
114 9
28 17
30 12
12 15
66 6
198 12
187 8
92 13
165 18
111 5
191 14
135 12
148 16
36 11
127 12
189 7
161 9
23 7
63 15
40 11
173 10
46 11
150 11
72 14
70 8
199 4
62 7
2 13
93 8
166 16
125 8
175 13
124 7
37 13
29 11
43 16
52 9
105 7
118 15
100 10
38 10
195 13
132 11
34 8
134 17
32 13
109 14
152 8
54 12
143 10
98 16
96 6
104 12
178 9
102 14
20 7
76 12
158 7
57 9
176 11
35 13
68 9
10 9
13 7
81 10
182 12
50 15
95 10
188 17
7 10
130 12
151 17
53 11
138 10
75 6
144 14
74 9
141 9
1 6
16 5
61 10
3 10
44 14
119 9
64 8
78 14
146 11
90 8
86 10
181 6
123 8
67 16
19 7
89 4
87 7
184 9
60 9
145 10
112 10
108 11
129 7
149 10
91 12
45 9
126 11
8 13
42 6
157 11
47 12
82 9
117 10
120 11
137 12
139 6
142 13
94 5
51 13
55 5
133 10
65 13
180 10
154 10
79 11
5 10
172 9
73 11
97 10
80 9
131 6
113 8
21 9
167 8
169 8
41 11
58 7
24 13
162 11
26 8
171 6
103 15
31 7
155 10
69 11
121 12
101 10
39 12
84 10
107 7
22 12
147 12
140 5
160 8
128 11
170 7
110 12
159 6
164 8
56 12
136 9
116 7
83 13
71 5
14 6
122 5
193 7
15 8
88 5
179 6
186 15
194 10
11 11
168 9
85 14
163 9
18 11
190 8
174 9
106 6
197 7
183 4
6 11
9 6
player: 7 Individualist
46 13
127 16
31 13
195 16
16 12
35 13
82 18
112 14
187 8
157 9
68 12
66 12
164 11
79 14
96 17
87 9
153 11
58 9
197 15
119 8
9 12
73 9
177 6
29 9
99 14
123 11
67 12
167 14
100 18
193 7
128 5
6 8
102 7
81 8
139 8
5 9
133 12
130 13
180 13
89 12
176 12
110 5
38 8
158 16
74 16
185 9
181 9
118 10
124 8
115 7
155 11
30 9
33 10
92 11
23 7
137 11
49 11
55 11
22 19
84 9
194 17
43 11
191 16
129 9
18 13
54 14
13 12
134 13
3 10
61 10
148 12
52 8
160 6
125 10
93 12
11 9
63 8
88 10
10 7
64 6
168 15
136 12
171 7
175 11
37 5
40 8
186 6
77 8
51 14
113 11
14 13
126 10
65 10
101 22
132 10
69 9
27 7
26 11
149 17
152 5
44 9
163 8
95 12
104 9
2 12
28 12
47 9
172 9
165 9
78 12
34 10
103 13
97 10
60 12
4 8
62 18
199 6
178 8
41 13
8 9
173 9
166 11
94 9
156 6
75 8
20 8
198 15
76 10
161 18
159 11
162 7
122 8
57 11
131 10
24 12
140 8
106 10
32 14
70 12
56 12
7 12
72 9
190 8
138 12
192 10
120 5
80 8
196 6
189 11
85 12
42 6
15 8
111 14
151 8
108 8
188 6
98 8
169 9
86 10
142 7
182 6
150 8
146 6
147 8
48 9
71 14
105 10
117 9
144 10
116 5
183 12
59 5
12 11
21 7
25 11
154 8
179 9
17 5
39 13
83 13
109 6
114 7
141 9
19 10
53 9
174 5
45 5
170 6
36 4
107 10
50 8
145 9
135 9
143 5
184 12
121 9
90 8
1 2
91 4
rank player: 1 Individualist
3 165
5 143
1 163
12 170
4 174
7 163
8 158
9 169
10 161
6 192
11 180
2 162
rank player: 0 Individualist
12 176
3 163
8 150
7 151
6 175
2 177
4 161
10 182
1 156
5 189
9 156
11 164
rank player: 5 Individualist
10 160
12 161
11 165
7 164
6 168
8 178
5 167
3 181
1 171
2 167
4 178
9 140
rank player: 10 Individualist
9 169
2 171
6 175
1 171
7 166
12 155
5 173
3 154
8 180
10 182
4 154
11 150
rank player: 9 Individualist
7 157
8 161
9 165
10 154
3 182
11 157
2 159
5 162
4 183
1 181
6 156
12 183
rank player: 8 Individualist
11 176
9 196
5 162
8 178
10 163
7 167
3 148
12 189
6 161
4 136
1 155
2 169
rank player: 4 Individualist
8 163
4 176
12 170
11 170
5 153
3 161
1 160
10 146
7 182
2 168
9 191
6 160
rank player: 6 Individualist
6 166
2 177
1 158
4 150
10 188
7 160
8 172
12 176
3 160
5 164
11 164
9 165
rank player: 2 Individualist
4 179
7 176
9 182
5 153
1 175
8 160
10 156
3 153
6 156
11 178
2 178
12 154
rank player: 3 Individualist
5 178
11 167
10 179
2 163
7 164
8 176
4 190
3 159
6 152
9 155
12 152
1 165
rank player: 11 Individualist
1 163
3 175
10 178
4 165
2 161
9 161
5 191
8 160
11 165
7 172
6 166
12 143
rank player: 7 Individualist
2 148
10 151
7 178
4 154
11 164
1 182
3 199
6 173
12 171
5 165
8 164
9 151
