player: 5 Individualist
67 8
30 11
45 12
9 16
99 12
165 8
115 9
72 17
68 12
142 10
89 8
1 10
100 3
157 11
78 11
127 10
119 15
5 13
50 8
185 11
114 14
187 10
55 12
194 6
93 9
92 18
179 9
181 8
176 11
159 9
7 9
108 12
184 12
4 9
28 6
73 12
196 10
109 11
85 8
121 16
106 11
2 11
169 6
57 13
53 7
117 13
195 16
10 10
70 13
140 9
48 14
139 9
62 10
126 11
158 6
32 10
154 9
152 16
110 12
96 14
173 7
170 9
102 11
98 19
60 11
95 9
75 12
81 12
8 7
167 9
190 10
37 14
137 8
120 16
113 12
149 13
40 13
138 9
38 7
34 12
143 8
77 11
125 9
178 11
131 13
183 9
111 16
25 12
163 14
91 11
74 16
51 12
164 11
162 5
46 12
107 12
13 16
128 9
130 8
84 15
160 8
136 9
54 12
26 8
88 11
83 6
180 8
63 7
175 8
35 4
97 21
33 12
31 14
36 8
151 14
58 10
21 13
105 12
101 10
118 13
44 10
82 16
199 13
23 10
104 14
134 14
112 8
182 6
15 11
71 9
65 13
3 8
124 4
172 14
66 10
148 7
122 11
79 8
47 9
155 14
150 9
27 17
153 9
191 7
20 7
29 10
145 9
56 4
17 14
103 5
174 7
76 15
80 10
156 8
198 9
188 11
133 11
59 10
49 6
12 5
166 13
171 10
11 14
168 8
69 7
22 8
144 5
192 6
14 6
186 8
116 16
123 7
16 6
94 8
6 10
41 9
146 6
141 7
64 9
129 5
19 16
161 11
193 6
147 5
86 7
42 2
177 7
90 11
189 7
135 7
87 9
52 4
24 6
132 11
18 12
61 4
197 3
43 5
39 3
player: 9 Competitive
179 11
52 10
119 10
145 8
110 13
30 16
11 4
130 6
67 14
178 9
18 12
151 15
73 12
199 7
69 8
43 10
4 11
171 8
87 12
117 9
181 7
94 15
102 12
45 12
22 10
29 10
173 10
192 11
126 18
60 6
154 8
137 11
164 9
158 10
68 12
23 12
35 9
129 12
28 9
128 6
21 11
139 13
176 13
135 11
64 14
168 13
88 7
66 11
157 9
180 13
197 3
112 13
13 14
2 14
26 8
107 10
61 5
84 12
78 9
40 19
82 7
55 13
65 14
174 16
16 13
144 13
56 10
89 7
46 5
183 14
97 11
54 11
12 7
175 12
169 10
47 10
172 10
42 11
6 12
81 9
182 9
177 15
48 7
148 13
39 9
74 10
25 8
120 11
77 8
57 16
122 8
149 10
165 7
51 6
49 11
189 4
195 18
109 8
41 14
194 18
186 8
138 7
125 5
143 6
113 7
98 9
33 13
75 13
95 7
86 11
161 9
185 12
76 15
121 11
118 11
58 10
71 6
108 5
85 9
124 12
8 6
24 9
100 9
159 8
10 12
153 5
34 6
116 9
190 8
62 14
196 7
188 7
63 13
187 14
163 6
93 8
142 8
191 13
104 10
193 11
141 10
44 10
140 13
166 10
167 17
134 8
80 9
132 17
7 3
146 7
152 8
36 11
17 15
20 10
111 8
170 20
115 14
99 13
91 10
184 8
127 9
103 5
70 10
156 12
106 8
50 11
101 12
3 6
96 9
160 10
72 9
83 11
14 8
90 10
198 10
31 11
19 5
123 9
162 6
32 11
136 20
53 7
9 7
79 5
150 11
147 12
1 5
131 2
59 8
15 9
38 8
5 11
92 7
105 11
155 11
133 9
37 9
27 8
114 7
player: 3 Altruist
157 9
52 9
37 12
139 6
121 17
2 6
86 18
117 13
112 13
107 9
120 12
111 10
63 21
41 9
150 12
21 8
159 7
54 11
24 14
198 5
32 16
167 10
45 13
129 13
58 9
79 8
35 15
87 11
102 12
49 9
165 6
168 9
109 15
131 7
113 17
152 8
47 13
23 7
190 12
39 19
18 8
177 3
176 9
158 12
88 16
142 11
16 6
193 9
124 9
12 5
181 8
94 12
172 10
71 12
186 4
11 14
6 14
27 10
50 3
161 7
68 13
72 9
104 9
153 14
81 18
133 15
92 10
178 10
46 7
64 12
80 16
101 14
127 15
29 11
34 10
28 16
69 11
141 8
115 7
97 12
149 9
147 13
123 15
163 14
53 6
144 12
122 11
73 13
75 12
110 13
74 8
103 11
43 11
84 9
138 13
134 3
85 11
20 12
5 13
90 9
70 10
156 4
60 15
78 9
99 14
59 12
10 18
17 6
96 17
55 12
44 9
15 12
169 11
126 12
76 6
130 9
25 11
128 9
106 12
145 11
118 13
187 11
180 6
189 12
3 5
89 12
195 6
151 9
173 8
7 11
116 7
33 15
22 11
143 8
155 10
132 11
105 10
61 13
114 9
146 7
164 14
38 9
188 8
91 11
56 6
179 10
137 12
19 11
48 12
199 12
40 7
140 12
93 12
182 7
136 13
30 8
8 10
119 7
82 8
196 7
191 11
154 9
166 5
148 9
77 5
95 4
98 10
66 12
36 13
42 10
194 10
175 6
13 7
51 4
100 9
184 7
31 10
192 8
65 12
14 8
125 6
26 10
67 10
108 7
62 14
135 9
185 11
4 3
162 8
170 5
1 7
160 5
197 2
9 8
174 7
57 8
171 5
183 7
83 3
player: 2 Altruist
22 12
109 10
117 11
24 15
52 8
49 9
67 16
174 10
80 15
147 7
191 10
54 7
26 11
126 11
177 6
167 13
95 11
57 18
113 10
183 11
84 9
75 11
61 7
32 12
129 10
40 17
184 13
83 18
79 17
30 10
97 11
165 9
190 7
78 11
124 11
50 11
90 16
28 12
60 12
154 10
197 4
4 9
105 15
119 9
130 10
92 8
71 11
104 19
6 18
182 9
44 11
81 14
145 8
12 8
47 14
108 11
189 12
33 10
34 12
62 6
73 12
162 13
164 12
123 11
122 11
169 11
148 10
120 7
186 4
173 16
94 11
86 11
10 7
48 8
151 7
156 10
137 10
2 8
72 16
45 10
111 14
59 6
176 8
144 8
91 14
127 12
77 9
101 8
65 12
146 8
89 11
23 13
140 8
66 8
35 13
116 6
16 10
7 7
134 8
103 18
192 5
115 9
55 13
188 11
159 10
68 9
114 10
170 10
161 4
37 10
194 14
19 24
199 6
155 12
100 6
125 13
106 10
175 4
53 11
41 10
64 10
136 12
139 7
21 12
85 3
14 8
150 7
185 12
152 12
11 7
20 13
8 4
193 9
5 9
138 16
153 6
102 17
70 15
9 8
88 17
160 8
178 4
171 7
63 7
172 10
56 9
128 9
195 12
27 10
142 10
39 9
141 8
38 9
110 11
17 10
69 7
3 7
181 11
58 4
18 12
42 4
132 7
74 10
157 5
93 13
131 8
46 6
15 9
29 9
99 12
76 8
112 8
36 5
135 5
168 9
31 9
187 6
163 7
133 8
98 11
143 3
179 11
166 8
51 8
96 18
121 12
107 12
87 15
118 7
1 7
25 6
43 11
13 10
82 13
198 4
149 13
180 7
158 9
196 9
player: 8 Competitive
104 6
84 6
121 10
48 16
195 16
184 13
36 12
27 16
63 13
114 10
77 12
35 16
187 13
127 11
1 8
57 12
107 6
39 6
15 6
148 8
139 14
17 11
67 6
82 11
177 11
162 9
11 10
164 13
10 7
34 10
41 11
156 13
110 14
176 15
69 10
165 7
25 13
132 12
38 12
79 8
52 11
128 11
101 11
157 9
140 6
175 10
147 9
126 7
197 8
143 8
31 17
87 8
144 7
141 18
42 10
78 8
118 4
7 9
14 6
183 8
179 9
19 7
173 9
22 11
55 10
199 6
3 9
116 5
13 11
90 10
61 12
91 4
92 8
86 15
12 5
5 16
58 10
174 9
47 12
20 15
185 8
115 8
49 5
71 12
105 6
117 16
131 13
29 9
4 12
189 12
43 9
94 14
85 17
99 15
190 13
30 13
135 12
170 11
120 7
171 11
73 15
123 7
172 9
129 8
122 12
168 10
150 6
113 11
142 11
44 13
155 11
194 12
182 12
33 6
138 16
180 6
96 7
130 14
53 13
60 14
26 14
106 13
153 5
136 10
59 12
83 13
81 15
37 10
198 16
74 6
28 16
109 6
62 12
68 12
18 7
166 9
163 14
137 8
75 8
134 11
181 11
2 14
98 11
102 10
56 12
21 10
50 8
51 10
24 7
76 9
89 10
158 7
45 5
196 7
95 11
108 7
72 10
133 12
149 8
66 11
100 11
159 12
125 13
64 9
103 15
97 10
23 6
167 11
9 8
178 10
154 11
8 8
124 9
191 5
80 7
151 10
119 15
146 6
152 6
169 5
93 12
32 11
88 12
16 9
161 9
54 12
111 9
65 10
160 12
112 3
145 6
70 11
186 8
46 4
192 5
40 9
6 9
193 7
188 1
player: 7 Individualist
111 11
171 9
11 9
89 8
143 7
95 15
118 20
144 10
179 12
160 7
154 10
198 13
151 11
167 8
31 12
33 14
59 12
68 11
98 9
64 12
168 12
34 6
88 15
164 16
182 18
190 3
158 12
18 8
67 15
195 14
136 15
79 13
142 11
172 9
97 13
10 13
71 12
165 4
175 8
123 8
183 12
60 7
140 8
45 14
39 11
42 8
152 9
44 9
131 4
153 11
16 10
78 13
4 10
115 10
8 9
127 7
66 7
186 7
75 13
177 11
53 10
74 8
50 13
72 8
52 8
2 11
54 7
1 11
119 9
23 14
105 11
38 13
110 13
112 14
196 7
37 10
9 13
130 9
192 9
104 12
114 8
56 11
55 8
20 15
85 16
176 12
124 14
121 10
36 9
101 15
184 11
24 9
181 9
113 14
51 13
47 11
6 12
21 7
156 7
150 7
87 13
187 8
48 9
86 9
94 11
99 14
30 9
132 8
62 10
120 11
147 11
128 13
141 9
185 9
157 11
83 13
29 11
109 6
19 8
25 16
35 16
73 14
102 11
129 7
139 12
170 9
155 10
26 6
163 6
12 4
199 8
5 7
81 11
125 14
82 10
32 9
63 12
161 8
17 10
178 12
166 10
65 12
92 7
57 10
189 10
191 14
122 12
116 10
28 10
61 17
106 12
159 12
15 10
126 15
22 6
90 15
40 11
58 10
93 13
162 6
96 8
194 12
117 10
46 11
134 9
137 7
41 5
174 6
173 7
3 5
135 11
43 8
145 9
69 8
49 14
100 15
91 9
169 5
7 7
13 11
80 8
77 8
107 5
27 9
188 5
76 12
84 8
138 8
146 8
149 6
70 5
14 6
180 5
148 6
197 6
133 8
193 3
108 10
103 7
player: 6 Individualist
21 13
95 14
117 5
61 12
185 7
132 10
80 14
17 7
164 11
85 9
6 14
43 13
46 10
103 15
99 9
115 9
4 10
96 18
9 6
90 14
182 12
107 14
31 12
22 16
106 13
131 15
26 7
179 10
194 13
127 11
142 6
112 11
166 10
153 7
149 10
94 13
126 13
173 7
10 11
76 15
165 7
81 17
158 10
167 13
36 13
63 15
89 10
163 11
118 10
152 11
56 18
104 20
52 12
92 12
64 16
30 8
196 6
109 13
25 17
87 6
73 8
62 11
116 11
174 10
39 7
82 14
48 7
86 11
139 14
5 22
198 7
23 11
157 9
119 13
28 9
134 8
88 9
19 9
148 9
33 5
155 15
53 14
97 12
120 9
37 8
16 16
51 7
69 11
13 18
45 10
78 6
188 5
98 15
114 10
143 5
66 13
34 13
84 14
195 12
71 13
146 11
197 5
191 9
7 10
38 16
160 9
144 9
113 13
121 10
170 12
101 7
180 7
18 15
193 13
1 6
171 8
58 7
102 6
190 8
135 12
130 10
181 8
177 7
147 7
172 7
159 6
83 7
2 10
29 9
199 9
123 11
42 7
74 13
3 8
184 8
93 10
44 10
111 11
50 7
54 6
67 13
128 7
75 12
20 9
24 9
65 12
100 13
40 12
11 8
15 7
79 7
133 6
27 9
35 10
156 7
140 12
77 6
183 8
91 10
49 8
187 17
68 9
70 7
162 5
154 11
122 7
151 15
60 13
57 15
110 5
192 11
141 10
108 12
47 15
136 7
72 8
161 6
137 6
14 6
138 10
105 5
124 11
55 12
169 7
178 7
176 6
129 5
145 9
41 6
150 9
175 7
8 7
32 9
189 8
59 6
12 5
186 6
168 2
125 8
player: 4 Individualist
63 11
184 9
165 15
57 10
61 17
196 15
133 14
111 15
162 11
70 12
149 12
94 9
166 11
59 18
38 10
178 10
114 10
174 11
68 13
119 16
15 6
103 13
145 8
102 11
124 14
108 17
47 16
181 10
95 12
81 18
110 9
107 15
134 9
104 9
187 9
7 6
126 14
159 8
55 7
167 6
69 7
138 9
17 11
100 11
150 10
73 14
90 7
21 17
157 5
158 7
179 8
183 10
4 8
123 19
10 12
170 9
160 7
72 12
128 7
96 16
71 12
112 5
190 10
42 4
131 9
129 10
155 10
168 13
175 10
140 13
27 13
127 9
105 10
40 12
139 10
125 12
118 16
9 5
143 6
44 8
31 10
34 13
142 13
1 8
195 12
12 2
172 6
101 9
93 17
33 7
188 8
50 9
86 8
78 10
176 8
146 19
88 8
5 17
48 15
189 7
136 8
106 14
60 9
6 11
49 8
80 12
65 11
18 14
186 8
156 9
64 6
77 17
154 6
53 13
117 9
177 9
137 10
121 6
37 12
144 8
30 18
87 5
74 15
28 4
171 2
98 21
141 10
56 6
45 10
32 11
43 12
25 13
67 10
26 5
2 14
173 7
193 8
82 11
115 7
22 10
91 9
163 11
83 24
85 10
109 7
198 8
130 7
19 17
3 4
169 7
197 8
97 14
135 4
41 11
194 6
113 7
182 4
52 11
11 12
46 5
185 11
66 8
75 18
54 9
152 14
116 9
92 14
164 7
161 9
120 4
84 5
151 9
153 5
192 10
199 13
99 11
20 14
29 8
51 7
14 6
122 6
23 6
36 10
16 4
132 13
24 5
58 9
39 8
147 9
35 7
89 12
76 4
62 9
180 9
148 9
13 5
8 8
191 8
79 8
player: 1 Altruist
1 10
41 13
128 9
124 15
159 9
2 10
165 9
87 6
84 14
5 12
7 11
111 14
53 6
67 14
119 9
69 7
68 13
166 10
92 17
110 13
147 12
181 8
104 8
138 12
161 8
194 10
4 11
129 11
121 7
96 15
103 12
42 10
50 23
60 15
97 15
125 10
37 8
22 6
114 13
16 8
13 15
99 12
190 12
95 10
32 14
47 9
64 13
151 11
36 6
143 12
29 11
38 14
98 15
57 12
116 12
183 12
49 15
75 11
14 5
144 12
152 9
9 3
199 7
10 10
6 9
118 10
28 6
70 10
153 8
173 10
12 4
71 16
34 12
35 14
197 6
86 15
73 7
90 20
136 5
26 17
62 19
24 11
140 8
19 18
72 17
77 8
82 11
61 17
21 13
20 10
141 3
85 7
171 10
40 9
74 10
163 8
39 6
27 12
168 12
169 14
158 8
155 9
146 11
176 9
148 13
131 14
101 10
30 9
179 12
115 10
88 12
51 6
93 13
139 13
94 6
54 13
55 10
192 10
187 9
44 11
102 9
142 7
89 8
156 5
195 11
76 13
162 14
185 5
113 12
193 9
63 13
112 6
145 10
117 7
105 11
177 9
174 2
189 11
135 5
198 9
43 10
18 9
164 12
31 9
134 8
178 10
175 9
45 7
17 10
186 5
127 8
65 9
8 10
122 13
66 14
196 6
106 22
56 14
58 10
149 10
130 12
170 7
59 8
78 8
83 6
150 9
81 10
15 8
123 8
33 9
109 11
107 10
132 8
157 11
46 12
126 6
23 10
52 8
182 4
80 12
91 6
25 3
79 10
137 6
100 11
167 8
108 7
48 11
11 9
133 4
160 6
191 7
184 7
154 8
172 11
120 4
188 5
180 7
3 7
player: 10 Competitive
16 8
185 3
2 7
166 9
130 13
135 9
148 13
189 13
194 12
59 12
100 17
199 13
75 14
172 11
11 7
61 14
81 7
12 8
179 12
53 15
18 15
85 10
126 8
15 10
65 11
117 10
178 15
36 18
147 8
92 14
68 5
86 5
52 12
33 12
163 10
87 11
188 6
107 15
83 10
50 10
9 9
123 17
23 8
76 12
129 12
54 9
141 11
174 12
13 11
165 7
24 9
7 12
145 11
41 12
32 15
150 7
156 9
183 15
104 9
71 14
162 9
157 9
160 13
21 15
6 10
26 9
62 10
125 7
20 9
77 8
149 10
109 12
158 9
45 11
153 18
38 11
64 5
137 7
152 13
99 9
181 14
25 13
82 13
171 5
102 16
169 12
80 10
124 13
131 10
43 7
139 7
113 14
58 8
22 4
190 5
110 8
4 9
91 15
119 8
49 15
42 14
120 10
56 15
17 11
48 4
146 8
170 7
132 13
175 7
159 11
72 10
154 7
30 6
122 17
186 8
114 13
177 9
94 5
97 17
96 7
57 6
1 9
101 17
111 12
195 17
46 7
51 16
37 10
184 11
127 8
108 8
142 11
74 8
133 10
28 9
63 9
134 7
67 7
93 10
168 6
115 11
143 5
34 10
31 10
112 7
69 4
106 8
95 8
39 20
140 10
90 7
128 14
84 8
66 5
55 5
88 12
173 10
35 12
118 12
164 13
60 13
121 8
198 13
27 11
144 5
161 16
136 7
5 8
47 7
116 14
89 13
10 8
196 13
176 12
155 6
98 16
197 3
151 9
3 8
29 12
180 12
79 6
167 11
8 4
40 6
78 6
193 14
138 5
105 9
70 9
19 8
73 7
182 10
191 9
103 12
14 1
187 5
192 9
44 4
player: 11 Competitive
117 14
76 8
175 14
10 10
78 5
182 5
135 16
158 13
64 16
121 10
28 10
165 10
197 6
105 13
56 11
129 13
85 12
155 12
148 3
138 10
55 15
7 10
43 17
164 10
163 3
118 7
170 10
169 19
54 14
39 13
90 10
3 5
72 13
57 7
152 10
36 15
40 10
190 6
195 15
147 13
151 11
97 7
14 6
181 9
106 8
9 8
137 10
21 11
132 8
84 11
5 21
61 8
74 10
63 16
38 8
173 13
94 8
101 8
193 14
67 12
179 14
134 12
185 5
110 11
139 11
199 9
27 13
141 13
65 9
102 16
130 12
153 11
29 11
92 12
109 8
95 7
83 9
122 8
125 10
62 4
22 10
157 5
66 13
167 14
171 12
1 11
71 12
180 4
140 11
136 13
30 16
98 8
123 16
35 8
8 5
198 13
191 10
51 8
128 8
126 11
70 9
189 9
11 8
69 7
88 4
47 11
86 13
20 14
32 12
73 12
188 9
16 11
2 14
59 14
25 5
166 11
196 14
34 14
31 10
146 10
96 6
149 11
6 15
12 9
58 8
15 12
23 8
52 8
174 16
93 19
116 8
49 11
183 11
13 11
194 6
89 12
113 8
162 8
77 15
156 10
80 8
178 11
127 9
120 14
108 6
176 8
114 10
100 14
46 6
124 15
19 12
50 13
99 18
24 12
42 9
17 7
112 7
119 8
103 8
104 8
187 8
154 10
79 6
186 5
18 9
143 12
172 14
41 10
144 7
145 7
87 9
159 7
91 10
81 8
160 6
177 13
48 10
161 8
131 8
192 10
115 7
53 8
150 10
45 6
60 11
33 10
168 2
107 4
75 8
142 4
26 9
184 7
133 11
68 9
82 8
37 8
44 10
111 6
4 6
player: 0 Altruist
145 5
16 9
113 11
167 9
65 18
149 9
18 13
178 10
79 10
176 12
76 12
90 9
97 13
1 10
75 12
150 8
26 6
158 5
66 11
53 7
39 10
193 7
104 17
64 7
159 10
190 14
87 18
180 9
189 11
91 18
198 15
118 12
71 13
36 14
68 15
115 11
58 11
94 15
187 12
196 3
13 10
3 7
106 17
107 14
12 8
116 13
166 13
42 8
122 17
99 13
38 15
119 14
141 11
124 9
17 12
62 16
120 10
183 7
195 10
41 9
20 12
185 12
133 5
55 6
5 12
33 8
177 10
192 10
95 10
49 11
83 14
14 5
88 10
169 8
25 15
134 11
197 9
50 8
47 15
172 8
129 14
153 13
56 6
130 16
84 8
131 12
28 9
164 8
156 6
194 9
109 10
105 10
181 6
184 7
60 14
93 10
147 19
2 10
86 10
138 10
70 8
123 5
37 8
63 12
44 8
96 8
111 15
144 10
61 9
15 17
162 9
132 11
10 10
80 15
19 13
173 7
161 11
35 17
108 14
48 14
32 12
27 14
117 14
199 10
102 14
146 4
89 12
74 5
8 11
152 13
101 10
59 6
4 6
29 13
45 6
34 10
24 6
126 9
160 12
81 13
114 12
157 12
188 2
140 9
9 17
52 10
30 9
23 6
121 9
191 3
148 11
179 5
85 12
6 12
98 11
73 7
155 16
125 11
151 8
143 5
112 8
135 7
168 10
182 8
137 9
51 11
127 13
7 13
54 7
46 10
78 13
72 8
170 10
22 4
31 6
154 6
57 12
92 10
77 7
82 10
139 5
11 8
165 5
69 7
142 15
21 9
103 6
171 10
174 7
163 7
175 9
43 7
128 4
186 3
67 7
136 4
40 7
110 3
100 7
rank player: 5 Individualist
6 178
2 143
4 173
1 188
5 136
9 163
7 202
3 167
10 152
12 166
11 172
8 160
rank player: 9 Competitive
12 189
4 166
8 148
10 192
6 143
2 183
7 165
3 154
11 176
9 178
1 155
5 151
rank player: 3 Altruist
11 150
5 186
3 180
9 170
7 159
4 184
1 159
8 182
2 161
12 148
10 163
6 158
rank player: 2 Altruist
4 164
9 167
7 191
3 165
1 156
5 156
10 160
6 155
11 150
12 161
8 181
2 194
rank player: 8 Competitive
7 166
9 153
4 150
12 168
11 191
2 154
1 195
5 185
3 162
8 150
6 159
10 167
rank player: 7 Individualist
8 177
10 180
2 169
7 171
9 144
5 177
11 159
6 177
4 163
3 161
12 163
1 159
rank player: 6 Individualist
3 169
8 149
6 205
11 150
1 173
9 184
5 150
4 178
7 171
2 174
12 148
10 149
rank player: 4 Individualist
5 177
11 170
2 158
12 161
9 170
6 172
10 166
3 141
4 178
8 181
7 161
1 165
rank player: 1 Altruist
1 163
3 197
10 162
8 160
12 159
5 190
7 157
2 152
4 169
9 157
6 160
11 174
rank player: 10 Competitive
2 149
12 185
1 150
11 180
8 180
7 164
5 162
9 163
3 181
4 165
6 141
10 180
rank player: 11 Competitive
9 178
6 171
12 183
2 179
4 160
10 178
8 151
11 168
1 167
5 171
3 165
7 129
rank player: 0 Altruist
10 151
1 170
5 159
12 169
3 158
8 181
11 160
6 181
2 184
4 150
7 164
9 173
