player: 8 Individualist
85 12
137 5
87 17
127 8
95 23
193 20
102 11
36 17
114 8
160 8
105 15
48 21
191 7
54 8
78 12
69 10
163 13
63 14
108 13
196 12
76 13
58 16
5 12
158 6
73 18
39 11
126 12
111 13
52 5
183 9
138 11
162 8
113 12
27 13
192 9
181 15
145 8
89 16
46 8
176 8
142 12
35 5
16 16
18 6
45 6
88 16
131 6
96 12
1 9
7 13
199 11
170 4
136 11
91 9
2 8
8 21
152 13
143 8
151 8
159 12
133 10
116 7
10 12
171 9
188 14
81 9
70 17
190 11
13 12
22 11
37 16
119 8
156 6
97 13
57 15
186 7
40 9
33 9
189 4
75 15
26 11
165 8
59 12
123 12
174 6
117 11
115 12
101 6
21 12
146 10
130 14
175 11
34 7
153 16
17 8
173 10
20 18
139 5
184 13
124 8
98 13
84 14
103 8
3 3
99 13
90 11
79 12
135 6
178 7
38 11
122 16
100 8
92 8
109 12
180 9
132 10
121 12
66 15
140 9
168 6
42 5
187 12
86 11
185 8
68 8
83 11
64 16
110 6
60 15
62 13
169 7
65 6
28 12
50 10
55 11
197 9
11 7
82 8
32 17
147 10
25 8
77 8
128 12
71 21
9 13
141 9
104 6
6 10
47 9
80 9
4 7
15 3
93 13
112 10
14 9
51 12
61 11
31 13
23 7
150 7
157 10
179 13
107 10
194 9
149 6
167 7
44 9
30 16
19 14
29 4
198 10
43 6
161 7
148 8
182 7
154 2
56 6
144 6
94 6
125 5
72 13
67 11
164 4
134 6
49 8
24 4
155 4
74 7
53 7
12 6
172 5
41 12
129 4
120 9
177 6
118 3
166 4
195 11
106 6
player: 7 Individualist
16 11
54 12
26 11
126 5
145 8
193 12
162 8
92 12
144 10
178 4
172 6
198 12
3 6
195 14
189 8
187 8
52 8
66 10
13 7
168 9
147 10
102 16
19 18
128 10
93 12
12 10
98 15
149 7
114 12
68 12
185 15
56 10
159 12
127 7
97 13
72 13
30 11
89 16
53 10
81 10
27 15
170 10
104 12
91 13
84 12
36 12
87 14
25 12
14 4
143 11
46 13
44 16
78 16
9 4
33 11
169 10
181 10
111 10
130 17
62 14
17 17
8 11
2 7
108 8
1 9
190 18
21 8
29 13
5 9
63 7
74 9
86 7
182 9
94 14
67 11
165 8
152 9
41 9
90 6
121 13
157 7
51 10
49 9
124 11
164 9
73 8
163 9
116 11
31 5
136 10
103 12
125 8
77 13
45 10
188 10
39 15
110 15
38 12
134 11
112 16
142 10
173 10
113 11
192 11
100 10
61 13
65 7
107 15
174 6
48 12
161 10
83 12
7 14
148 10
22 14
153 11
95 12
123 6
55 9
76 9
105 15
139 8
35 11
20 10
176 7
10 11
37 9
18 11
179 7
109 12
199 8
32 17
82 11
120 10
135 3
117 8
64 18
138 4
150 12
158 10
71 10
60 10
196 7
171 4
47 12
119 11
11 9
50 14
75 8
166 8
99 10
167 8
88 13
115 9
194 8
141 8
183 8
80 17
85 12
69 13
146 7
122 12
197 3
101 10
151 6
137 5
132 9
40 13
34 9
59 6
96 11
79 8
42 12
118 9
191 5
133 7
57 15
106 7
28 7
156 13
4 11
186 5
131 8
6 6
58 13
129 7
15 7
180 6
43 9
23 11
155 6
154 8
140 7
70 11
160 6
24 5
184 8
175 6
177 4
player: 10 Individualist
14 9
116 16
151 9
153 9
71 12
193 15
105 13
21 8
62 9
104 17
115 12
131 8
146 10
6 8
76 11
186 8
80 13
94 14
144 8
163 12
20 17
88 15
50 11
31 9
130 8
11 11
35 5
83 12
22 9
79 14
179 10
101 13
123 11
119 11
164 12
190 13
87 12
41 7
134 7
197 3
157 8
159 12
189 9
81 12
7 21
60 14
177 7
108 10
152 11
84 14
70 13
173 9
30 13
92 15
183 12
136 6
188 10
78 15
122 9
107 12
13 16
63 17
102 11
24 11
167 8
93 15
192 11
48 13
53 16
135 9
33 6
46 15
75 15
175 14
34 9
160 9
77 15
165 9
43 5
120 10
184 9
117 6
16 12
1 9
66 12
98 14
181 12
109 14
168 5
19 14
148 6
36 9
56 15
4 10
147 7
67 15
55 8
25 10
132 9
90 14
10 14
69 12
29 11
65 13
124 8
27 13
180 11
39 5
118 11
139 15
141 6
99 12
138 13
9 5
52 15
42 8
154 7
38 11
51 4
171 7
169 6
143 10
82 6
85 13
44 10
3 5
91 13
199 7
64 14
47 14
26 7
72 11
17 7
178 7
74 10
187 9
149 13
73 13
95 10
15 8
32 6
114 8
161 10
191 7
182 16
133 3
97 12
176 9
2 7
58 11
155 7
5 16
170 9
103 5
45 8
113 10
150 13
49 11
125 10
121 13
59 8
174 5
158 7
40 6
68 13
156 9
140 9
54 7
100 14
106 10
198 4
126 3
110 8
28 5
129 7
111 10
128 8
61 13
137 9
89 8
194 6
96 15
12 8
172 2
127 5
196 8
166 9
57 11
8 11
142 9
112 10
145 9
86 6
185 4
37 7
162 9
23 7
18 3
195 6
player: 2 Altruist
113 19
167 11
129 9
127 9
175 5
56 16
19 7
62 16
183 8
154 4
92 11
1 9
79 15
35 8
74 9
9 10
14 9
139 4
144 13
32 14
59 21
24 18
82 11
20 18
95 17
52 10
66 9
94 16
70 10
188 9
51 11
86 18
178 5
199 11
148 10
33 11
53 15
143 6
114 14
15 9
103 17
83 14
64 12
18 6
72 9
87 17
71 14
27 13
40 13
21 9
106 18
84 13
12 7
58 16
98 15
151 7
68 16
169 4
89 15
8 12
69 13
130 9
107 10
112 8
125 9
57 10
174 5
192 15
198 13
26 7
96 4
158 5
47 9
16 10
10 12
60 13
55 12
165 7
31 6
172 8
134 10
173 16
61 14
126 9
85 12
122 17
182 9
159 10
30 8
45 7
76 14
49 12
179 9
163 6
4 12
150 6
153 7
189 6
77 19
67 22
105 10
93 19
88 15
119 13
147 8
28 10
7 9
102 9
80 17
23 10
118 7
41 8
42 7
90 11
50 13
160 8
176 8
111 9
181 10
6 11
81 20
152 7
97 12
120 6
34 7
36 8
184 14
29 12
141 9
194 7
73 13
22 10
48 13
196 10
149 9
138 16
5 13
65 9
17 11
121 11
115 5
128 7
195 7
161 11
117 13
104 8
37 7
75 10
116 14
187 13
25 9
171 8
101 12
54 18
197 6
166 11
123 9
39 10
180 6
100 8
135 7
38 12
2 14
186 7
46 12
110 10
43 7
146 6
91 16
99 8
193 16
63 7
136 5
164 8
190 7
11 4
132 5
44 8
140 8
177 6
142 6
185 6
162 4
13 13
78 9
133 9
168 6
108 11
137 2
157 4
155 4
109 5
124 3
170 3
156 3
191 2
145 2
3 2
player: 1 Altruist
124 10
62 11
164 7
103 21
78 16
107 12
2 7
85 13
51 12
113 9
50 16
189 9
139 9
153 8
184 10
188 3
71 17
49 10
4 12
33 7
169 9
28 8
187 8
133 5
82 15
96 14
10 12
48 10
65 13
23 6
178 9
114 13
94 12
138 8
52 12
40 19
87 12
162 8
130 5
88 15
44 13
17 12
159 7
24 8
20 17
89 14
72 19
14 8
80 19
198 9
136 7
11 3
35 12
73 12
74 7
161 9
68 17
183 5
69 14
177 7
95 9
92 12
27 13
38 13
1 18
190 10
118 9
39 16
79 19
160 9
55 18
64 13
67 17
145 9
56 25
121 13
104 4
144 9
167 2
194 9
126 8
134 8
100 7
128 10
86 11
5 21
111 10
176 15
123 12
149 5
32 14
75 15
25 7
193 5
152 8
182 4
142 9
57 20
59 14
15 5
122 10
97 11
30 8
101 8
131 8
108 10
143 10
9 15
18 12
165 6
156 10
26 10
91 15
125 12
129 4
37 14
70 12
90 6
66 5
192 11
16 16
181 14
102 15
54 15
53 12
173 7
77 9
179 14
41 12
137 3
175 11
7 10
47 9
98 12
186 5
171 9
58 7
140 5
42 8
180 7
163 11
13 9
31 12
172 13
36 16
19 13
6 15
195 7
105 9
61 14
84 11
3 3
76 8
60 7
158 3
83 16
8 10
147 4
117 7
106 13
170 13
93 11
127 10
157 10
135 6
46 10
146 4
34 16
43 12
155 6
21 9
150 9
45 8
99 11
112 6
110 10
168 3
197 5
81 8
120 9
29 9
154 6
63 11
185 7
196 3
151 5
116 8
148 7
199 6
12 10
119 2
132 6
22 11
109 5
191 7
115 9
166 4
141 2
174 2
player: 6 Individualist
95 20
35 10
54 13
31 12
40 14
134 16
19 22
170 8
166 14
110 17
23 10
158 7
28 12
10 15
177 4
127 7
6 9
56 13
198 9
98 13
119 15
128 10
97 15
117 9
90 11
152 10
135 6
139 11
44 6
11 8
61 13
199 8
63 7
193 10
132 14
69 10
72 11
178 7
42 6
50 8
99 16
120 8
154 6
20 10
84 12
8 15
58 12
64 15
138 12
109 11
105 8
165 5
32 13
190 14
103 18
47 11
65 13
111 10
168 7
171 9
46 20
191 9
162 9
74 9
91 19
156 11
181 10
130 9
34 13
5 10
167 14
52 12
80 10
67 14
76 6
126 7
150 4
4 7
179 12
86 16
136 8
133 6
55 9
100 11
57 10
118 15
15 7
164 10
141 6
16 16
188 14
87 12
9 8
26 12
116 8
142 6
112 9
24 9
18 9
96 11
157 5
12 11
62 10
186 9
131 10
51 9
39 16
148 16
196 4
81 12
37 10
195 12
49 8
114 9
192 10
144 12
106 12
83 10
185 7
187 14
129 8
7 11
183 13
85 17
159 9
71 14
93 18
107 11
59 11
163 10
115 10
30 18
125 9
182 8
33 13
137 9
194 9
108 11
25 11
101 12
172 7
13 11
174 8
173 11
60 8
149 6
66 10
73 7
124 11
123 4
78 13
89 11
169 10
145 13
180 6
1 5
147 9
102 17
176 8
75 14
151 5
155 6
175 3
2 11
41 9
113 6
94 7
79 10
160 1
92 11
21 7
43 11
68 10
36 7
88 8
122 8
38 10
70 5
14 9
48 13
197 2
121 7
161 5
104 8
29 11
146 3
82 13
27 13
22 11
53 6
77 15
45 7
184 8
3 4
17 4
143 5
153 8
140 3
189 1
player: 9 Individualist
144 6
162 9
143 9
137 11
46 10
99 23
192 10
100 16
28 13
165 11
77 8
97 15
188 10
63 11
149 10
107 13
140 5
59 11
73 10
10 12
179 15
50 11
127 13
26 11
134 8
119 7
60 16
104 15
146 8
89 6
49 14
18 16
124 14
98 16
68 20
170 8
4 12
150 7
44 17
74 11
12 15
34 9
32 5
19 8
171 9
86 21
39 14
115 11
65 17
66 17
47 7
96 11
17 10
168 3
23 5
11 9
194 4
24 13
113 10
31 8
195 5
87 11
93 19
154 8
52 8
114 7
185 6
133 11
123 10
9 12
36 11
103 7
62 12
199 12
173 7
14 9
25 16
156 11
84 16
175 8
69 9
27 13
80 17
181 7
190 11
105 14
116 11
112 11
54 10
145 8
164 9
45 13
76 15
122 10
110 17
2 10
166 13
79 9
51 12
91 14
187 10
101 12
83 16
15 7
20 13
196 3
135 8
58 7
41 12
48 8
8 10
30 15
198 17
88 10
174 8
55 4
71 13
178 9
92 5
7 15
132 8
64 8
172 6
167 5
22 13
152 8
136 5
56 11
70 8
158 12
191 13
155 7
3 8
180 6
163 11
78 7
94 9
35 8
148 9
1 10
130 15
161 11
33 11
142 5
85 7
125 7
117 15
75 10
186 8
189 5
57 9
153 6
82 11
61 11
42 6
120 15
118 12
160 6
40 12
126 12
5 13
131 6
72 14
21 13
102 9
29 5
176 4
38 13
109 7
157 10
183 10
129 6
95 17
147 3
16 10
138 6
43 10
193 13
13 7
128 10
53 8
90 8
111 9
151 11
6 6
184 6
67 13
121 10
106 3
177 6
197 4
37 8
108 7
159 8
81 11
182 6
169 5
141 2
139 2
player: 3 Altruist
40 11
43 12
19 16
58 14
25 15
163 11
27 14
32 16
129 7
79 15
153 7
7 22
126 6
53 14
140 9
54 13
38 10
156 6
91 12
189 5
51 12
107 11
111 15
90 9
108 15
61 7
10 7
36 10
121 5
47 12
29 13
101 11
98 16
49 10
187 16
137 6
62 12
167 7
142 5
170 6
41 14
132 8
175 10
74 12
73 18
104 16
76 10
133 16
31 10
122 4
176 8
92 10
143 9
185 8
135 8
117 14
72 12
145 5
169 12
177 13
199 8
120 10
52 13
13 9
181 10
84 14
144 7
78 13
89 13
95 16
82 17
81 13
100 7
125 7
37 10
28 10
87 8
149 10
165 10
102 8
80 12
12 10
119 11
184 11
183 9
34 16
11 3
160 6
4 12
2 11
5 17
174 8
9 14
192 14
147 6
96 14
93 13
178 12
172 8
103 10
88 13
16 9
112 11
59 11
109 8
46 12
105 11
83 11
159 13
57 8
8 17
20 9
22 12
77 8
123 18
1 15
136 8
30 7
65 18
190 9
33 12
158 8
63 14
6 9
55 12
42 5
114 12
71 15
94 7
182 8
115 14
39 11
173 9
171 8
75 10
146 9
164 7
155 11
191 6
67 9
85 14
196 8
131 10
26 9
152 6
21 8
97 8
138 11
56 14
150 6
24 10
198 13
128 9
180 6
113 7
154 6
66 12
18 9
50 10
151 8
124 6
166 7
70 8
86 12
116 5
60 10
139 5
193 10
179 14
48 13
118 8
68 14
23 4
45 13
17 12
110 10
64 16
15 9
44 10
35 7
99 14
127 9
130 8
106 5
168 7
194 5
157 7
69 11
14 8
148 5
188 7
186 4
197 2
195 4
161 5
3 3
141 5
162 3
player: 0 Altruist
195 10
34 9
10 14
182 11
55 7
72 17
57 16
83 14
96 13
76 17
77 11
184 14
53 6
109 11
140 8
65 10
183 10
20 9
116 5
35 19
153 10
33 14
191 11
73 16
66 11
190 11
112 8
163 6
7 13
91 12
79 22
46 13
82 13
134 14
29 13
59 14
106 11
107 9
196 8
97 15
47 11
157 5
136 11
16 9
75 12
24 9
181 9
60 15
139 4
154 10
150 9
86 8
37 22
32 14
85 15
125 9
192 8
146 3
89 13
12 9
68 17
78 12
69 15
189 7
94 10
84 16
51 9
80 18
108 12
40 14
25 16
165 9
131 6
8 10
4 9
128 12
23 8
141 7
67 13
95 12
126 6
17 9
74 11
3 10
27 14
119 9
50 13
81 14
132 11
151 6
143 6
99 11
26 7
21 13
162 6
187 6
185 11
158 7
102 8
179 9
194 3
130 6
127 11
63 14
103 15
5 9
2 11
87 17
49 16
117 10
148 12
110 5
88 18
138 5
161 10
39 12
120 11
62 11
43 12
180 19
105 23
137 4
90 13
92 16
124 11
54 13
115 13
118 10
71 10
93 11
174 11
193 13
176 11
45 11
145 10
147 9
44 12
172 6
156 4
56 11
58 12
199 11
111 9
113 10
104 11
121 12
160 7
186 10
98 9
173 7
28 7
61 13
41 8
19 6
152 5
18 9
31 10
11 9
70 7
64 9
13 10
42 8
129 6
178 10
22 11
48 8
122 5
167 5
169 7
100 11
36 11
198 10
149 11
155 1
171 3
30 13
101 8
52 12
164 6
1 9
133 5
14 14
15 5
175 11
166 3
114 7
144 4
123 6
188 3
9 5
170 1
135 4
177 2
38 10
159 5
168 4
197 6
142 6
6 5
player: 4 Altruist
124 8
9 9
121 11
70 15
95 8
100 13
8 15
50 13
96 19
41 11
127 10
93 15
29 8
172 9
65 21
63 13
99 10
189 6
47 12
34 9
167 9
130 12
74 18
198 8
40 11
53 14
16 12
161 5
195 13
38 7
21 13
85 17
178 13
1 11
109 12
57 7
119 9
22 5
138 14
46 12
145 5
5 11
114 9
89 13
73 22
67 15
37 13
19 10
52 13
112 9
17 11
132 8
175 10
126 14
98 9
3 6
12 14
149 9
152 13
35 16
77 12
171 11
39 13
83 14
141 5
60 11
86 15
66 7
11 9
32 5
125 6
150 9
90 21
75 21
58 13
170 8
185 14
139 6
154 5
10 8
91 14
191 6
128 11
113 8
116 9
25 10
102 18
193 16
36 13
61 8
168 8
84 10
69 11
62 10
136 9
79 8
117 3
181 11
190 9
199 8
80 12
184 11
72 11
49 13
14 8
142 16
27 15
87 13
187 10
97 10
158 15
13 13
144 10
169 11
59 7
51 10
106 7
30 5
108 13
110 10
159 11
137 3
157 7
155 9
196 8
55 16
94 11
162 9
180 6
153 9
123 6
56 15
111 11
26 12
107 13
101 21
43 9
64 8
68 9
122 5
103 10
31 6
20 8
54 11
186 5
92 12
81 11
194 7
45 13
44 12
156 5
176 6
18 13
71 13
192 5
165 6
148 12
131 7
88 11
182 12
146 6
78 11
143 7
118 8
28 6
174 2
76 14
24 10
164 5
15 11
7 11
105 11
166 6
104 19
183 6
140 11
129 3
133 5
2 6
82 16
163 5
4 7
33 9
42 17
147 5
115 6
173 11
6 6
197 4
179 6
134 7
120 12
177 2
23 2
48 4
135 4
160 6
151 4
188 6
player: 5 Altruist
9 10
183 9
145 13
66 17
93 14
165 12
1 9
129 11
109 14
139 7
74 15
151 5
95 15
118 13
71 11
191 12
119 5
89 16
128 12
25 18
59 16
143 3
127 7
198 5
28 13
102 19
32 8
75 15
31 6
22 8
147 6
10 13
55 17
18 16
16 14
156 7
167 8
63 11
149 6
106 7
68 17
42 13
52 18
162 7
57 19
46 16
182 9
190 14
121 12
54 7
157 7
12 11
49 8
188 5
38 13
112 16
67 13
173 6
131 5
39 14
98 12
132 10
81 18
140 6
111 9
26 15
181 15
8 13
60 14
84 13
27 16
15 10
92 9
85 15
44 9
178 9
120 7
164 12
88 15
146 5
187 12
47 17
116 14
7 10
170 12
197 9
51 11
114 7
41 14
97 14
13 14
58 19
30 13
196 4
166 5
108 15
45 14
133 8
94 14
14 11
159 4
56 15
77 16
195 6
100 16
50 18
148 3
70 9
176 8
19 13
61 9
193 11
169 8
62 8
136 8
76 8
123 10
154 8
73 11
172 9
141 7
168 7
43 8
91 11
17 10
126 13
23 7
90 5
177 6
21 16
130 11
20 6
24 14
4 8
142 9
160 4
34 11
117 8
115 8
113 5
171 7
179 7
192 9
101 11
36 8
79 6
5 13
48 10
122 13
96 13
144 6
107 14
78 8
69 16
163 9
184 7
180 8
124 7
65 12
37 6
2 7
35 8
82 10
33 10
64 14
155 7
138 5
53 9
161 11
105 10
3 5
135 5
153 6
11 3
174 10
199 12
125 4
72 8
110 11
6 7
189 4
99 10
137 5
185 6
150 7
175 10
80 16
103 6
87 10
29 9
86 8
186 4
134 5
40 9
152 2
83 5
158 6
104 9
194 3
player: 11 Individualist
25 7
11 9
88 10
187 14
93 12
149 8
196 11
112 7
182 14
80 11
74 18
52 10
10 15
91 8
64 10
18 8
29 9
105 5
164 3
181 9
145 17
2 14
72 13
5 10
119 12
127 13
99 15
142 12
38 12
30 18
168 9
56 10
123 13
6 13
133 6
104 9
166 11
185 12
156 10
111 7
134 6
55 13
39 8
73 14
22 12
107 7
125 11
198 10
82 10
138 7
81 14
102 10
184 13
193 15
36 12
7 11
174 6
76 17
150 9
61 8
144 7
43 7
178 13
141 6
100 8
103 16
89 16
188 7
95 16
152 9
169 6
24 12
15 15
75 17
101 11
159 6
58 17
116 11
140 12
167 7
83 9
146 7
46 10
17 12
54 10
117 15
41 11
67 10
109 14
1 11
69 11
160 4
86 13
84 23
151 13
126 7
66 15
94 12
110 15
49 14
60 11
13 14
35 9
47 7
50 14
59 9
136 9
40 9
154 9
37 14
98 11
158 7
62 12
12 7
114 12
31 8
197 5
113 8
115 13
135 6
143 11
48 15
189 2
4 14
191 12
65 13
33 7
121 9
71 8
153 6
147 8
87 7
137 5
124 12
199 9
173 12
190 11
85 6
129 4
21 12
122 9
51 11
97 6
53 11
186 5
106 8
180 9
175 5
16 9
155 3
26 8
157 6
70 5
90 10
19 12
162 9
148 10
118 13
165 10
170 13
195 6
63 10
179 9
68 14
8 7
131 11
23 7
78 20
108 11
28 7
3 10
132 7
194 14
192 10
130 11
27 12
176 14
9 11
139 5
128 6
79 11
177 4
96 13
20 10
32 9
163 5
92 12
57 14
34 10
44 6
172 10
120 12
77 6
14 4
161 5
183 7
42 6
171 1
45 2
rank player: 8 Individualist
6 188
9 163
5 170
8 151
10 195
7 165
4 138
11 165
3 142
12 188
1 164
2 171
rank player: 7 Individualist
3 169
6 178
11 170
9 174
12 171
1 158
4 164
5 166
2 152
8 209
10 156
7 133
rank player: 10 Individualist
2 152
8 185
11 170
10 176
5 136
12 166
3 144
6 175
7 187
1 163
9 176
4 170
rank player: 2 Altruist
8 139
11 160
7 178
12 174
1 162
3 175
6 191
10 147
5 186
4 170
2 151
9 167
rank player: 1 Altruist
9 163
7 156
12 146
5 187
6 146
1 172
8 157
2 187
10 156
11 161
3 172
4 197
rank player: 6 Individualist
7 171
4 154
1 157
2 180
6 160
12 170
10 196
8 171
9 168
3 169
5 153
11 151
rank player: 9 Individualist
11 178
10 179
9 168
3 158
1 182
5 150
7 164
6 182
4 169
8 169
2 151
12 150
rank player: 3 Altruist
5 173
2 190
1 176
8 182
3 171
10 169
7 156
9 156
6 126
4 170
11 170
12 161
rank player: 0 Altruist
12 169
3 175
1 166
11 172
4 168
2 168
6 173
7 176
5 186
8 151
9 155
10 141
rank player: 4 Altruist
10 150
1 154
7 175
4 166
9 186
2 156
5 183
8 163
6 162
3 168
12 160
11 177
rank player: 5 Altruist
1 168
12 158
10 157
3 205
7 164
9 156
5 142
6 164
8 163
4 181
2 178
11 164
rank player: 11 Individualist
4 153
2 164
6 155
12 187
10 178
7 175
11 162
5 168
1 178
8 160
9 168
3 152
