player: 0 Altruist
61 12
66 22
179 10
8 11
100 11
142 13
151 12
42 16
56 13
5 6
111 13
188 10
167 15
86 13
190 10
17 9
84 8
153 8
71 10
135 8
150 10
59 11
104 10
83 7
40 9
50 8
199 7
165 15
193 8
24 10
79 8
64 11
114 10
145 13
174 10
21 13
187 9
126 10
154 7
139 12
103 8
189 6
173 6
180 8
25 9
101 11
43 8
27 12
36 17
127 12
129 8
171 10
18 10
19 12
91 5
133 8
75 8
34 11
88 5
6 13
117 10
33 10
28 11
148 8
141 6
54 8
159 11
198 9
94 13
163 9
131 10
72 12
160 6
97 9
123 15
197 16
67 12
2 9
1 4
158 7
147 8
22 14
14 6
45 11
120 13
138 11
124 11
125 15
31 11
55 10
146 11
53 11
98 14
134 10
87 7
181 6
39 6
78 9
12 4
47 19
143 7
60 12
68 16
77 10
85 9
62 13
93 6
110 11
30 8
166 8
51 10
105 14
26 10
38 15
161 12
102 11
132 18
95 9
106 6
170 12
23 13
3 17
109 10
82 7
58 8
128 15
119 17
156 8
184 12
35 8
70 4
81 12
63 10
9 15
76 10
178 8
99 10
65 12
107 11
4 11
96 6
11 7
112 15
182 6
69 8
176 12
7 14
37 9
169 9
196 10
118 18
144 13
74 15
121 13
191 5
73 9
10 9
32 13
80 6
183 9
177 7
49 12
149 13
13 6
168 5
44 12
115 9
46 10
113 8
52 13
90 13
137 10
130 5
157 7
20 9
92 14
185 4
162 8
41 7
29 9
122 12
175 8
116 10
152 6
186 7
140 10
172 13
164 9
48 9
16 11
89 13
136 8
155 5
194 10
192 6
108 6
195 3
15 4
57 11
player: 12 Competitive
41 12
191 13
135 7
15 14
98 13
182 10
89 8
172 12
115 15
45 12
76 12
72 15
11 8
22 16
90 13
43 6
140 16
108 12
84 8
61 9
175 11
154 13
96 13
85 7
23 14
32 8
49 9
124 13
74 15
169 12
73 12
139 11
150 7
100 8
185 12
3 10
82 8
36 21
173 12
28 11
127 14
12 8
116 13
114 7
52 16
55 12
120 12
64 12
129 13
131 14
156 14
31 14
65 8
95 9
153 9
97 7
54 16
20 14
159 11
126 5
21 14
2 5
143 10
17 12
40 15
83 15
86 9
152 7
197 11
180 8
34 12
125 8
10 5
192 11
122 13
133 9
113 9
141 10
57 12
121 7
8 8
91 8
149 10
119 7
1 6
130 8
75 11
186 9
30 14
16 10
199 6
123 12
101 11
92 9
144 10
132 5
81 10
105 7
138 10
165 7
160 11
102 6
58 13
107 16
79 7
168 9
56 9
187 11
68 10
181 8
158 7
27 14
110 8
19 15
128 12
183 7
148 9
112 13
189 12
162 9
146 11
93 6
78 16
24 11
13 9
134 7
188 10
7 15
14 12
170 9
171 12
198 8
176 7
151 11
60 12
142 7
177 12
44 9
164 12
94 14
48 9
111 13
136 6
99 10
46 12
109 9
155 10
178 13
4 12
196 10
62 7
195 3
38 12
53 7
167 8
18 8
9 9
104 11
88 11
145 6
69 11
25 6
67 11
118 4
106 11
35 12
184 6
26 4
29 9
70 8
194 6
157 10
147 13
42 10
166 6
47 14
37 13
66 11
77 9
63 7
33 9
117 12
87 9
103 4
50 8
161 11
5 12
80 6
39 10
193 6
137 10
71 7
190 7
163 8
6 8
51 6
174 9
179 6
59 3
player: 11 Individualist
16 14
96 9
27 11
80 13
95 8
120 13
53 10
37 4
195 12
184 14
121 9
92 7
71 9
183 13
21 17
162 8
125 11
106 11
38 8
129 17
187 13
34 9
138 9
33 10
156 9
46 11
76 14
123 7
57 17
193 11
161 5
56 12
1 4
101 12
168 4
35 13
54 20
31 8
99 19
155 8
43 17
108 17
30 6
40 10
128 13
133 9
70 11
136 13
68 11
188 9
169 10
13 13
132 9
164 12
93 10
172 10
67 8
131 15
49 7
196 17
65 12
60 13
25 8
166 11
182 9
75 15
189 9
50 9
146 15
20 14
78 6
11 11
104 12
63 5
4 13
115 11
176 9
55 12
124 16
163 12
64 7
74 11
52 13
134 8
135 9
102 9
58 10
62 13
153 12
139 8
41 18
140 10
77 7
100 8
24 8
3 12
87 13
14 14
36 10
8 9
127 17
170 3
66 14
109 12
107 10
119 8
160 12
88 8
186 8
152 10
32 14
149 8
19 6
110 9
137 12
91 7
61 15
39 13
113 13
69 9
118 14
175 11
197 17
2 11
148 13
17 7
9 8
142 15
83 6
48 13
84 8
180 10
86 12
126 13
198 13
47 14
79 7
130 9
145 8
165 8
97 10
90 13
199 6
6 6
26 6
151 6
89 5
103 16
158 8
51 12
98 9
179 6
194 5
147 10
154 5
42 8
85 8
190 8
141 5
192 9
12 18
105 10
116 6
174 5
191 11
114 9
15 7
112 10
7 11
177 6
81 12
94 7
73 9
157 4
122 8
171 9
5 8
117 16
150 10
23 10
10 5
72 11
178 14
181 5
44 5
159 10
18 5
22 10
28 7
45 8
143 4
82 7
111 10
144 9
29 9
173 7
167 2
185 3
59 6
player: 6 Individualist
22 13
103 11
126 10
50 12
10 12
53 11
112 11
107 10
32 8
48 12
174 7
151 10
36 13
104 9
106 15
45 12
52 11
185 11
73 9
150 10
91 11
38 16
43 15
109 11
80 4
35 11
82 7
90 7
186 8
17 7
191 10
198 9
7 16
79 8
76 7
83 12
58 13
146 7
122 13
101 15
29 12
30 9
135 12
95 8
78 12
108 11
162 13
143 14
113 14
166 12
144 9
124 19
123 12
89 14
66 10
49 16
97 9
131 13
140 10
196 10
64 16
77 12
139 11
152 11
55 10
172 8
34 9
67 11
132 15
4 9
15 16
3 9
14 9
179 19
28 11
181 10
63 11
197 16
60 16
44 15
149 13
62 16
71 8
92 4
142 13
121 9
169 7
125 7
128 12
93 14
148 10
42 5
65 12
161 7
167 5
8 7
61 11
183 13
127 16
84 16
130 8
145 14
74 15
118 11
180 11
68 11
120 10
86 11
46 12
190 6
115 13
13 8
12 12
157 7
75 9
6 9
25 15
160 9
81 11
164 12
178 8
72 11
100 8
105 11
18 10
141 13
11 8
94 11
114 11
2 9
23 9
54 12
156 8
26 12
31 14
24 9
129 12
47 8
165 9
1 6
37 10
136 13
193 11
134 7
133 9
192 10
85 11
137 13
41 10
199 8
16 7
155 13
184 13
59 7
188 9
110 8
98 10
168 11
147 10
96 7
39 8
57 6
176 5
33 14
111 11
9 9
138 12
87 6
119 9
69 13
19 12
153 5
175 8
182 7
56 5
159 9
187 14
117 9
163 5
70 5
88 3
40 5
5 6
116 9
194 4
158 5
51 11
177 7
170 7
189 5
102 5
20 3
27 6
195 3
154 7
21 8
171 5
173 4
99 3
player: 3 Altruist
147 10
104 11
62 12
119 15
97 13
54 18
126 9
47 8
60 14
183 12
70 9
129 15
182 14
136 15
124 11
21 14
91 11
26 12
81 6
68 13
82 12
12 8
61 11
87 10
153 14
71 7
154 13
29 10
13 11
115 13
2 13
40 16
3 12
161 7
64 14
65 12
177 9
178 12
122 14
123 12
58 17
1 5
135 10
69 14
150 9
101 12
99 7
51 14
33 12
39 15
172 9
121 13
105 11
112 8
137 8
88 16
14 6
111 13
158 7
93 10
5 8
179 8
151 11
48 14
86 5
95 9
142 17
107 12
19 12
85 13
103 9
36 9
159 7
176 11
55 14
113 11
193 7
197 11
149 13
6 13
84 10
32 10
49 11
23 11
128 14
83 14
132 17
108 11
34 13
160 6
73 8
166 8
78 8
118 9
52 7
22 9
20 10
162 11
163 3
120 9
59 17
181 14
24 14
37 20
43 9
50 13
41 8
17 10
72 8
145 8
169 11
173 8
184 9
138 11
141 13
164 8
116 11
98 9
94 12
194 10
57 9
27 9
187 7
130 19
192 10
18 7
56 10
157 8
77 9
67 7
63 10
188 3
156 6
79 7
127 7
186 5
152 10
195 7
114 11
196 11
146 9
8 9
144 9
168 8
167 9
7 6
170 6
92 9
90 12
76 12
80 15
74 12
35 9
190 5
42 10
139 11
16 8
31 10
75 11
155 11
102 9
25 7
89 6
10 6
148 6
143 10
109 11
15 7
53 15
106 14
38 6
133 14
199 8
110 7
30 5
174 6
171 7
46 14
100 3
45 6
96 10
191 5
185 8
125 9
198 11
28 8
134 7
66 12
4 8
165 7
117 7
180 9
11 6
131 8
189 5
175 8
44 9
140 3
9 6
player: 16 Competitive
107 13
46 9
39 12
180 13
160 14
64 10
161 10
12 7
166 13
102 12
197 20
167 8
74 15
51 9
75 13
120 11
114 9
49 20
94 8
159 9
59 12
109 12
168 14
89 12
33 6
35 7
125 6
9 10
143 14
162 14
95 12
196 12
140 11
104 11
111 16
90 13
122 13
173 7
129 10
164 9
134 11
78 8
141 8
54 13
156 13
138 10
112 14
62 8
149 13
45 9
68 12
179 10
139 13
83 10
182 9
23 11
124 9
16 9
192 13
148 14
47 4
154 13
144 12
81 10
137 7
115 17
113 9
42 12
19 9
130 11
20 13
177 11
170 11
53 10
50 11
43 6
101 8
84 15
58 8
82 11
37 8
28 15
135 10
178 12
55 13
117 5
163 9
61 6
181 11
155 15
87 7
14 17
52 13
6 10
176 9
103 6
131 12
13 10
11 9
4 8
186 5
118 4
116 16
126 11
150 7
108 18
147 10
195 8
194 10
188 16
151 11
121 13
8 6
21 7
146 4
3 12
32 12
105 17
174 10
132 10
67 6
40 10
56 11
22 15
85 9
69 11
158 9
25 8
198 14
72 8
88 13
36 11
26 15
190 10
185 7
96 8
142 9
183 5
76 11
77 10
133 9
187 16
73 7
24 9
86 6
17 13
169 8
189 7
171 10
65 15
157 5
38 12
2 7
119 6
97 18
175 16
184 8
93 5
7 11
172 18
30 10
1 3
152 9
98 5
193 13
127 8
123 13
153 5
5 4
100 11
48 8
106 3
92 7
66 13
128 12
191 5
41 10
15 9
136 7
29 12
31 6
57 11
34 11
145 11
80 7
10 8
27 6
110 8
79 5
199 6
71 4
70 9
91 11
165 4
18 6
44 5
99 7
63 5
60 4
player: 17 Competitive
15 8
122 18
107 8
174 16
73 16
153 13
165 8
18 12
59 13
101 15
189 11
128 14
110 11
13 9
34 8
106 11
16 11
195 9
19 14
135 11
157 14
40 14
87 18
99 10
171 12
36 12
114 10
8 10
26 11
181 15
79 8
22 8
69 14
71 10
98 6
3 22
63 11
183 11
38 11
58 13
23 12
112 6
119 11
100 11
103 10
185 10
31 13
43 11
6 8
78 10
117 9
121 12
51 10
64 14
131 10
154 6
145 5
93 9
33 8
198 10
39 12
126 8
77 9
164 14
90 4
159 8
115 9
82 9
160 11
56 7
113 9
175 15
116 12
140 12
138 9
27 12
32 7
47 13
48 10
177 10
182 10
187 15
134 11
120 13
94 6
50 6
109 10
162 15
74 16
196 7
85 14
46 9
148 9
91 8
92 7
147 10
193 17
127 10
53 10
125 7
156 14
21 13
102 14
14 12
108 18
151 10
192 10
84 7
118 9
132 13
45 13
129 8
168 12
44 8
25 8
7 12
191 12
65 10
124 17
199 7
133 6
52 12
169 10
158 6
144 10
161 11
155 8
75 14
60 13
42 9
143 11
170 6
178 12
37 10
20 15
86 13
12 4
150 6
4 9
61 11
190 6
5 5
88 8
66 12
186 9
17 16
24 12
139 6
146 7
137 13
35 9
136 9
95 10
70 7
105 6
68 14
194 8
141 4
11 7
72 6
152 4
9 10
67 10
89 11
184 4
188 12
172 9
1 7
41 3
28 9
55 7
130 12
2 12
123 12
173 8
176 7
197 16
54 10
104 6
76 10
166 6
81 15
97 9
96 6
142 9
30 6
163 7
167 6
149 8
62 10
57 10
80 4
29 10
180 8
179 7
111 6
49 8
83 5
10 3
player: 4 Altruist
86 8
90 5
184 7
4 13
187 13
134 9
131 17
173 8
41 15
28 11
145 10
156 10
72 13
18 17
138 11
120 5
64 17
23 10
124 11
52 10
53 13
1 12
21 13
82 15
171 6
48 6
65 10
115 7
67 11
93 12
49 18
113 9
61 12
126 10
133 11
186 10
152 8
158 13
175 11
106 11
179 5
70 12
77 13
95 7
161 6
57 11
147 15
60 16
122 12
75 7
102 13
170 7
9 11
80 14
155 11
88 8
148 7
46 8
38 9
13 10
44 13
107 10
127 9
54 14
169 11
180 8
195 7
183 7
22 16
196 11
51 13
8 10
165 7
121 12
191 9
166 13
35 8
50 15
104 7
7 13
76 9
39 13
37 16
116 17
105 11
34 6
189 10
24 9
119 13
17 10
58 12
129 9
25 13
32 6
85 8
101 6
99 9
149 15
193 11
31 16
68 11
154 6
151 14
168 5
98 10
87 8
12 12
59 18
159 7
27 9
142 11
153 9
96 5
79 11
66 11
33 11
141 9
6 9
97 11
81 18
56 12
73 11
5 7
174 7
139 9
84 10
109 9
83 4
19 20
140 10
135 11
199 11
160 10
182 8
62 12
20 15
43 9
162 9
55 8
69 9
74 9
92 11
123 13
164 12
197 11
185 8
136 11
146 10
2 6
130 13
128 10
89 6
157 7
198 9
144 13
125 10
117 8
132 10
15 8
14 12
45 4
26 7
63 9
163 5
118 9
16 11
190 8
30 7
78 11
100 9
36 21
108 4
137 9
150 9
111 14
42 15
172 11
47 10
143 6
114 10
192 4
40 12
110 12
194 9
71 8
177 7
176 7
91 5
29 6
11 5
167 5
94 12
188 6
112 9
3 11
181 7
103 3
10 4
178 4
player: 2 Altruist
162 11
37 12
179 11
18 10
39 12
10 10
121 7
15 12
105 13
153 6
101 7
102 13
13 12
53 11
158 8
144 9
119 11
187 5
136 9
50 15
42 9
85 16
113 12
14 11
183 16
103 12
107 11
151 8
58 14
7 12
175 12
89 13
6 10
100 14
137 7
83 12
8 9
99 13
21 12
146 12
120 11
1 6
165 10
114 13
49 15
64 13
95 13
3 20
166 8
192 8
28 17
190 11
141 11
106 14
185 8
17 8
90 10
32 10
60 14
133 13
124 13
65 12
143 4
135 8
78 13
128 12
169 11
77 13
148 12
196 8
163 8
97 12
38 7
145 6
86 4
93 7
2 12
104 5
170 6
126 9
56 13
27 15
57 11
20 5
116 15
66 11
138 13
150 10
98 11
91 13
52 11
31 10
33 6
191 10
132 12
4 8
19 18
194 12
147 13
156 9
44 12
61 13
168 10
160 9
177 7
22 5
123 11
193 11
127 10
59 14
159 13
80 6
110 11
139 9
134 11
96 9
112 8
81 10
197 13
12 11
122 10
118 15
69 11
47 10
180 12
29 13
125 10
35 6
54 7
40 17
74 13
45 10
51 10
154 5
172 9
186 12
94 6
182 6
115 16
181 13
75 9
140 9
157 12
9 5
130 11
117 12
79 12
11 8
189 7
16 14
36 7
46 9
70 7
5 5
152 8
171 11
155 10
164 11
167 13
23 9
195 8
108 6
142 7
25 8
55 6
188 8
43 10
62 7
63 8
24 3
92 8
184 10
72 10
131 10
199 7
111 12
26 6
67 6
48 15
174 7
30 11
76 13
73 7
149 11
109 14
161 3
129 8
34 13
87 14
198 9
88 6
68 5
41 4
176 7
84 6
82 9
173 7
71 6
178 2
player: 14 Competitive
38 14
111 7
168 9
47 7
92 7
102 9
91 11
11 8
69 13
63 7
75 7
17 12
148 7
194 9
132 14
126 12
109 6
141 11
145 7
46 9
162 10
181 10
52 12
170 10
39 11
65 8
50 11
94 13
34 6
169 12
29 9
123 19
80 11
119 15
64 11
165 15
19 13
40 9
161 12
20 12
129 11
43 6
81 11
172 10
157 11
72 10
192 6
143 9
122 11
89 11
96 9
59 10
113 9
193 15
149 9
105 9
68 12
54 10
136 10
35 12
101 12
5 8
95 4
33 11
110 9
3 14
124 10
173 10
76 16
174 16
87 9
184 10
42 7
158 17
121 5
118 10
83 12
74 12
18 9
23 8
36 7
100 12
10 9
127 13
56 10
86 9
140 11
37 15
147 11
79 10
6 7
177 15
28 4
67 8
171 22
2 7
60 9
115 12
137 14
196 10
120 13
7 14
44 11
62 12
187 7
51 10
186 10
30 7
179 11
146 10
85 14
12 13
150 8
114 10
175 12
26 11
167 9
103 12
160 14
180 8
55 12
183 14
82 5
152 15
49 12
78 8
73 8
4 15
97 10
189 12
125 11
130 8
106 12
45 10
98 17
191 12
198 9
133 10
66 9
116 9
164 9
14 16
88 9
71 9
9 9
142 12
99 6
61 4
176 10
84 12
21 13
166 6
197 11
8 2
108 10
151 7
155 8
13 10
117 11
182 12
22 7
53 15
199 8
134 6
16 10
25 13
93 11
144 13
163 6
77 15
131 8
90 5
138 13
27 6
190 16
188 6
32 8
31 13
139 10
58 8
128 11
48 10
135 7
1 7
57 10
104 9
159 6
15 6
112 7
195 9
70 10
107 10
156 12
178 4
154 9
153 6
24 4
41 3
185 3
player: 1 Altruist
188 8
115 14
183 11
192 13
175 8
99 10
164 12
2 10
40 12
117 12
155 18
171 8
172 11
100 10
197 10
25 14
20 9
105 10
54 11
163 9
148 13
140 13
36 8
121 14
6 7
138 15
153 9
80 9
119 9
26 12
62 9
44 11
112 16
82 13
170 6
17 9
46 8
64 12
12 13
78 12
37 3
132 16
57 17
139 10
1 9
72 11
34 12
154 8
43 9
167 7
71 15
35 6
123 12
160 9
61 15
23 13
144 19
19 5
96 9
181 10
58 5
180 9
76 9
50 8
32 11
16 9
29 7
174 4
146 14
7 11
51 16
125 12
67 10
196 12
81 6
53 10
187 10
143 4
5 9
38 8
184 13
156 13
116 7
122 12
159 10
142 12
141 8
129 16
59 9
126 15
48 6
15 9
107 10
120 15
49 14
97 7
87 9
127 17
149 11
33 14
63 10
86 6
179 14
110 11
106 9
124 15
28 11
90 9
176 9
131 11
185 7
68 10
152 7
21 18
137 8
70 10
55 7
3 13
85 11
157 7
198 8
194 6
31 18
191 9
47 3
114 11
182 9
75 13
94 10
98 12
103 6
88 7
9 3
133 7
92 7
130 9
145 10
60 11
66 10
101 6
42 19
24 11
199 6
56 10
10 10
118 9
173 7
69 12
189 5
11 12
186 10
77 13
109 7
134 11
13 10
18 13
73 11
84 8
195 4
111 16
147 9
41 14
168 12
8 11
178 6
151 11
166 10
135 7
158 11
30 5
102 10
169 3
4 8
177 5
83 12
108 10
39 14
161 11
93 11
52 8
45 11
14 15
22 8
27 8
128 14
113 8
95 10
65 10
104 7
136 9
162 6
79 9
89 8
193 10
165 8
150 9
91 6
74 9
190 1
player: 5 Altruist
134 19
53 12
62 19
57 13
4 13
107 20
84 7
85 11
29 11
64 14
152 10
54 15
61 12
136 12
14 9
7 15
183 6
90 9
140 9
60 12
91 12
185 6
189 6
131 17
89 12
161 7
74 18
191 14
70 15
117 14
97 5
199 5
37 6
101 8
26 16
105 13
137 8
96 12
115 16
15 10
10 7
67 13
173 10
148 10
33 8
167 8
81 7
1 6
132 13
110 11
11 15
56 15
112 11
108 9
166 8
116 11
177 9
120 11
129 13
188 7
190 13
181 8
72 12
17 8
113 15
51 12
47 14
98 15
87 12
138 11
86 11
119 5
170 8
178 12
130 11
12 7
180 10
99 6
197 13
149 11
55 7
19 10
3 17
77 8
35 7
52 14
171 11
118 12
49 14
2 6
9 7
28 9
30 10
69 10
151 7
146 12
93 10
50 14
94 10
128 8
153 12
150 12
157 8
179 12
135 14
80 12
36 10
126 6
41 10
65 8
6 7
139 6
162 9
58 14
24 7
196 11
43 15
114 13
172 8
156 8
109 15
21 9
158 5
42 14
92 8
125 9
159 6
122 10
18 5
83 14
124 11
169 7
184 13
193 21
154 8
68 11
103 13
121 9
192 9
165 12
25 12
88 10
195 10
78 8
76 13
63 5
34 6
8 3
75 11
141 9
174 6
175 11
123 10
95 8
79 10
187 7
186 6
66 7
73 11
48 10
39 15
40 7
5 7
59 8
71 5
27 9
22 10
160 8
127 13
133 6
176 6
194 9
164 9
16 11
168 7
106 12
46 11
144 8
31 10
145 13
142 6
82 13
163 11
111 5
45 8
147 8
155 10
44 7
100 5
143 7
198 10
20 9
102 6
13 8
32 10
38 7
23 5
182 4
104 6
player: 13 Competitive
183 12
197 18
18 15
3 17
63 14
139 11
160 13
43 10
120 13
96 8
92 9
41 14
168 7
99 11
140 13
189 13
141 12
150 11
52 11
154 6
53 7
101 8
173 11
170 11
59 8
32 12
49 11
126 12
47 10
128 9
95 10
67 12
109 13
27 10
113 10
100 10
29 12
158 14
2 12
9 12
122 8
148 10
163 7
144 16
135 12
179 16
57 11
178 10
184 9
14 12
159 12
11 8
104 11
86 9
142 19
119 8
72 11
143 16
137 12
80 13
190 12
89 14
1 9
31 9
130 10
21 15
65 6
196 17
187 14
24 6
108 11
73 11
116 12
129 11
69 14
76 12
35 12
165 8
131 9
185 11
61 15
171 9
70 8
93 9
46 9
22 14
172 11
155 10
157 11
38 10
12 13
10 14
77 9
169 8
45 10
111 16
68 10
28 18
125 7
167 10
138 10
15 6
74 8
50 8
79 9
182 6
54 16
112 5
127 9
186 12
121 6
146 11
78 12
66 9
17 12
13 11
132 12
26 13
87 15
191 8
181 11
40 8
195 8
55 12
56 8
152 9
192 7
82 13
23 8
124 8
134 15
162 9
153 7
123 12
33 8
42 7
194 9
156 5
85 16
133 9
98 11
145 3
193 8
58 15
60 10
44 11
16 9
102 9
88 12
81 8
83 10
105 12
97 4
188 11
30 8
36 11
7 7
94 7
117 7
4 8
166 10
174 9
37 6
136 5
8 4
149 4
199 5
161 5
103 8
176 7
90 10
64 8
62 15
151 15
39 4
48 10
175 10
20 10
51 5
115 10
198 5
107 10
71 5
5 5
84 13
177 10
34 6
114 6
106 12
164 8
19 11
25 5
147 7
6 7
91 9
118 7
75 6
180 7
110 7
player: 7 Individualist
34 15
131 14
110 13
133 6
50 12
167 6
144 8
90 10
57 9
63 14
2 11
184 8
108 15
160 10
17 12
127 14
58 8
66 17
33 12
39 12
113 16
80 15
59 11
43 11
145 13
88 15
76 13
23 8
191 13
31 13
146 9
24 9
142 9
172 10
155 6
15 9
36 12
47 13
156 13
16 8
175 12
94 10
93 12
69 9
62 7
46 7
122 16
193 7
194 13
105 10
3 20
28 14
83 9
49 11
81 7
174 10
116 8
125 15
150 9
157 10
147 8
97 6
96 12
182 15
26 19
92 10
78 12
18 10
55 13
72 6
99 12
29 12
161 13
153 9
48 14
82 11
60 11
126 16
21 17
129 9
140 9
168 9
101 13
61 12
5 6
65 17
149 10
25 7
162 6
136 8
32 10
56 11
119 9
112 15
141 8
197 19
79 11
70 9
12 7
154 10
44 6
139 11
85 19
183 4
102 10
9 8
166 6
106 8
37 16
111 16
71 12
198 13
77 11
45 12
181 13
75 6
38 6
165 11
135 13
190 11
176 6
40 9
22 7
54 11
11 9
169 12
74 9
27 8
170 8
14 14
30 6
52 13
104 12
120 11
103 14
115 10
151 9
124 2
173 10
107 16
164 9
186 11
13 10
4 6
53 11
130 6
20 8
138 8
19 11
64 12
132 9
187 10
86 10
42 9
180 8
73 5
95 10
123 11
158 8
87 8
148 9
109 13
98 11
185 10
152 12
35 11
163 9
84 4
7 15
117 13
100 7
177 10
41 8
51 11
121 8
10 9
192 7
159 4
91 7
6 5
134 6
128 11
8 5
89 4
196 12
67 6
195 5
137 14
118 8
68 10
178 3
188 9
179 6
1 3
189 3
114 4
199 2
171 5
143 4
player: 10 Individualist
142 9
33 13
10 20
87 17
65 15
171 6
71 9
35 10
167 8
132 8
20 8
64 13
81 10
41 13
95 10
137 11
184 9
30 10
38 18
122 12
97 8
173 9
127 14
94 11
130 10
126 11
82 9
57 10
43 9
77 12
150 12
69 15
110 6
52 9
36 15
147 4
29 8
175 11
158 11
6 10
3 22
133 14
181 5
192 11
129 15
76 10
191 5
96 13
103 10
139 15
25 16
56 16
86 5
141 8
151 13
186 11
13 7
28 12
180 9
42 7
72 8
118 10
31 5
55 8
114 12
63 8
34 14
74 9
17 13
153 8
59 7
84 10
47 12
124 7
58 17
93 10
198 13
44 19
89 12
135 9
23 13
105 3
79 11
18 11
188 7
12 7
26 8
162 9
16 13
197 12
5 7
123 16
168 7
4 10
157 10
183 11
7 13
120 12
193 16
80 11
113 9
88 9
22 7
117 10
78 10
15 8
66 9
24 8
177 6
144 22
14 10
100 11
187 7
154 8
178 8
179 9
121 13
90 11
159 9
53 11
107 8
19 9
111 9
108 12
109 20
165 15
91 8
106 6
136 9
62 9
156 12
102 17
170 3
2 16
176 8
146 16
11 11
160 6
143 6
40 7
51 9
85 12
119 11
199 4
166 6
115 9
128 11
169 6
1 2
61 10
152 11
54 11
138 19
50 9
140 12
131 9
194 11
45 13
148 10
161 5
190 10
46 11
67 9
68 13
70 13
195 6
60 11
149 11
182 7
163 6
75 8
9 6
98 8
172 11
134 11
21 8
125 12
73 8
174 10
104 9
101 9
39 6
92 8
185 10
164 8
32 10
48 5
155 11
49 6
37 8
99 9
116 10
112 8
145 6
8 3
196 8
83 8
189 7
27 5
player: 15 Competitive
50 9
197 11
3 10
128 16
41 10
194 10
104 8
9 11
121 8
47 12
81 11
101 12
168 13
23 15
87 8
78 14
148 12
52 9
115 14
139 6
82 9
178 5
24 14
18 11
125 11
1 8
59 8
144 15
143 11
90 11
62 11
155 11
88 8
44 13
29 15
195 5
76 13
134 12
157 10
105 13
154 10
108 14
180 12
84 5
42 13
12 19
49 15
153 8
53 9
17 12
189 9
123 15
22 7
100 14
117 14
124 10
98 14
56 6
33 7
171 13
122 10
158 8
35 16
69 9
149 12
136 12
51 12
67 3
46 12
176 7
61 14
27 5
127 9
181 19
116 11
6 8
92 15
192 9
138 15
188 10
32 14
7 10
16 19
91 10
15 6
113 7
55 9
130 10
152 8
60 10
160 9
65 6
13 12
31 15
129 13
141 9
109 17
94 13
37 18
185 8
142 9
166 7
170 10
57 9
8 3
120 6
68 12
73 11
38 7
70 15
19 13
85 5
99 10
111 9
177 11
71 8
135 8
156 9
10 8
48 8
131 6
43 9
28 7
198 6
74 12
163 8
191 12
77 11
66 15
174 16
137 6
97 13
107 8
45 9
89 14
146 14
193 10
112 9
159 7
183 9
5 9
36 10
151 8
30 8
119 13
187 10
182 9
199 9
39 6
72 6
54 10
21 16
147 10
126 11
96 8
11 6
132 8
167 5
93 7
150 11
145 8
190 14
169 14
83 11
106 12
58 12
184 5
4 12
196 11
20 3
95 10
173 6
34 15
2 8
75 7
179 13
79 5
133 11
103 15
102 9
161 4
110 8
186 5
164 6
140 6
172 6
118 11
14 10
175 7
162 12
25 10
63 8
80 7
64 9
86 9
165 7
26 4
40 7
114 6
player: 8 Individualist
43 13
172 11
75 7
10 8
28 11
69 11
82 13
76 11
101 12
173 15
151 9
177 9
24 11
79 9
169 9
3 15
112 13
41 10
70 15
11 9
114 14
23 9
105 11
18 10
35 15
46 9
32 11
86 9
29 11
45 13
127 6
90 6
167 10
71 8
117 15
2 4
106 8
132 12
21 12
130 14
4 8
108 7
156 13
142 15
188 11
197 10
39 13
9 9
116 10
16 12
146 6
88 13
99 10
123 17
144 12
60 8
51 19
74 12
104 8
181 12
95 18
137 10
53 13
199 8
157 7
196 14
57 11
85 11
17 12
97 8
68 13
110 10
122 20
52 10
65 15
139 15
19 14
124 13
92 7
94 6
178 10
153 13
98 10
134 12
66 8
63 8
155 14
165 8
187 11
175 12
50 9
64 12
159 11
182 7
180 6
184 6
91 10
38 17
149 7
30 8
190 8
129 12
128 17
34 13
111 6
27 12
145 12
109 6
194 8
147 15
170 9
31 9
47 9
42 8
185 14
118 11
62 8
160 9
121 8
8 8
13 10
44 16
115 13
55 8
163 7
14 18
103 11
140 10
119 13
49 14
61 9
26 10
161 8
96 13
100 14
77 9
136 15
33 7
58 16
150 5
192 6
143 9
7 11
195 4
126 10
162 11
37 10
179 6
158 6
152 10
148 15
133 6
191 7
131 11
54 11
73 11
78 4
25 11
84 5
168 4
125 12
12 8
174 8
193 10
198 11
72 9
20 8
87 15
36 9
164 10
56 9
102 6
67 5
176 4
89 15
120 14
15 10
166 7
6 5
22 18
135 11
154 6
171 4
1 1
80 15
183 8
141 4
186 8
138 10
83 4
59 7
48 8
81 3
189 4
113 10
93 8
107 3
40 6
5 4
player: 9 Individualist
130 13
191 7
55 9
81 11
137 10
31 11
139 14
79 12
22 9
65 13
170 10
15 12
172 8
116 10
153 11
179 7
131 5
140 13
38 11
1 4
16 13
53 15
85 5
174 15
138 10
52 12
45 7
2 9
120 13
24 10
25 7
99 10
90 11
103 9
192 10
110 10
35 16
93 14
28 13
124 13
122 14
46 6
26 7
160 10
168 9
141 7
59 12
197 14
175 10
58 11
32 12
176 11
106 11
105 10
184 8
20 11
111 11
64 15
42 11
135 9
127 13
100 15
136 16
167 14
101 13
86 6
23 14
63 8
143 7
113 8
133 9
68 9
142 15
76 17
156 8
71 14
177 14
194 5
148 13
149 8
102 12
157 12
6 10
67 7
115 11
145 11
121 14
66 16
8 7
134 16
112 10
17 9
166 12
196 9
61 5
181 15
169 6
193 14
144 18
94 11
132 7
84 7
27 10
147 12
107 12
159 6
185 10
98 7
126 6
13 13
183 11
178 6
9 10
92 13
39 8
43 9
14 16
30 7
164 8
104 4
5 11
54 10
40 12
72 8
199 9
77 12
50 18
128 11
82 15
88 10
150 13
118 6
37 13
21 12
117 15
56 12
114 12
44 14
125 11
189 5
4 6
198 7
89 12
96 10
83 11
80 9
186 12
73 9
29 9
95 6
182 14
74 11
161 6
10 10
151 9
190 9
188 9
91 8
75 12
62 10
171 7
78 8
49 10
60 13
11 7
18 10
152 5
109 5
155 9
41 7
97 11
146 9
34 7
51 14
12 12
36 4
195 6
108 9
33 7
70 14
158 7
173 5
87 10
57 10
7 18
163 6
19 11
48 12
119 5
69 6
123 12
3 8
165 5
162 4
180 7
129 7
47 6
187 3
154 2
rank player: 0 Altruist
9 111
5 125
16 113
3 103
14 107
13 132
6 113
8 121
1 108
10 107
17 89
2 113
7 116
15 100
18 112
12 115
4 109
11 106
rank player: 12 Competitive
6 102
15 115
13 127
5 103
17 141
16 96
2 128
8 107
1 111
9 105
4 128
10 123
12 105
11 94
7 112
3 112
14 100
18 91
rank player: 11 Individualist
2 117
7 103
4 132
10 135
11 104
9 118
18 118
16 110
6 120
3 99
12 111
14 97
5 115
17 107
1 102
15 114
8 98
13 100
rank player: 6 Individualist
3 117
8 112
12 104
1 109
6 110
16 103
14 129
15 117
11 121
5 110
4 104
10 126
18 115
7 123
13 115
9 83
17 97
2 105
rank player: 3 Altruist
15 101
9 97
7 126
13 108
12 108
4 126
10 111
8 105
11 134
17 95
5 124
18 110
6 109
2 110
1 100
14 123
3 105
16 108
rank player: 16 Competitive
11 115
3 101
5 115
17 130
16 135
18 123
12 111
13 124
9 116
7 97
8 119
15 116
1 103
10 98
4 98
14 102
2 99
6 98
rank player: 17 Competitive
1 122
12 114
10 108
16 130
9 113
14 112
18 114
5 101
11 110
17 114
2 109
4 110
13 106
3 115
8 96
7 100
6 111
15 115
rank player: 4 Altruist
10 95
6 116
18 106
2 136
11 111
12 102
7 106
3 114
8 114
1 114
15 95
9 130
14 107
13 102
4 108
16 109
5 130
17 105
rank player: 2 Altruist
16 106
2 110
15 120
6 122
3 98
1 117
9 121
4 117
13 112
14 101
8 103
5 110
10 109
18 112
7 121
12 106
11 105
17 110
rank player: 14 Competitive
5 92
10 109
14 113
7 124
13 115
1 114
8 115
4 94
3 100
18 117
15 121
17 110
6 124
16 132
11 103
12 118
9 102
2 97
rank player: 1 Altruist
18 102
11 122
17 104
8 103
1 129
5 115
13 115
14 117
16 113
3 116
2 103
9 110
15 118
10 111
6 118
4 94
12 109
7 101
rank player: 5 Altruist
13 116
4 119
8 105
9 126
6 108
10 114
1 106
15 114
7 126
5 120
11 112
17 109
12 96
18 113
14 111
16 106
3 89
2 110
rank player: 13 Competitive
17 128
18 116
3 113
1 114
7 108
12 140
15 108
10 101
8 105
4 117
16 122
14 104
9 110
11 114
6 95
13 85
5 106
2 114
rank player: 7 Individualist
4 110
13 104
11 111
15 100
5 108
14 107
10 105
6 107
1 102
16 107
9 118
7 114
3 111
12 114
2 127
17 115
18 115
8 125
rank player: 10 Individualist
14 111
1 121
2 100
12 117
8 115
16 108
4 102
10 120
3 129
15 102
11 108
5 116
7 102
17 99
9 119
13 115
18 111
6 105
rank player: 15 Competitive
8 103
17 126
1 107
14 122
4 104
18 108
2 111
16 108
5 107
6 111
7 100
3 135
9 112
15 106
13 104
12 128
10 103
11 105
rank player: 8 Individualist
7 116
14 124
9 101
4 116
2 107
6 108
3 132
11 108
12 105
15 130
17 108
8 121
16 86
1 109
10 111
5 94
13 120
18 104
rank player: 9 Individualist
12 97
16 108
6 123
11 117
15 108
2 104
7 105
14 113
1 112
13 100
17 113
10 114
5 109
3 111
8 133
4 112
9 108
18 113
