player: 1 Competitive
60 9
149 9
133 8
34 16
25 17
20 12
166 8
33 11
14 7
4 5
56 16
134 17
85 7
12 10
75 10
98 11
68 9
197 14
89 12
111 10
122 11
31 7
9 11
87 19
15 13
174 7
144 13
66 12
112 14
106 14
156 13
63 10
145 14
127 16
183 13
104 11
163 6
99 10
170 12
5 22
138 4
154 8
44 11
95 19
121 10
30 14
148 13
118 18
29 4
109 4
160 9
120 16
179 16
23 5
45 13
184 7
10 10
108 15
69 10
124 12
137 14
39 11
26 12
79 9
193 18
117 12
81 13
78 7
55 15
159 12
132 9
22 10
7 7
51 8
140 12
35 8
91 6
11 7
42 9
102 9
73 10
72 8
126 8
47 10
17 10
125 12
161 6
173 14
151 5
181 8
186 11
1 7
129 10
50 9
46 10
136 14
18 10
114 9
135 16
199 8
77 12
6 6
65 11
158 11
168 11
191 9
80 15
58 6
59 10
52 14
40 10
180 13
53 10
153 10
37 15
131 11
97 18
96 8
147 8
86 14
162 13
185 11
165 10
177 8
130 10
70 12
76 9
194 4
167 10
27 9
74 9
178 10
2 14
116 11
190 11
110 11
57 10
61 10
198 13
64 3
157 5
143 13
142 5
187 5
139 7
155 5
71 11
19 7
24 10
113 8
172 15
82 10
128 8
88 12
36 16
21 10
152 11
195 12
123 6
16 5
176 9
41 9
189 6
119 8
169 9
67 9
38 7
54 10
49 14
146 8
101 7
93 4
43 10
175 7
62 4
92 10
188 5
84 9
100 7
164 11
107 10
182 4
28 3
196 4
105 11
32 14
141 8
115 11
171 8
94 8
90 3
192 6
150 6
3 10
13 12
103 9
8 6
48 10
83 6
player: 7 Competitive
144 19
154 13
17 14
179 10
6 10
52 17
196 7
107 9
10 16
137 9
55 11
19 15
9 12
115 9
31 10
106 10
160 13
187 16
82 9
147 6
3 13
5 13
26 11
165 6
87 14
60 13
166 9
86 3
168 12
183 16
64 9
15 6
128 10
148 11
21 7
105 8
127 9
167 13
93 9
119 6
182 8
54 19
12 16
66 10
129 6
197 6
159 10
140 12
177 11
198 14
25 7
59 10
91 15
103 8
150 11
155 10
186 12
111 22
104 12
149 13
121 10
61 5
51 6
84 9
136 13
67 10
49 8
190 11
185 11
7 7
181 11
77 11
73 7
43 14
80 21
28 17
163 11
36 14
133 8
44 7
83 14
42 10
170 7
176 11
99 9
2 17
164 10
57 10
113 11
74 13
56 13
142 13
117 13
46 9
8 4
16 10
13 11
45 11
172 15
90 8
162 15
180 11
95 10
97 12
195 14
18 11
151 8
138 15
37 11
146 19
33 10
29 12
48 10
184 8
130 11
94 13
112 6
40 16
70 11
89 5
30 7
135 12
109 8
63 6
78 10
125 8
108 6
175 10
81 18
145 9
20 9
100 15
178 5
139 14
24 8
131 7
50 8
69 14
134 7
38 15
194 10
32 11
156 11
152 8
11 13
199 7
153 9
124 8
53 9
68 7
35 11
123 12
65 6
132 8
14 9
76 3
79 9
41 6
34 6
98 9
71 12
122 12
169 9
101 8
92 10
22 8
126 9
27 8
189 6
118 7
110 9
23 5
58 11
171 5
143 12
114 7
72 6
158 6
188 8
174 9
96 9
192 11
75 11
120 10
157 4
116 5
102 7
1 6
88 9
141 11
173 9
39 11
191 7
47 9
193 4
85 7
62 4
161 6
4 2
player: 9 Competitive
166 9
35 9
188 8
23 10
138 17
19 13
51 11
192 9
20 12
115 14
113 12
124 7
72 6
121 14
92 12
149 7
66 10
183 13
13 17
146 15
65 13
198 9
175 4
193 14
159 14
102 13
132 10
194 11
158 7
12 10
119 11
61 13
100 13
187 6
144 16
10 8
87 8
184 9
154 12
50 10
74 11
7 12
172 6
27 4
96 17
167 15
110 12
173 7
130 7
170 12
86 8
126 8
30 8
89 20
82 6
139 10
57 7
185 12
111 12
67 13
142 11
40 11
176 13
153 10
15 11
105 16
77 8
84 11
177 15
125 13
58 10
70 10
94 15
38 12
25 8
95 10
161 12
39 11
75 7
141 8
32 6
168 15
190 7
98 11
4 12
6 8
107 8
150 9
127 19
120 9
117 9
99 14
162 16
14 13
16 9
196 6
68 9
31 9
28 6
109 12
114 9
199 5
143 8
88 7
69 8
156 11
182 9
135 11
152 8
155 10
56 12
189 11
80 9
108 11
62 13
49 11
43 9
42 18
26 7
180 8
55 5
164 14
48 17
147 13
106 10
131 12
148 11
116 6
18 10
1 6
195 10
79 8
104 5
101 14
52 7
165 7
45 9
47 7
112 11
145 14
133 11
78 6
103 5
81 10
169 10
160 13
73 7
36 8
64 10
140 15
63 6
21 13
33 13
29 5
46 9
134 9
128 12
197 11
122 14
41 6
71 6
174 4
136 5
22 9
9 8
53 7
171 9
5 13
97 15
34 14
163 11
24 6
44 9
60 9
181 8
85 8
129 7
8 8
186 11
59 6
93 4
91 15
3 14
179 8
37 8
83 11
157 12
118 8
11 8
76 10
17 8
178 8
90 8
54 9
123 5
2 9
151 8
191 8
137 10
player: 5 Competitive
142 15
196 9
111 11
69 5
66 13
64 17
19 10
120 14
134 16
84 16
108 6
157 11
62 13
191 12
146 18
80 7
63 10
42 13
112 11
79 12
41 5
147 13
160 13
148 15
137 10
135 7
85 9
115 11
31 12
119 11
75 15
116 11
181 11
126 12
193 17
7 8
170 18
136 19
187 16
130 16
179 15
89 13
150 15
190 11
78 18
71 12
20 8
197 10
149 9
76 11
175 12
93 9
59 9
72 10
178 11
155 9
151 10
174 12
54 13
107 10
87 12
132 10
92 7
98 11
101 7
172 9
152 17
57 14
113 9
21 13
40 5
17 13
39 13
44 7
127 11
158 9
77 8
46 17
145 10
118 13
100 9
183 11
37 5
198 11
153 7
177 17
163 13
124 14
195 19
109 6
185 9
94 12
28 10
139 5
58 12
171 11
188 9
165 15
74 10
1 9
97 14
43 8
33 9
169 12
65 8
99 8
159 8
15 12
91 12
189 7
47 7
156 8
131 8
166 12
68 11
125 11
83 13
140 13
86 9
13 4
22 9
81 10
35 16
128 8
129 7
186 7
32 17
96 11
141 7
48 9
123 9
23 13
184 8
82 9
180 6
50 6
10 9
167 8
60 7
95 14
144 8
90 6
25 9
121 11
162 6
114 9
56 12
73 8
24 10
8 9
11 12
88 13
14 7
29 11
55 8
27 8
106 10
104 11
122 8
16 11
133 3
182 8
38 15
52 7
45 11
12 6
70 12
192 5
30 9
9 15
34 7
138 6
110 9
67 9
36 11
2 17
26 7
164 8
51 6
105 6
176 8
168 8
154 8
49 6
53 2
4 2
143 3
5 9
61 10
3 6
103 7
161 7
199 5
102 3
6 4
173 2
194 9
18 3
117 6
player: 4 Competitive
7 10
182 15
70 10
86 15
63 9
91 10
179 10
198 13
42 10
50 10
116 11
72 10
44 7
167 13
68 13
135 20
141 9
99 15
80 8
79 10
24 15
89 11
112 14
187 11
199 6
117 9
32 14
129 7
165 16
148 8
61 9
48 13
90 10
93 10
131 13
15 14
154 14
193 11
66 12
22 7
185 17
46 16
183 10
157 6
85 11
94 7
175 6
159 12
162 9
143 11
13 16
23 12
103 11
172 19
123 12
36 9
2 20
113 17
56 13
77 12
20 10
163 14
27 11
138 12
184 13
151 6
195 14
62 12
26 10
16 19
133 7
130 8
65 11
88 8
153 13
78 8
176 13
83 10
49 3
194 6
168 8
124 9
191 13
35 8
81 12
21 8
109 14
18 10
140 10
19 14
31 10
107 11
178 7
29 8
166 9
84 10
92 7
120 10
59 8
155 12
45 9
189 9
102 16
34 11
9 8
41 12
147 6
136 13
54 12
132 8
10 12
30 10
150 8
134 13
47 14
174 17
106 5
40 12
128 8
74 12
98 8
115 14
160 10
17 5
108 8
71 7
110 14
1 6
186 8
64 15
139 9
95 9
105 10
43 12
82 9
152 9
181 6
5 12
28 13
171 10
55 8
126 11
53 7
158 13
137 9
188 6
96 14
38 9
118 9
104 9
33 10
164 5
156 13
142 7
14 9
196 5
87 9
121 5
58 14
25 2
125 11
192 6
69 9
57 6
100 11
37 8
169 9
97 6
75 11
146 10
161 8
127 12
173 10
67 10
180 10
76 9
60 7
177 3
101 9
190 6
51 7
122 8
170 5
39 9
73 8
119 6
11 6
52 9
197 12
149 14
12 5
114 9
8 4
4 8
111 10
145 2
3 9
144 8
6 3
player: 10 Competitive
44 15
9 11
13 10
39 11
66 13
129 10
135 17
7 13
19 9
198 11
17 8
197 11
38 15
15 15
171 11
188 13
190 10
138 15
168 11
184 14
79 13
2 11
1 14
128 11
134 14
50 8
117 10
100 10
156 8
131 7
104 11
176 10
133 9
41 16
80 8
151 9
146 17
20 9
68 10
136 8
165 12
84 9
75 9
82 9
102 9
48 18
179 10
56 12
49 5
47 8
5 14
71 10
46 9
167 12
18 6
186 14
144 16
53 14
97 12
161 14
33 9
27 7
123 12
199 8
113 8
62 9
14 6
4 10
10 7
126 7
23 7
145 5
111 15
73 9
160 13
81 15
114 10
42 7
31 14
105 12
26 13
127 9
116 13
139 9
182 5
159 4
92 11
45 10
170 13
72 8
40 11
187 20
94 9
118 13
195 13
125 10
158 5
120 6
157 10
60 10
32 14
36 10
37 18
61 10
89 11
177 10
196 8
193 13
16 9
130 10
140 17
64 8
83 8
154 10
25 6
147 12
175 10
43 7
67 11
164 10
24 9
163 13
152 8
87 9
153 10
52 12
74 10
86 10
88 11
137 11
29 9
11 6
95 9
150 12
35 9
149 7
101 8
51 14
191 9
28 7
96 8
107 8
12 11
93 9
132 9
178 10
189 5
142 6
122 9
70 10
85 11
192 2
162 7
174 13
65 14
59 8
106 11
110 7
77 11
181 8
109 11
55 5
183 17
91 7
22 12
180 11
6 9
69 12
8 8
57 7
185 18
99 7
119 9
112 5
148 9
78 12
21 8
166 13
34 11
173 10
103 11
143 1
30 19
155 9
108 9
172 5
76 10
194 4
169 11
58 8
63 10
3 8
141 2
98 14
90 5
124 7
115 5
54 7
121 2
player: 0 Competitive
19 18
60 13
101 8
137 8
111 11
17 13
186 9
11 13
92 8
9 8
166 9
71 11
28 6
70 15
41 16
74 9
84 8
123 10
124 9
113 11
7 12
45 6
107 9
90 17
40 15
167 12
33 10
197 17
88 16
81 10
98 6
96 15
36 15
39 7
12 19
51 10
38 12
24 11
49 10
57 21
102 9
73 12
112 13
172 14
22 6
80 9
155 12
141 12
47 10
158 15
151 11
159 8
164 12
187 12
130 5
196 9
179 11
86 8
75 9
156 16
5 15
128 9
144 10
188 10
175 8
10 15
21 12
48 10
192 6
87 9
3 13
89 8
94 11
44 8
149 9
133 9
154 12
37 11
134 11
13 12
109 13
153 8
27 8
83 12
116 12
161 7
23 10
69 13
58 8
104 5
64 8
121 8
132 11
198 8
163 12
110 5
193 11
42 10
178 9
146 11
165 7
35 10
119 12
162 11
4 14
43 8
82 9
115 7
140 12
117 9
1 11
174 12
76 5
34 10
52 7
18 8
65 9
67 13
6 11
143 10
30 4
118 8
61 11
120 9
194 8
171 9
63 6
62 11
152 9
170 9
103 5
56 12
122 8
78 9
145 13
182 10
142 18
136 9
191 11
99 7
93 4
114 17
91 6
54 11
147 15
195 13
32 8
138 8
26 10
14 9
85 9
173 8
189 7
125 12
16 13
20 8
185 7
126 6
77 13
15 9
53 17
29 13
169 9
184 12
150 9
180 13
2 15
55 7
139 12
157 11
199 4
31 11
59 17
127 8
46 8
160 9
148 6
72 10
8 12
129 7
108 5
181 9
100 11
79 12
95 7
131 6
177 12
68 9
106 10
105 5
176 5
25 5
190 11
50 8
135 6
183 6
66 8
97 3
168 5
player: 11 Competitive
176 10
125 9
160 16
91 12
196 6
77 13
93 9
34 9
114 11
181 7
100 13
35 6
133 12
190 11
172 17
59 10
106 9
151 13
23 5
72 11
161 7
123 8
54 15
199 9
46 13
55 13
121 11
85 8
22 11
127 9
102 13
19 11
119 11
145 18
47 11
18 14
94 9
103 8
80 17
99 9
112 7
14 6
159 11
184 13
147 9
2 16
193 12
86 6
194 7
71 8
56 6
165 17
154 14
197 9
108 13
95 5
152 16
52 9
185 16
64 13
157 11
37 12
73 12
42 13
76 14
28 9
66 14
134 3
29 6
124 8
192 9
69 10
87 14
57 15
183 15
15 8
182 14
97 11
31 10
198 21
174 9
188 8
111 10
163 11
139 8
27 12
68 9
25 15
146 13
33 8
177 7
53 6
110 7
130 12
140 5
10 12
150 10
132 18
49 5
122 6
75 14
129 12
120 8
48 9
84 10
179 13
6 6
7 12
65 9
116 10
144 15
90 7
82 9
21 5
153 9
32 6
17 11
171 6
62 4
3 13
101 14
117 12
43 14
60 12
26 9
1 8
98 16
148 13
88 10
104 7
83 16
135 14
131 7
175 7
189 12
81 4
61 8
39 12
191 12
169 13
118 8
30 7
67 7
170 10
113 10
74 12
5 7
126 11
164 9
4 7
156 16
13 12
63 5
79 8
96 13
167 6
142 7
178 9
137 12
58 11
24 10
180 8
20 8
155 9
187 10
166 8
115 7
168 12
92 8
8 12
41 3
162 12
195 9
11 7
40 5
78 9
70 11
51 6
36 18
109 12
186 5
45 9
158 8
105 9
9 8
12 4
89 11
149 8
50 9
143 12
16 10
107 7
141 7
38 12
128 4
44 12
136 8
138 7
173 4
player: 6 Competitive
185 15
14 7
75 19
18 11
53 12
120 7
164 6
86 9
101 4
151 6
123 14
111 7
156 15
105 15
160 14
97 11
77 9
37 12
112 9
172 10
168 13
139 11
63 9
169 17
141 11
52 16
5 12
12 7
73 10
183 14
135 7
7 12
192 8
41 12
199 7
30 12
85 10
119 15
166 10
145 12
21 15
32 12
50 11
61 14
42 17
149 12
108 14
93 7
180 12
23 11
48 2
188 8
94 6
126 9
62 12
74 13
153 10
176 5
80 19
184 9
10 8
130 11
39 12
116 10
148 11
167 4
109 15
146 13
17 11
33 16
152 11
187 9
144 15
106 8
171 11
127 7
157 10
89 12
182 15
27 12
195 16
198 12
191 9
34 11
96 11
65 11
134 7
95 9
122 12
158 10
9 14
92 12
45 15
83 15
43 11
133 20
98 14
87 8
107 11
44 16
56 16
155 9
103 8
20 12
104 15
161 6
113 11
51 7
26 11
25 8
40 10
60 10
143 9
121 13
137 11
8 6
58 12
138 7
78 7
162 5
99 15
132 10
102 12
147 7
46 14
129 12
159 7
47 5
197 9
124 15
29 7
178 7
117 7
38 5
173 10
64 12
154 11
76 12
90 11
110 9
28 5
140 10
4 5
15 16
19 8
170 12
84 9
88 10
131 6
128 14
35 5
72 8
24 13
82 8
100 9
186 8
189 5
70 7
66 11
115 8
31 11
1 4
71 8
163 13
57 7
179 9
16 6
59 10
136 7
91 7
3 14
2 12
13 9
114 13
181 7
36 10
193 7
55 13
22 5
177 8
142 7
125 10
150 8
69 9
190 7
6 4
49 7
54 7
174 10
67 7
118 8
196 5
194 4
165 5
11 4
81 9
175 7
79 11
68 4
player: 8 Competitive
154 9
171 9
156 11
143 9
49 8
93 8
82 9
118 12
4 7
84 12
83 10
188 10
131 9
36 12
32 7
87 8
16 11
189 12
5 12
2 16
172 11
47 11
67 16
175 12
149 9
99 9
63 10
199 5
58 7
110 8
176 12
41 6
184 7
27 12
153 14
1 8
123 15
19 17
52 13
15 12
162 11
76 14
75 8
94 9
92 15
88 11
145 7
103 9
128 12
60 15
23 7
86 12
68 10
180 7
135 5
40 10
81 11
192 8
169 18
168 8
51 9
29 18
136 11
190 9
144 12
38 13
177 10
159 12
179 11
165 6
65 12
22 7
66 12
163 15
104 9
166 11
183 16
152 17
122 11
197 10
174 8
115 14
89 10
100 6
142 14
109 9
77 12
73 9
17 13
33 15
126 8
137 8
61 8
134 8
46 7
9 8
24 4
113 17
71 21
35 11
57 7
181 12
34 15
10 14
138 10
146 11
114 6
198 10
117 12
150 10
127 9
102 14
151 12
21 6
70 7
106 5
30 15
95 11
13 12
85 11
3 9
54 9
14 6
196 7
56 9
155 8
97 13
173 13
53 9
69 10
120 10
194 7
178 10
59 12
43 18
132 6
11 14
31 9
157 8
72 7
119 12
79 12
42 12
55 7
186 10
133 6
7 15
170 13
62 10
98 8
148 15
139 13
108 14
158 7
91 7
37 9
193 5
164 12
187 12
129 13
8 11
185 8
39 7
44 13
64 8
45 7
107 10
195 13
26 5
140 8
130 10
96 10
124 8
182 12
74 4
160 12
6 12
50 8
105 8
116 10
125 9
161 13
18 3
12 7
80 14
20 5
25 8
78 7
121 6
111 12
28 3
101 9
191 6
90 1
48 8
147 5
141 9
112 5
167 8
player: 2 Competitive
152 9
58 11
21 7
45 8
71 7
113 10
139 11
13 12
30 6
63 11
73 12
14 11
131 15
156 10
15 17
108 11
46 13
57 9
137 7
65 11
170 12
118 7
165 7
94 9
116 11
176 7
159 12
32 10
31 18
42 14
192 10
55 12
157 9
188 12
26 14
8 8
164 7
77 6
56 9
29 10
19 17
84 12
99 17
144 9
178 10
172 11
112 8
143 17
20 13
173 8
69 9
64 10
186 7
3 12
43 10
167 13
115 7
41 11
154 8
100 10
62 5
140 14
91 6
4 5
93 13
175 14
109 12
48 11
195 22
22 5
162 16
155 15
161 7
97 15
38 7
138 8
127 12
187 9
126 10
135 7
75 6
40 10
179 16
122 4
117 11
189 10
130 5
28 12
174 10
142 12
194 12
33 5
5 11
198 16
16 14
141 9
81 10
158 12
121 12
9 6
34 11
105 15
39 18
104 8
119 13
148 14
96 11
82 16
191 10
197 15
181 9
184 7
111 15
98 9
151 9
47 16
11 6
7 12
95 9
44 13
89 9
72 8
190 9
182 9
125 9
101 10
163 12
106 15
128 9
132 15
1 6
61 6
102 6
193 7
185 13
67 15
166 10
2 13
70 8
169 5
153 8
59 8
199 6
35 4
120 14
123 11
150 17
146 12
80 5
66 8
24 13
168 10
87 12
37 11
133 11
12 7
107 11
36 10
134 8
88 14
180 7
25 6
124 12
18 11
103 11
17 10
145 7
60 12
78 7
110 18
23 7
183 9
86 8
52 11
90 14
74 7
177 6
160 10
129 5
50 13
147 12
54 7
196 4
76 11
27 10
114 8
171 3
10 7
53 12
92 9
149 5
79 4
68 4
85 5
136 8
6 7
83 6
49 5
51 5
player: 3 Competitive
179 11
57 10
17 10
19 9
44 6
112 10
4 12
86 12
72 10
109 11
21 12
12 11
116 10
119 12
160 10
61 6
133 8
93 7
34 14
189 7
55 17
2 26
42 12
122 10
5 19
95 12
123 5
127 10
62 8
51 13
155 14
107 13
198 13
43 10
25 7
169 12
101 4
40 13
6 5
117 11
24 9
99 5
96 10
156 12
20 7
164 13
30 12
104 12
108 9
121 13
159 4
81 5
168 6
91 11
69 6
199 9
11 6
105 14
151 12
83 11
131 12
74 12
172 12
22 16
100 6
134 5
90 8
180 11
190 7
33 5
194 10
80 16
192 14
53 10
152 13
118 6
111 11
59 12
182 14
162 12
35 7
186 9
177 7
31 11
170 13
79 7
45 8
124 15
63 13
161 13
184 9
153 13
36 10
9 10
56 9
26 15
103 13
67 12
76 7
85 15
114 12
183 11
188 3
102 8
3 5
113 6
97 14
23 9
37 13
18 10
149 7
106 12
84 12
47 8
142 18
130 11
171 12
140 12
28 10
175 7
176 3
16 12
15 8
52 8
166 5
144 12
193 10
187 4
110 8
196 6
78 10
88 10
50 11
32 8
77 8
98 13
115 5
87 10
49 16
132 10
136 6
137 11
154 19
145 9
70 8
163 12
1 10
129 14
126 9
10 12
75 10
13 17
143 13
54 13
195 14
60 15
27 7
94 12
89 8
7 10
135 13
197 11
138 9
68 7
185 4
64 9
14 8
82 10
158 10
146 8
58 8
141 14
39 8
48 4
41 7
139 10
73 9
65 7
181 12
29 11
165 8
125 9
173 13
191 9
92 9
157 4
66 10
38 12
167 9
128 9
71 8
150 7
174 13
120 8
147 4
46 9
178 8
8 10
148 10
rank player: 1 Competitive
4 166
8 177
9 155
2 158
5 156
1 161
3 188
6 178
7 182
12 161
10 146
11 172
rank player: 7 Competitive
6 165
9 159
3 177
12 159
1 173
4 180
2 162
11 155
8 196
5 160
10 170
7 144
rank player: 9 Competitive
9 166
3 174
12 150
11 176
2 146
6 193
10 183
7 162
5 166
4 148
8 172
1 164
rank player: 5 Competitive
5 180
12 177
8 175
7 175
6 159
1 147
10 153
4 177
11 183
2 158
3 156
9 160
rank player: 4 Competitive
1 154
11 166
5 154
8 162
6 182
12 164
4 151
10 144
3 181
2 179
7 174
9 189
rank player: 10 Competitive
3 155
1 180
5 174
8 146
12 193
7 167
2 175
4 162
11 147
10 170
9 190
6 141
rank player: 0 Competitive
2 180
6 151
7 143
10 167
1 198
5 154
3 162
9 165
11 161
4 196
8 168
12 155
rank player: 11 Competitive
10 181
7 172
11 181
9 153
12 170
4 177
6 163
5 187
3 125
2 164
8 158
1 169
rank player: 6 Competitive
12 155
2 190
6 164
1 138
5 168
9 169
10 169
7 184
3 158
8 172
4 184
11 149
rank player: 8 Competitive
8 151
10 189
11 180
4 161
9 142
3 170
7 166
1 166
5 169
12 174
6 171
2 161
rank player: 2 Competitive
7 164
5 164
4 163
6 169
9 169
10 167
8 149
3 176
1 169
2 156
12 187
11 167
rank player: 3 Competitive
11 163
4 135
2 171
3 178
10 161
1 181
9 183
6 164
8 174
7 167
12 155
5 168
