player: 11 Competitive
135 11
171 10
60 8
75 9
94 13
3 22
20 8
163 15
184 12
90 12
197 22
176 8
73 14
112 6
76 9
186 18
42 13
14 15
147 14
23 8
113 6
88 11
160 13
188 11
173 8
127 5
8 9
101 12
52 18
150 12
161 18
138 11
27 9
157 10
181 11
97 8
95 12
91 11
51 13
156 16
178 12
40 17
107 11
46 12
185 11
126 10
155 12
36 11
63 6
39 14
79 11
105 7
103 13
137 14
24 11
124 12
5 5
17 11
18 8
99 12
57 11
148 12
116 8
183 13
111 9
162 14
53 13
98 12
151 10
180 9
31 10
130 9
16 9
125 12
70 8
7 10
100 4
118 10
154 10
37 13
83 6
56 11
168 10
142 11
68 9
85 10
134 12
108 15
4 7
92 13
117 5
32 9
21 15
194 7
61 13
19 10
166 7
69 7
146 9
45 11
78 13
122 11
153 9
136 11
167 15
41 11
62 12
44 7
102 9
192 7
131 8
172 5
106 16
55 12
196 6
174 8
81 9
54 13
110 14
72 13
26 12
114 13
170 7
43 14
93 13
104 12
50 7
96 6
177 12
145 6
11 11
169 8
77 10
34 10
47 7
133 10
2 8
87 6
149 10
175 7
84 6
120 14
143 9
182 10
48 8
13 11
22 10
187 9
159 16
59 11
30 11
140 12
49 7
1 12
10 8
28 5
9 6
38 14
165 12
109 6
139 6
198 5
123 5
193 13
6 12
195 7
15 15
82 11
115 11
58 12
71 9
191 8
89 6
74 10
35 11
164 6
132 6
65 5
190 7
129 11
141 8
80 9
128 9
121 5
179 8
119 9
199 5
29 5
66 5
152 7
33 4
86 8
25 8
67 4
189 6
64 6
158 9
12 9
144 11
player: 3 Competitive
198 13
82 9
32 10
137 14
173 7
99 14
159 10
101 13
147 6
120 11
126 9
195 8
8 9
166 11
127 5
143 13
172 10
183 15
87 6
124 16
93 11
86 5
51 16
110 16
69 12
148 9
171 11
75 11
133 7
79 11
123 16
25 11
53 11
91 11
167 11
134 9
18 11
117 7
39 13
115 11
163 14
14 13
66 10
158 12
38 10
156 7
85 17
42 12
177 16
55 14
15 16
138 7
3 19
41 10
4 7
46 3
181 12
81 18
34 15
139 5
11 10
129 11
52 13
95 13
54 8
174 9
194 17
169 14
22 11
71 10
33 9
73 13
80 10
36 15
90 9
10 10
140 6
17 8
149 4
67 10
175 12
114 9
186 12
112 16
132 7
40 6
70 3
102 11
168 12
144 10
184 15
170 17
47 7
165 13
92 8
88 8
26 11
20 10
136 12
13 5
154 14
49 12
77 11
12 11
98 8
176 11
162 5
118 9
7 16
6 7
107 7
157 9
60 13
192 11
151 14
197 21
111 8
190 6
105 11
74 12
30 10
48 8
199 9
1 7
84 8
31 8
97 8
189 6
65 13
45 14
103 8
94 11
50 9
180 7
2 7
116 16
109 8
131 13
61 4
188 6
57 12
119 10
145 13
160 14
113 6
37 13
187 9
27 13
16 10
23 5
185 6
64 9
29 11
104 17
43 11
96 14
193 13
100 14
19 6
108 9
89 9
122 7
72 8
142 18
76 6
150 9
135 8
161 14
128 11
28 12
125 5
179 5
121 8
63 13
58 9
24 5
153 8
191 9
196 5
141 12
106 4
146 10
68 12
5 2
130 12
178 5
44 5
78 7
9 7
59 4
83 4
62 5
164 8
21 7
155 8
152 6
35 9
56 9
182 4
player: 8 Competitive
11 13
113 7
133 14
98 15
104 15
33 18
41 12
16 8
99 11
59 7
139 9
57 18
126 12
107 3
22 15
19 8
90 10
125 12
72 10
69 15
197 18
30 13
81 12
187 13
184 13
74 14
145 10
105 12
51 15
29 8
71 11
86 9
134 10
132 9
65 11
1 6
37 16
8 8
112 14
56 10
25 6
93 16
136 7
160 13
157 16
5 9
168 17
186 13
129 7
31 12
156 11
42 12
102 10
26 9
78 8
158 13
174 11
58 12
195 6
45 9
162 16
47 9
64 15
153 9
87 12
137 8
143 17
54 12
147 6
110 9
111 9
109 13
60 10
48 8
12 5
14 15
46 13
166 9
2 14
179 9
92 7
149 13
141 11
128 13
116 11
68 11
163 11
138 6
185 10
79 5
183 12
142 13
4 7
88 17
50 15
144 7
170 15
96 9
55 6
171 8
43 19
100 12
85 10
198 7
121 9
34 8
75 12
95 6
191 11
106 6
140 11
151 13
76 11
124 9
159 11
167 12
148 10
161 8
118 4
155 9
120 8
23 10
180 7
188 10
35 10
127 8
7 13
9 9
122 12
178 11
10 9
66 11
61 8
135 16
181 13
73 9
89 6
196 9
152 7
169 11
154 8
94 7
103 3
164 12
176 4
15 15
62 8
67 9
40 11
39 7
36 8
182 12
114 14
146 4
119 6
165 14
3 14
17 9
177 11
44 6
172 9
84 8
91 11
189 9
150 8
18 13
194 4
123 13
13 12
101 6
63 7
117 5
190 5
131 9
83 14
20 9
38 7
53 5
70 10
77 8
27 13
24 9
199 6
52 6
28 7
192 4
193 13
173 10
97 7
108 11
175 6
49 7
115 10
21 6
32 5
82 6
130 6
80 6
6 7
player: 13 Competitive
81 10
146 12
124 12
47 11
135 9
67 11
158 14
10 12
63 10
191 13
125 4
197 18
156 10
108 13
50 5
86 11
88 16
150 14
186 6
4 10
187 12
181 8
19 15
32 7
79 7
140 12
168 15
155 15
31 7
164 9
139 12
173 13
44 16
129 6
137 7
52 11
82 10
159 7
109 6
182 12
49 13
195 12
106 10
48 12
176 9
172 12
113 9
153 5
138 8
184 15
24 11
17 12
64 7
163 13
99 16
89 7
69 8
2 13
185 5
5 11
134 9
171 12
34 8
39 7
21 9
161 12
91 10
54 10
40 16
118 12
145 13
62 7
148 9
57 4
160 11
92 8
157 9
35 14
18 7
177 13
123 10
133 15
38 10
102 17
12 13
3 17
183 14
188 8
30 18
56 10
166 13
76 8
78 10
112 17
127 16
75 9
111 14
37 13
74 8
107 10
45 13
180 9
130 11
175 15
77 10
114 9
53 8
141 11
61 7
22 7
154 10
33 14
26 8
11 10
149 12
136 13
104 11
152 8
20 16
198 9
90 10
85 10
174 11
122 12
120 12
147 9
58 9
178 13
14 13
96 15
60 11
110 7
27 9
193 13
179 9
66 9
192 9
41 16
71 6
73 12
98 3
116 12
46 7
51 14
189 8
42 11
28 7
55 9
15 15
13 4
84 10
169 6
7 10
126 15
132 10
70 5
97 9
87 9
83 7
117 6
103 14
16 8
115 9
121 11
95 10
8 5
105 10
59 10
43 4
128 7
23 7
167 8
142 10
93 10
170 10
25 16
36 11
6 8
143 9
29 12
1 12
199 5
80 6
100 6
144 7
94 7
190 6
119 9
151 8
101 6
131 5
72 5
68 6
165 3
194 2
65 9
9 5
162 8
196 7
player: 5 Competitive
75 10
150 14
113 12
197 23
179 9
133 6
74 7
141 6
72 13
142 15
102 12
107 15
185 6
166 13
33 6
198 7
105 13
176 7
13 8
117 12
55 6
164 16
172 16
59 14
35 10
94 12
153 17
143 10
50 12
167 9
169 11
183 12
136 5
15 6
108 8
112 7
30 9
63 14
70 10
127 10
96 7
66 12
3 11
51 10
52 11
62 7
135 19
32 6
19 16
146 12
48 6
193 10
178 11
120 11
1 7
6 9
144 10
161 16
16 16
125 22
98 10
83 11
81 11
24 8
148 10
160 6
123 12
138 9
187 11
31 13
45 8
158 6
78 10
95 9
173 16
134 17
37 10
21 11
162 12
157 16
101 14
22 9
41 11
97 17
147 7
80 10
8 8
118 8
152 9
65 5
189 12
12 11
128 8
151 8
27 8
67 12
58 9
180 11
155 15
29 8
40 12
39 9
175 9
156 6
163 10
109 8
116 11
49 10
188 13
46 12
168 16
126 8
174 8
90 9
17 13
53 8
69 7
5 8
139 19
43 16
44 9
191 8
100 9
145 20
14 6
149 6
11 10
122 7
106 13
77 13
68 7
36 10
195 8
88 7
170 5
196 12
2 10
10 10
9 8
73 10
110 13
7 7
140 13
184 10
60 12
165 13
121 6
26 8
137 11
114 8
159 10
18 11
38 10
194 7
4 4
119 4
47 9
186 9
87 8
177 11
154 9
64 10
61 17
111 3
76 13
82 8
130 6
115 11
182 14
192 8
124 11
79 9
190 11
56 7
85 4
92 12
104 5
57 9
34 12
54 15
181 8
20 8
132 9
28 10
84 3
42 7
86 9
71 8
25 11
99 9
23 6
171 9
129 6
199 7
103 10
91 10
93 11
89 4
131 4
player: 15 Competitive
61 8
97 11
96 19
157 11
43 15
29 15
123 3
103 10
115 10
44 14
78 7
34 6
149 10
85 8
93 13
114 9
170 13
197 22
55 15
184 9
46 10
86 16
8 8
116 14
99 11
177 15
112 12
121 13
28 11
81 12
106 6
45 8
198 11
26 6
30 8
148 12
87 11
89 11
135 13
12 13
169 10
141 12
128 14
102 10
150 11
23 14
19 9
160 10
11 16
36 13
193 10
66 8
68 10
139 11
188 12
92 6
108 17
14 6
48 8
49 9
53 10
41 11
82 12
4 14
27 13
72 13
147 10
104 7
178 13
180 18
100 7
77 11
95 13
167 10
124 10
161 13
69 11
33 10
168 7
3 11
163 11
129 14
40 10
2 8
62 9
127 7
179 7
130 10
38 8
172 12
9 12
42 12
154 7
176 9
131 10
98 3
101 9
25 10
13 8
88 11
171 8
35 14
56 12
91 10
84 10
136 11
10 11
22 11
32 9
50 10
39 7
137 8
15 10
67 12
144 11
164 7
166 15
71 10
94 10
20 9
120 7
143 7
31 6
109 10
21 12
110 12
18 12
59 12
47 14
133 12
189 9
194 4
165 13
52 14
185 8
134 12
140 12
65 13
182 9
5 6
162 7
105 9
63 9
75 11
187 7
107 7
159 10
126 9
64 12
186 11
190 8
153 16
17 10
191 6
145 13
173 9
199 6
138 16
37 11
90 13
156 9
174 9
181 4
146 8
24 9
113 7
60 12
151 4
83 7
73 6
196 14
175 17
152 11
1 10
74 8
7 9
118 2
132 6
195 9
80 8
142 8
122 4
16 6
58 7
183 9
76 8
125 10
51 14
155 5
54 13
192 5
70 7
158 10
57 7
111 6
6 6
79 9
117 8
119 4
player: 16 Competitive
180 13
76 11
67 11
96 12
73 9
65 12
6 13
157 10
185 11
43 12
14 9
177 10
34 12
25 13
108 20
27 14
140 18
114 6
136 10
155 13
189 5
103 15
166 14
57 10
159 7
163 14
81 10
196 8
105 10
184 15
36 8
139 10
92 11
94 14
188 10
122 9
187 9
59 11
46 6
117 10
142 9
64 12
172 11
152 8
165 17
90 13
47 15
3 20
50 12
7 15
120 10
98 18
28 12
88 12
32 15
125 10
190 12
99 10
30 9
35 8
72 6
138 8
110 13
89 11
143 11
26 5
154 9
17 10
111 1
178 18
2 9
38 12
161 12
51 9
107 8
106 8
183 10
126 6
55 11
145 8
45 13
82 12
75 12
44 15
87 12
100 7
164 6
54 17
16 14
49 10
18 12
133 14
9 6
101 11
41 11
79 8
115 10
56 14
192 10
52 14
132 11
31 5
69 9
13 18
58 14
84 4
197 19
4 6
148 9
48 7
167 13
70 7
181 15
11 4
20 7
22 9
85 11
129 12
66 9
123 8
19 18
194 9
78 9
5 8
128 11
186 14
74 12
144 11
158 9
12 4
173 15
112 11
146 7
195 6
8 10
95 12
33 4
24 12
116 9
61 8
160 13
37 4
113 10
60 12
156 13
191 5
42 9
169 11
127 10
23 9
39 9
21 12
124 13
149 10
63 6
141 6
93 11
151 9
118 10
53 11
137 8
162 8
170 7
135 7
80 9
109 9
134 5
153 5
198 7
119 7
182 13
179 11
68 5
97 9
83 11
15 9
102 9
91 8
147 7
40 3
29 6
86 11
168 9
62 9
1 9
171 8
71 10
174 8
175 12
150 8
131 6
176 12
10 4
77 8
199 8
104 6
121 5
193 5
130 4
player: 17 Competitive
21 15
88 14
155 9
180 9
106 9
22 13
57 10
158 14
50 12
59 8
187 7
178 6
29 11
8 11
3 22
30 16
60 15
37 15
16 13
94 12
91 13
136 7
103 11
75 13
44 12
65 14
144 9
124 12
26 15
72 12
58 16
13 11
161 15
104 16
165 12
141 7
85 10
145 13
198 7
126 12
151 9
182 10
61 8
128 6
41 8
133 9
131 6
89 14
43 19
84 9
140 15
38 4
81 5
97 12
142 13
118 14
12 11
52 15
24 12
130 8
154 8
149 13
121 7
90 8
42 11
173 12
15 8
119 9
93 9
47 4
95 8
62 14
9 10
108 8
114 15
170 12
175 8
120 13
100 8
23 14
55 7
99 15
25 9
199 9
7 14
73 11
68 13
174 11
157 2
129 11
45 9
105 11
172 13
11 8
34 10
177 6
147 19
98 10
53 8
63 8
76 15
113 11
19 10
32 10
197 22
77 14
116 15
46 9
28 10
82 13
110 7
79 11
112 12
6 7
127 4
135 11
31 19
156 11
169 9
115 10
167 12
117 6
196 8
14 10
74 9
188 8
64 5
176 7
36 12
123 13
78 13
27 11
83 11
179 5
51 11
20 8
5 9
163 9
48 10
166 15
125 11
164 11
107 14
162 15
70 6
39 5
192 9
111 6
2 12
87 15
33 8
189 10
159 7
35 7
184 12
71 8
152 7
168 7
132 4
56 10
134 11
86 7
18 7
96 11
171 8
17 13
194 5
160 11
54 10
10 8
92 8
66 8
193 10
80 8
191 6
69 6
143 6
67 10
195 8
183 9
139 7
102 6
4 4
153 8
109 8
40 7
148 9
186 6
190 6
1 8
49 16
146 5
185 6
150 3
181 8
138 11
122 7
101 5
137 6
player: 10 Competitive
53 8
65 12
197 18
97 11
26 13
114 8
181 8
147 9
142 14
199 9
41 8
67 8
74 11
148 9
160 15
122 10
61 8
45 13
163 12
31 15
32 11
125 11
168 8
184 15
117 9
167 17
16 12
172 10
19 14
156 8
17 8
1 6
158 19
107 15
106 8
7 10
78 16
30 11
14 13
179 8
126 8
187 9
43 13
55 6
4 6
132 9
100 11
146 24
189 6
137 8
79 12
80 14
21 10
129 16
143 10
152 10
33 16
96 14
63 9
6 9
190 14
121 8
136 9
82 6
166 11
105 8
66 7
69 7
85 11
73 5
185 10
86 12
178 10
40 12
94 11
59 13
50 13
3 16
9 7
60 10
58 16
108 6
182 11
2 11
12 10
56 13
170 13
123 13
87 14
109 13
174 9
115 14
62 5
161 12
102 9
198 5
34 15
133 15
44 11
64 9
23 14
183 9
91 7
186 10
36 12
39 13
111 8
194 8
70 15
71 12
192 6
138 12
159 11
25 7
145 7
155 14
29 13
154 7
95 12
150 13
118 12
135 10
48 9
164 5
92 21
76 7
77 8
38 8
42 7
18 20
72 12
49 11
90 10
24 7
51 14
46 8
141 12
139 5
81 3
103 10
28 7
15 12
8 5
157 13
180 12
99 14
120 7
149 8
193 15
35 8
131 9
27 11
176 8
22 8
101 14
169 5
84 8
75 6
188 5
124 10
113 15
11 8
175 8
127 9
165 9
116 11
5 9
112 5
93 12
57 6
171 7
191 8
52 8
162 6
140 12
130 13
88 11
151 6
144 9
98 9
54 7
195 14
173 8
128 3
20 8
89 7
37 13
10 4
68 7
110 6
177 5
153 9
119 7
83 7
47 8
13 5
104 9
134 2
196 4
player: 0 Competitive
59 11
30 12
65 11
146 11
12 8
103 7
83 12
23 9
184 13
32 13
11 14
185 9
165 10
80 13
159 10
39 10
3 23
71 11
40 10
17 16
72 11
169 5
150 6
137 12
8 7
64 9
148 12
86 13
101 12
4 14
134 8
188 17
42 11
166 8
162 13
107 10
116 7
190 6
164 10
6 6
143 6
15 10
21 9
197 23
60 8
62 12
187 12
38 12
58 18
167 15
97 12
61 9
183 16
114 10
29 7
95 10
174 6
196 8
139 9
31 11
176 16
90 8
66 8
155 11
78 12
140 12
192 12
121 12
125 13
75 10
199 7
122 12
126 10
56 12
151 10
170 10
181 7
89 11
109 12
63 8
85 14
44 8
82 17
99 3
47 15
46 10
93 14
13 12
27 8
173 10
171 9
49 10
45 9
120 15
156 10
36 5
124 13
10 6
138 13
112 9
26 15
158 8
43 8
77 12
152 11
57 13
98 11
119 10
135 11
18 12
94 11
110 9
132 13
87 10
182 10
41 15
130 8
149 9
153 11
67 11
54 13
128 12
161 12
48 12
34 7
92 14
106 11
33 12
104 10
198 10
175 11
186 15
9 10
91 14
178 12
180 15
68 9
20 9
144 11
7 10
73 6
50 7
193 14
191 12
113 11
81 12
131 7
76 7
179 9
123 13
69 8
53 10
5 5
35 9
2 5
102 9
22 11
14 13
142 8
19 7
52 13
70 5
177 9
24 8
25 12
115 9
195 6
127 10
51 8
37 8
118 9
16 6
88 10
157 3
141 10
100 5
117 8
194 8
79 10
28 8
129 8
136 7
145 10
108 5
160 8
168 6
154 8
105 10
111 9
172 4
163 5
147 8
96 3
74 9
55 8
133 3
84 6
1 7
189 5
player: 1 Competitive
8 14
69 10
74 14
149 13
177 10
111 13
50 10
26 9
9 5
54 8
140 10
168 9
186 7
80 8
14 18
120 11
138 12
87 15
194 9
180 15
28 14
3 19
5 11
31 13
67 8
71 7
15 12
127 10
62 8
148 15
141 13
198 14
83 12
125 10
85 12
192 9
174 17
144 9
45 8
88 9
24 10
52 10
64 9
61 9
107 15
59 16
29 9
82 5
63 10
129 10
132 13
78 11
123 14
35 11
153 7
110 8
92 18
189 13
102 12
55 8
104 15
124 7
152 9
171 9
49 15
95 14
76 13
36 9
175 14
101 10
4 14
147 10
41 7
99 7
137 9
53 6
84 15
7 14
20 7
23 8
10 13
65 8
70 8
56 11
170 13
27 8
58 8
145 9
32 4
173 8
72 16
130 9
157 12
91 11
136 12
193 12
90 11
197 20
68 13
48 10
103 11
94 8
161 9
178 5
184 16
176 9
179 11
134 14
155 8
143 6
89 11
97 7
115 14
108 12
159 14
2 6
122 4
163 15
6 8
172 11
195 3
12 11
17 10
21 9
142 8
77 7
11 5
13 12
33 16
167 11
51 9
156 10
47 10
146 10
98 11
96 13
116 10
169 6
119 9
19 11
109 6
196 9
150 7
73 6
128 7
165 14
42 3
121 8
93 10
135 14
40 8
181 14
37 12
151 7
164 5
154 13
86 14
131 13
126 6
190 12
187 9
57 12
60 10
18 8
43 11
79 12
158 9
34 11
16 12
182 13
38 7
160 10
66 10
30 9
46 9
117 7
199 6
22 5
118 13
75 12
100 8
191 8
162 6
106 6
188 11
25 8
113 9
185 7
81 7
166 6
183 8
114 8
139 7
133 7
39 7
105 5
44 7
112 3
1 3
player: 9 Competitive
145 12
150 14
11 8
59 10
63 6
131 9
153 9
146 14
168 7
54 14
89 11
187 11
20 11
33 12
83 7
26 7
15 12
21 12
73 16
132 12
155 13
57 17
22 8
24 10
105 12
138 13
115 16
65 16
159 9
97 11
171 11
128 4
102 10
143 10
3 14
32 11
37 10
120 7
34 7
36 12
185 9
70 12
167 9
101 9
180 11
176 12
30 10
50 13
23 11
124 9
158 11
148 13
12 12
38 13
189 11
151 5
74 8
198 8
7 11
112 14
2 8
184 16
192 6
72 9
27 16
104 17
116 8
67 12
137 13
127 14
96 16
144 6
75 12
160 3
43 5
121 7
48 8
135 11
6 12
114 8
147 9
133 10
46 14
179 8
35 11
81 11
88 12
103 12
161 10
13 15
177 12
98 17
84 10
9 13
182 11
79 8
199 7
130 10
8 8
18 12
126 19
1 7
19 15
166 10
136 8
82 7
125 13
156 12
162 10
71 13
40 11
86 12
154 15
52 6
78 11
14 14
188 8
170 5
60 13
4 6
55 8
163 10
108 8
118 13
91 8
44 8
5 8
47 13
90 12
92 8
134 10
197 18
85 12
80 8
51 8
93 5
119 11
87 10
99 7
196 8
169 5
111 7
41 8
149 10
94 11
100 12
140 8
64 12
77 12
113 15
53 6
76 9
191 7
178 13
110 6
186 11
141 11
69 13
49 9
193 12
165 11
181 11
31 8
25 6
62 12
56 14
28 7
109 10
66 8
10 7
173 7
174 7
61 7
152 7
123 9
107 8
139 8
183 10
142 9
16 10
117 14
129 7
164 10
172 9
194 7
106 9
58 8
95 8
39 5
157 10
175 13
45 9
29 12
68 4
195 2
190 8
42 8
122 3
player: 14 Competitive
62 10
100 12
27 9
22 12
183 18
133 12
32 8
198 7
82 11
101 11
84 13
50 10
176 15
90 11
52 8
16 12
64 7
126 9
157 10
122 12
179 6
109 14
171 13
91 8
43 12
137 9
136 20
94 13
195 10
187 12
145 13
110 12
11 8
55 7
167 9
14 14
35 12
3 25
192 9
53 11
19 5
56 12
29 9
70 16
182 16
10 10
118 11
175 6
60 12
158 2
197 20
71 8
174 12
147 13
77 11
124 11
30 11
150 9
120 7
148 17
92 5
151 13
142 11
177 8
79 12
99 15
160 9
34 8
46 17
40 11
170 10
135 11
181 11
80 18
141 13
74 13
98 11
129 7
58 10
13 14
97 11
86 15
169 12
112 6
45 13
115 15
125 8
190 6
128 18
103 11
96 12
47 6
152 8
114 16
15 11
88 14
134 11
154 6
105 14
18 12
57 10
168 6
76 11
85 8
127 4
164 12
159 11
51 9
78 14
63 11
173 15
20 7
139 10
28 7
161 6
188 12
106 8
59 8
153 8
24 7
89 13
67 6
117 9
104 13
132 9
121 16
4 8
130 9
185 11
102 13
87 13
72 11
95 14
7 10
31 11
26 7
75 7
146 6
172 7
119 20
93 19
49 6
113 8
163 15
38 9
196 9
193 6
81 9
123 6
191 5
144 12
107 8
140 8
33 4
194 8
156 6
162 6
184 15
116 13
17 12
39 9
83 11
1 4
9 8
155 16
69 13
25 7
42 9
166 8
180 10
73 8
2 3
68 7
138 10
21 7
48 11
165 8
186 5
44 6
12 4
149 10
8 6
61 7
37 11
65 9
6 6
143 7
199 6
108 11
36 7
54 5
131 5
111 3
23 5
189 7
178 6
5 3
41 8
66 9
player: 7 Competitive
8 6
74 20
110 12
193 11
130 12
111 16
124 13
65 9
188 12
69 9
129 13
29 7
156 14
1 3
31 13
50 8
185 11
121 10
199 11
3 11
73 10
134 12
112 8
54 10
2 10
85 12
137 11
126 10
186 14
172 11
96 6
170 12
42 11
158 11
95 8
106 7
60 11
98 9
28 8
99 13
118 20
5 10
76 10
155 9
136 9
164 20
159 7
62 7
67 10
75 9
153 10
122 8
52 11
127 12
37 17
32 18
143 14
139 11
46 15
150 9
167 14
197 16
102 15
146 11
165 9
196 8
107 6
58 11
14 10
70 7
79 15
115 6
131 10
83 12
9 6
189 10
71 10
140 14
180 7
61 16
114 11
86 11
19 14
81 10
17 16
109 14
148 7
25 13
80 9
142 19
169 11
24 11
161 18
151 18
97 12
168 13
152 11
64 11
184 11
178 7
21 9
179 14
100 6
92 10
27 8
195 6
26 7
132 15
10 9
93 5
133 11
187 13
141 9
138 14
117 7
56 7
162 9
176 8
173 6
12 9
163 14
174 9
20 9
101 10
190 14
91 12
43 9
38 5
6 9
51 9
47 3
84 10
53 10
191 5
160 12
145 4
16 15
135 8
55 8
198 11
45 12
116 10
15 10
48 13
149 7
175 10
13 6
18 14
59 6
183 5
34 15
89 10
88 6
72 9
108 8
144 8
105 9
87 15
11 8
68 7
166 7
22 9
44 8
192 1
66 4
181 7
194 6
123 12
182 12
90 12
147 8
154 8
41 11
119 6
177 10
7 12
125 10
63 12
33 5
40 11
39 7
120 10
49 8
78 13
30 10
104 9
113 9
82 10
77 7
103 7
94 9
128 8
171 6
35 11
4 9
157 7
36 3
57 5
23 4
player: 12 Competitive
40 10
170 11
91 6
174 10
88 9
86 8
85 16
185 7
186 9
59 7
78 12
146 9
171 11
139 12
28 10
130 12
142 10
176 9
197 14
112 15
92 12
90 21
180 9
169 7
158 7
123 8
5 6
20 6
82 13
109 9
165 8
76 14
36 9
164 5
183 13
190 11
178 20
129 11
128 10
49 6
69 13
161 13
106 9
52 16
39 12
181 9
184 14
79 10
62 10
23 9
73 9
95 14
177 9
32 8
141 12
75 13
136 11
3 24
105 7
107 8
198 11
29 9
70 8
77 7
27 12
67 11
74 11
71 12
64 8
31 12
192 5
47 9
44 10
188 12
15 4
24 11
111 10
179 6
150 9
191 10
118 11
137 12
83 10
175 10
99 14
43 13
34 12
182 11
173 10
89 7
108 10
12 8
66 14
189 13
120 7
101 18
26 10
16 13
98 13
84 6
50 13
103 7
61 5
57 14
87 9
42 5
63 9
148 15
154 13
60 10
167 11
96 13
38 21
100 10
8 8
113 6
115 9
166 12
153 9
4 5
81 15
132 7
41 12
117 11
140 14
97 13
172 11
151 10
159 8
127 10
13 9
80 12
17 8
37 11
2 9
110 13
162 10
72 10
35 8
48 10
196 7
14 8
104 7
157 11
1 6
126 5
93 6
145 10
168 10
187 7
56 7
155 14
11 6
116 12
193 12
46 9
10 12
143 10
45 14
25 10
163 11
94 10
65 9
68 13
134 9
131 6
152 11
19 6
149 15
51 5
135 6
18 11
195 5
102 4
125 3
160 9
133 12
138 13
54 10
7 18
121 11
21 7
114 7
53 11
156 13
22 9
119 10
58 12
33 5
194 8
122 14
30 3
147 16
9 10
144 7
199 3
124 11
6 3
55 5
player: 4 Competitive
52 16
14 17
78 10
187 11
8 16
33 13
6 13
176 11
156 14
146 13
110 10
106 7
131 11
199 5
89 8
37 8
54 10
10 8
88 12
98 15
100 11
197 19
34 17
36 12
61 10
135 14
134 11
30 9
157 8
152 14
105 8
103 13
175 15
120 9
60 4
153 18
97 14
109 8
186 16
75 9
133 7
185 15
23 13
138 10
35 8
84 8
69 12
142 11
18 12
3 17
118 6
169 11
165 14
170 6
117 9
16 10
188 12
63 14
191 10
128 6
183 14
74 10
132 11
12 14
144 18
158 10
58 8
85 10
140 18
154 10
192 10
64 5
130 9
47 11
44 11
91 7
1 7
150 12
41 8
190 13
182 12
39 11
193 13
19 7
79 6
113 10
164 6
179 9
50 10
127 11
126 8
55 10
65 10
20 10
43 9
159 15
38 5
21 11
166 9
124 13
13 10
67 7
83 11
189 9
149 9
7 9
40 7
28 8
77 15
137 11
4 7
62 9
147 8
29 8
92 12
94 12
93 11
25 7
194 11
53 10
2 8
9 8
56 9
45 10
80 10
107 11
143 11
59 12
162 11
87 8
121 15
90 8
51 13
22 8
71 16
81 8
108 11
177 12
178 12
145 15
68 6
174 10
115 7
151 13
104 12
102 17
24 12
57 12
72 13
48 12
172 6
180 6
116 7
99 12
148 15
173 10
114 7
46 8
155 13
129 5
76 11
66 10
123 7
171 11
161 13
31 13
181 5
168 4
96 9
32 6
42 10
160 8
167 10
111 6
184 11
122 10
119 6
17 5
195 6
11 6
101 10
125 14
49 5
5 7
112 6
136 9
139 9
15 11
26 6
141 4
70 3
27 8
73 4
198 3
95 6
163 14
196 7
86 4
82 4
player: 6 Competitive
92 9
135 9
161 20
143 7
72 12
10 12
197 14
76 13
62 15
91 5
87 15
48 13
167 12
40 12
160 13
184 9
186 12
147 11
34 16
130 11
68 7
97 9
50 11
106 10
5 10
43 5
51 15
189 11
199 8
122 9
198 9
14 7
187 12
155 10
164 11
37 11
73 4
54 13
152 8
86 10
17 13
188 13
29 7
78 11
60 12
88 13
46 10
138 16
69 10
125 10
64 6
177 8
11 13
67 16
3 25
99 8
89 15
42 11
153 6
131 10
165 10
24 15
179 8
115 13
12 9
109 14
124 16
157 13
53 8
128 11
140 9
111 10
144 17
36 11
154 9
19 11
63 13
47 8
178 13
9 9
2 5
116 9
129 5
80 9
170 10
174 11
38 8
104 8
142 13
98 14
150 10
126 10
192 7
44 12
183 11
141 6
185 10
175 11
149 6
65 11
121 14
180 7
102 13
182 20
77 12
61 9
168 8
136 11
123 7
39 13
101 7
117 8
22 8
148 10
107 9
52 9
18 14
85 13
100 9
190 11
57 8
23 9
55 13
7 12
108 13
93 13
49 10
58 6
84 10
193 12
146 17
8 11
35 11
173 7
20 13
172 9
176 10
158 10
145 12
79 9
166 11
13 10
82 10
21 10
71 10
26 7
113 9
27 11
156 15
74 14
15 4
41 14
16 7
151 7
191 7
81 4
171 11
75 11
119 11
32 12
181 8
132 4
194 13
96 17
114 7
56 6
169 13
110 8
103 11
120 8
133 7
195 6
162 2
127 17
159 8
134 10
95 6
4 9
31 10
139 6
1 7
25 7
70 7
112 9
59 5
45 10
105 9
196 8
94 3
118 8
90 12
66 7
137 4
6 3
28 7
30 3
83 4
33 5
163 8
player: 2 Competitive
196 7
21 17
17 9
5 4
39 8
19 10
78 9
57 8
113 12
193 13
111 12
1 6
48 14
146 12
118 12
160 10
165 11
143 7
88 7
127 8
101 9
139 12
59 15
102 14
14 16
173 8
169 9
114 8
140 17
75 5
76 15
4 11
181 9
116 9
190 13
20 11
157 11
23 9
97 15
164 9
197 14
6 8
47 10
167 21
154 13
28 15
108 9
153 11
35 12
60 12
82 18
192 7
86 10
79 15
170 9
144 2
128 10
136 9
77 13
104 11
163 13
178 10
55 10
129 9
124 16
147 8
87 8
70 10
66 14
110 13
27 8
132 7
103 15
10 13
24 13
45 11
121 8
8 7
41 7
142 15
184 15
179 7
89 10
122 12
138 12
188 12
155 11
31 14
126 9
15 10
158 8
191 13
137 4
49 9
12 11
11 8
81 8
18 6
3 18
16 7
123 16
120 8
50 9
53 9
176 16
25 11
74 13
43 13
93 15
187 8
166 10
42 12
64 10
63 7
32 17
162 7
37 9
61 7
194 9
135 16
161 6
150 9
33 7
156 9
98 8
95 11
115 9
168 10
85 8
99 4
72 15
84 10
182 12
109 9
100 10
9 10
71 8
117 8
73 5
34 15
54 10
130 6
171 14
125 8
36 8
131 16
134 12
133 7
177 10
151 12
38 8
149 8
183 16
174 6
46 8
52 17
51 14
83 4
107 6
185 11
22 10
172 6
56 8
92 14
26 10
186 10
159 6
69 9
189 10
80 11
180 5
91 9
29 8
90 9
58 12
119 10
105 12
7 7
30 4
106 7
67 11
62 4
96 11
152 7
148 16
145 7
65 9
199 5
68 11
141 6
2 5
195 8
198 8
175 4
13 6
112 7
40 8
94 7
44 8
rank player: 11 Competitive
14 107
18 104
5 111
10 103
1 118
4 122
15 113
16 104
9 101
17 118
8 109
2 110
12 122
13 112
3 112
11 105
7 122
6 107
rank player: 3 Competitive
18 115
8 111
4 103
9 109
15 114
11 116
7 103
12 113
17 114
10 106
3 126
16 110
13 105
14 119
5 130
6 90
1 117
2 99
rank player: 8 Competitive
3 116
12 99
15 115
8 122
11 101
7 119
6 122
2 129
9 93
13 119
10 117
4 112
18 98
5 95
17 120
1 99
14 111
16 113
rank player: 13 Competitive
12 118
14 112
3 132
9 112
16 116
1 120
7 100
18 123
10 112
4 120
8 111
11 112
17 107
2 112
13 111
15 89
6 98
5 95
rank player: 5 Competitive
11 114
16 133
13 119
18 115
17 103
9 104
10 109
6 105
14 119
7 116
15 124
5 102
4 116
12 108
2 101
3 110
8 103
1 99
rank player: 15 Competitive
9 119
10 125
11 92
13 92
5 122
8 107
3 110
6 117
1 112
12 118
7 120
15 112
2 110
16 110
17 100
18 109
14 121
4 104
rank player: 16 Competitive
16 130
7 109
6 125
8 113
2 120
13 111
17 104
14 100
5 112
9 98
12 91
18 121
10 110
3 99
15 118
11 108
1 120
4 111
rank player: 17 Competitive
4 145
9 112
16 98
15 105
12 120
8 106
14 99
2 124
7 107
5 116
6 102
3 111
10 123
11 109
13 104
18 89
17 114
1 116
rank player: 10 Competitive
7 112
4 111
18 111
3 107
14 113
17 93
12 117
11 101
8 127
15 119
6 107
13 116
10 106
2 118
1 108
16 104
9 111
5 119
rank player: 0 Competitive
8 130
3 112
6 100
11 118
2 108
12 108
10 105
15 96
1 113
17 134
14 105
9 88
4 126
7 121
5 113
16 102
13 105
18 116
rank player: 1 Competitive
1 108
5 95
8 131
12 100
16 122
13 99
7 105
4 110
14 100
17 114
10 103
11 134
9 101
15 102
2 124
6 121
18 122
3 109
rank player: 9 Competitive
15 113
1 128
4 96
6 120
14 104
11 131
5 119
8 115
18 108
3 110
7 112
13 110
10 125
16 101
12 90
9 131
2 91
17 96
rank player: 14 Competitive
10 130
11 130
3 102
2 90
18 108
16 100
5 105
8 113
7 118
14 126
9 130
6 115
4 87
13 121
17 124
1 106
12 101
15 94
rank player: 7 Competitive
2 109
6 110
12 131
17 112
13 108
9 121
5 119
16 98
4 98
11 111
1 98
7 89
3 127
18 114
8 96
10 116
15 134
14 109
rank player: 12 Competitive
5 121
17 93
10 101
14 117
9 125
11 107
18 107
8 108
12 128
13 118
4 91
15 110
16 121
2 116
3 105
6 106
7 123
1 103
rank player: 4 Competitive
6 111
1 119
9 120
16 104
13 111
15 128
11 103
4 107
18 104
2 118
17 141
3 97
7 99
12 118
8 94
14 114
5 109
10 103
rank player: 6 Competitive
13 114
17 118
10 98
7 121
3 103
18 124
5 117
4 111
9 107
16 107
6 110
12 106
1 111
14 127
15 100
2 119
8 91
11 116
rank player: 2 Competitive
17 95
2 102
1 105
4 130
18 112
3 112
6 134
12 112
8 113
7 104
15 114
10 108
13 125
9 118
14 97
5 100
16 127
11 92
