player: 3 Altruist
136 10
84 12
109 5
80 21
177 4
70 15
123 11
62 13
169 5
37 9
158 5
179 7
181 6
90 13
5 7
55 10
42 17
93 18
110 8
135 7
124 10
39 10
76 9
72 16
197 6
35 18
50 17
144 12
178 6
161 4
73 20
183 3
68 8
173 10
44 7
66 18
57 11
138 9
182 8
25 8
86 16
118 6
56 20
145 5
3 11
89 12
180 9
164 10
96 7
91 11
117 17
85 16
147 9
14 13
28 10
125 11
95 8
119 8
133 11
195 12
58 13
59 13
67 12
2 10
51 14
69 17
81 14
88 10
24 15
165 13
114 10
17 10
13 13
108 11
83 13
49 12
11 11
15 9
115 16
190 10
47 10
78 11
151 10
19 11
187 8
149 8
64 11
156 9
97 13
8 12
32 13
153 7
23 8
9 7
99 6
52 12
121 8
111 5
7 11
127 11
65 13
77 18
41 10
63 14
104 12
54 17
101 11
163 12
61 12
191 7
29 24
176 9
174 4
74 17
126 10
137 6
112 8
36 17
139 5
105 13
60 13
140 8
48 10
53 6
107 8
141 12
162 9
116 10
198 11
152 10
6 4
4 16
102 11
87 10
148 6
1 7
79 16
192 5
94 7
184 6
120 7
75 15
106 7
71 11
103 10
146 10
31 17
167 6
150 8
196 16
143 4
160 10
46 12
189 4
194 6
33 9
20 6
26 9
128 12
132 9
199 16
193 9
113 8
155 5
129 8
92 12
10 10
159 6
82 17
40 18
185 11
188 7
142 4
170 8
16 9
18 6
27 15
168 4
38 6
130 8
21 9
186 7
22 12
157 7
122 6
172 13
34 8
12 7
154 7
30 9
131 4
134 5
98 2
100 12
45 4
166 6
171 5
175 5
43 1
player: 10 Altruist
166 12
36 11
58 19
176 4
78 10
87 17
64 14
116 7
158 13
171 15
188 9
38 10
127 12
191 7
33 11
16 8
79 10
55 18
109 13
57 10
47 13
73 11
107 10
157 8
18 12
67 17
50 13
189 9
137 13
175 6
42 10
75 12
110 14
40 10
84 11
52 11
144 12
178 8
11 9
61 8
156 9
96 8
101 7
117 11
128 6
21 11
125 15
31 10
145 9
41 13
62 15
134 6
155 11
27 13
65 8
10 9
1 11
72 15
168 8
114 8
126 10
60 12
28 13
100 12
71 16
149 11
20 11
146 7
77 16
147 10
135 10
32 4
29 14
8 11
46 11
24 9
63 11
19 17
92 13
45 9
132 8
161 4
7 13
186 13
172 10
81 16
173 15
35 15
68 15
37 8
83 20
25 15
182 10
148 5
95 17
177 11
153 10
131 8
59 14
66 11
139 8
111 7
70 16
115 9
53 15
17 16
13 5
121 8
118 8
120 15
194 9
12 7
3 8
54 16
152 3
105 8
5 9
136 3
69 18
4 11
56 9
102 9
49 11
85 13
124 8
74 8
185 12
165 8
196 15
99 18
48 14
9 4
164 9
104 7
93 12
39 13
44 10
112 9
89 19
80 9
15 7
82 12
94 10
34 8
106 11
113 7
183 7
142 7
23 10
14 13
181 5
179 6
91 13
193 9
151 7
98 7
130 12
119 6
30 8
140 7
43 14
51 11
6 7
180 8
108 16
160 7
123 6
198 7
129 8
163 5
167 11
154 6
197 2
143 5
195 6
162 8
192 10
159 9
26 9
2 5
88 11
187 5
133 5
184 5
22 9
141 4
97 12
199 9
150 4
86 5
90 11
190 7
169 3
76 10
103 9
170 4
138 6
174 9
122 9
player: 0 Altruist
68 18
117 13
170 6
80 18
150 13
162 10
7 6
108 12
164 10
180 9
45 7
95 13
73 22
130 8
11 16
146 10
6 6
77 13
192 8
116 10
82 12
75 12
97 19
83 13
198 12
169 9
131 8
187 10
140 6
129 10
161 8
19 12
27 16
48 12
25 8
154 13
120 8
106 12
16 8
74 9
168 14
56 17
10 9
152 7
155 10
86 18
133 10
193 12
89 11
151 17
50 14
160 8
54 19
70 14
47 10
62 10
118 11
18 11
195 14
127 6
114 12
78 20
87 16
96 9
197 6
111 11
194 5
51 16
181 9
63 14
22 13
98 13
13 13
72 11
190 9
57 17
139 9
107 10
157 6
52 13
173 4
199 7
79 10
61 16
60 10
38 6
44 5
135 5
59 15
119 7
76 15
182 9
175 3
36 16
156 8
26 17
172 7
153 6
137 7
165 11
12 6
39 10
81 9
142 5
99 14
1 11
67 11
124 9
103 9
126 7
141 8
34 9
184 6
148 11
179 6
29 10
132 5
31 9
64 15
145 5
58 19
21 8
55 13
9 6
14 8
158 9
122 8
149 11
178 9
42 8
41 15
3 6
163 9
32 8
104 8
8 8
69 9
189 4
46 13
100 11
105 6
128 8
186 9
171 8
147 7
71 15
91 17
84 21
35 8
125 14
28 12
196 19
33 10
66 13
88 13
30 10
85 12
167 6
24 8
23 8
191 4
49 9
110 11
4 16
136 8
176 2
174 8
144 8
37 6
115 11
53 8
2 9
65 8
121 9
134 7
40 9
90 9
93 8
109 8
17 10
101 8
159 6
92 18
185 4
102 9
123 9
112 10
177 4
143 6
5 4
43 13
138 6
15 5
166 3
113 10
94 9
20 10
183 4
188 2
player: 8 Altruist
68 19
160 5
137 10
118 10
100 19
88 21
198 14
83 8
16 15
104 16
7 11
19 7
111 8
156 13
174 6
152 10
190 9
60 14
89 13
92 18
143 11
56 10
128 11
165 4
129 6
135 3
61 20
87 15
25 10
47 14
114 14
45 12
35 11
11 6
138 10
8 17
15 12
151 9
102 9
17 7
55 16
1 13
113 9
43 11
67 10
81 18
175 7
97 11
48 11
57 11
2 9
18 6
22 15
36 13
196 9
164 4
6 10
52 18
13 11
78 12
28 7
77 10
72 12
140 6
168 6
75 13
125 7
4 12
167 10
103 11
49 18
144 9
115 11
80 12
34 14
58 19
95 13
44 21
46 15
30 16
76 13
147 8
10 11
79 11
178 5
108 10
62 8
117 10
50 11
155 7
29 11
64 8
39 12
192 10
127 9
157 8
23 5
122 2
136 12
132 10
183 8
101 7
26 9
74 13
66 11
141 12
133 5
71 13
93 9
99 17
65 17
96 16
32 4
110 8
193 14
194 8
184 13
40 11
148 8
14 8
116 10
54 11
3 11
119 5
199 8
73 18
53 11
134 10
158 9
51 18
112 12
121 11
38 12
31 10
130 11
90 15
27 15
91 11
59 17
189 7
106 12
94 8
185 2
82 6
86 7
173 6
166 2
33 8
186 5
12 14
98 9
180 5
42 12
37 15
195 13
159 4
120 6
187 6
21 6
41 10
24 7
181 6
84 12
70 14
172 6
109 7
162 6
177 12
188 11
9 8
153 5
63 10
169 9
69 11
105 8
107 5
124 9
154 7
123 8
131 7
182 7
85 10
5 8
170 12
142 7
146 8
171 12
150 3
20 6
176 8
163 7
145 7
191 7
126 6
197 5
139 5
149 5
161 3
179 3
player: 9 Altruist
24 14
121 13
79 10
138 9
199 11
74 8
60 16
81 18
113 10
27 11
167 8
80 12
173 8
177 12
139 10
131 14
54 14
162 10
117 9
82 17
66 12
136 6
125 7
91 14
87 19
154 3
12 9
9 16
13 10
134 7
33 11
35 15
23 16
10 7
3 8
1 10
126 7
92 14
7 13
78 12
118 9
148 11
124 11
114 8
159 5
63 21
149 6
187 10
49 13
103 7
164 9
76 11
34 10
146 9
169 14
65 14
30 10
50 15
93 12
90 9
198 9
70 19
41 11
11 10
157 7
75 18
85 20
108 8
37 8
144 5
19 9
120 12
28 7
77 7
122 6
166 8
48 14
107 6
58 14
83 13
192 9
95 11
94 18
84 17
100 6
182 9
197 13
98 13
102 16
194 12
4 16
190 10
147 6
109 9
56 12
195 13
176 9
46 12
5 7
116 10
64 12
22 7
42 8
43 7
89 16
14 7
52 10
174 6
59 17
8 13
53 15
62 12
156 8
165 2
97 12
130 11
127 10
168 11
142 8
17 13
133 6
184 10
6 10
38 14
153 6
88 19
44 10
2 12
171 9
143 4
72 9
104 6
158 9
135 9
18 7
183 7
123 7
73 9
161 11
137 4
151 7
57 27
185 3
15 4
69 11
155 8
150 11
21 12
129 11
119 5
31 8
71 11
189 6
99 12
20 4
36 8
175 4
39 5
145 8
106 9
140 7
188 7
47 6
170 8
26 13
25 6
186 7
86 14
55 11
29 5
141 10
179 5
105 7
68 17
191 9
110 9
67 14
132 7
193 17
111 7
152 5
16 7
40 6
96 10
51 11
196 13
45 9
181 9
61 11
172 9
163 13
115 7
32 6
180 8
128 8
160 7
112 3
178 4
101 8
player: 1 Altruist
20 11
67 13
97 13
94 8
57 14
153 15
73 20
3 7
120 9
173 9
40 6
50 14
25 8
34 10
119 10
35 13
134 6
102 14
2 9
42 12
13 17
196 11
70 19
18 4
19 11
22 9
51 15
137 5
133 6
118 9
110 10
145 6
175 6
166 5
65 20
80 12
85 19
66 11
31 15
191 13
4 13
6 13
55 11
179 10
111 19
142 10
69 25
46 12
41 10
104 12
23 8
193 15
197 9
108 14
154 9
98 10
160 8
81 12
8 6
28 13
109 9
136 5
146 14
83 14
15 11
79 11
87 25
14 9
38 12
198 9
96 12
176 9
37 8
199 10
183 13
84 16
131 3
71 10
125 12
60 13
132 3
129 8
89 13
30 23
29 20
140 11
112 12
100 8
103 7
86 12
151 9
190 6
63 16
116 14
126 11
162 3
181 4
75 9
178 6
9 6
107 11
43 16
11 6
77 14
184 7
124 9
12 7
147 6
76 19
24 9
186 5
99 11
56 23
88 14
1 7
82 12
33 10
26 12
72 9
143 8
95 12
54 9
135 7
93 8
168 8
64 17
169 6
92 9
58 10
21 5
105 13
113 10
61 17
138 9
36 11
47 15
45 9
39 8
5 13
192 9
117 4
148 5
194 6
156 8
144 8
101 11
115 8
74 22
90 9
187 11
180 6
182 6
121 10
59 16
52 17
128 12
44 18
159 9
130 7
10 8
158 7
139 9
27 4
114 10
150 11
170 4
157 7
16 10
68 12
17 6
167 9
91 7
49 8
195 7
149 10
172 5
122 7
171 8
78 12
155 6
53 7
7 10
152 9
188 6
123 5
164 10
48 5
106 7
62 11
127 3
189 4
141 3
32 5
185 3
174 5
161 2
177 6
165 6
163 4
player: 6 Altruist
102 11
135 10
23 10
108 11
30 18
187 7
53 10
65 14
103 15
160 4
70 18
75 17
184 8
121 11
181 8
18 12
143 11
19 18
52 18
191 11
118 13
125 11
129 10
99 13
190 9
16 10
7 11
106 14
57 14
71 12
48 7
67 12
109 13
145 6
198 10
6 12
28 15
95 11
139 12
158 10
199 14
178 7
21 13
64 12
93 12
41 18
116 8
89 16
138 4
168 7
82 16
161 7
90 3
56 17
2 10
9 11
155 9
171 5
156 5
22 5
174 6
35 13
4 9
163 4
74 7
114 13
137 8
51 12
122 14
124 11
165 9
195 8
126 12
182 5
192 7
120 7
79 9
87 15
96 5
101 14
94 16
196 13
81 12
66 10
72 10
13 9
33 14
45 13
78 18
38 7
140 9
104 10
68 12
1 11
59 9
100 6
88 13
14 8
194 13
133 8
54 12
164 10
169 7
84 21
144 8
73 15
61 11
177 5
127 11
10 7
149 7
86 17
189 7
83 13
130 11
55 9
85 17
3 12
32 11
186 9
63 10
62 16
24 9
146 9
42 11
98 15
76 13
107 9
50 9
157 11
43 11
91 13
153 13
179 12
151 8
176 6
110 13
128 11
31 14
123 13
92 11
69 10
11 10
77 14
152 7
113 14
47 5
60 6
27 17
39 4
36 10
40 8
17 11
147 5
131 7
105 6
173 11
154 5
49 17
172 4
183 5
134 6
167 5
12 8
34 11
159 6
37 11
111 7
97 10
44 9
25 11
132 7
20 9
117 6
58 13
185 9
162 7
29 9
46 12
80 7
8 12
141 7
5 9
15 13
136 7
142 10
166 14
115 4
188 8
112 4
175 4
148 4
170 4
26 9
193 8
197 5
119 3
180 4
player: 12 Altruist
172 11
52 10
170 7
105 7
47 6
45 15
62 19
50 10
71 17
173 9
2 7
85 17
149 5
129 8
121 10
69 11
77 13
101 15
94 9
96 13
75 15
55 8
16 10
43 10
161 7
195 13
179 5
186 9
166 7
28 11
32 18
146 9
169 10
181 3
196 6
29 12
13 17
70 19
141 6
109 10
97 18
183 8
33 11
31 7
10 10
73 17
137 9
136 11
130 10
140 4
190 6
185 11
56 14
125 7
176 13
11 13
91 11
66 12
116 9
112 11
64 7
162 7
174 9
100 12
102 12
127 14
111 10
108 15
151 13
104 15
160 8
26 10
22 11
61 21
89 18
128 11
87 6
98 13
59 14
27 15
18 12
81 15
139 9
53 9
119 8
7 9
159 13
78 13
142 8
35 10
48 13
40 16
54 13
24 8
3 7
90 18
177 10
120 16
135 8
72 14
14 14
79 13
164 4
82 13
51 12
113 7
92 14
30 12
57 12
192 9
143 5
115 9
21 7
67 13
147 8
197 5
167 5
63 18
148 6
68 11
193 5
1 13
86 14
76 14
19 8
60 16
175 8
138 10
8 13
46 12
188 7
150 7
131 7
191 4
126 8
38 9
156 4
153 7
123 6
145 4
4 9
39 8
117 11
154 9
189 13
114 12
6 6
41 11
58 16
12 6
17 9
20 11
198 7
99 10
74 11
44 6
25 14
37 10
157 7
122 7
144 4
34 9
158 7
124 6
83 5
42 12
88 9
152 8
194 7
65 20
84 19
49 14
184 7
182 7
103 6
5 9
132 9
171 9
15 7
9 8
199 9
165 3
180 2
23 14
80 10
134 4
155 7
110 6
106 6
93 6
187 10
36 18
95 11
178 7
133 7
163 6
107 8
168 6
118 6
player: 11 Altruist
137 7
92 11
119 12
23 11
83 18
74 7
163 8
97 14
55 14
15 11
175 7
170 8
34 8
77 15
155 11
4 14
176 11
67 14
52 14
109 7
135 6
191 9
106 9
57 12
141 6
68 9
179 8
129 11
47 9
148 7
178 5
108 11
120 16
91 16
196 14
1 13
65 11
96 15
149 10
48 12
183 6
95 15
184 8
24 12
156 7
131 8
168 7
130 9
78 23
43 12
173 10
127 8
85 13
63 22
39 9
44 16
199 10
75 16
58 12
103 12
186 10
88 14
56 17
73 11
98 17
7 13
30 11
89 18
64 18
29 15
81 12
80 20
17 6
125 8
46 5
5 12
38 12
59 10
33 16
121 11
82 13
94 15
158 7
19 7
87 14
61 14
2 9
62 10
160 10
187 7
71 8
20 13
31 9
76 15
113 12
110 7
153 4
79 10
138 9
22 12
10 6
60 18
70 9
111 13
195 12
128 12
115 8
157 8
180 7
14 9
104 10
36 10
54 16
11 5
49 4
13 8
8 11
181 10
123 5
51 8
136 13
167 10
124 10
161 9
182 6
42 16
166 7
172 7
41 14
50 13
146 5
112 14
162 5
171 7
192 10
93 10
99 8
142 8
105 15
32 8
132 7
114 7
21 9
140 8
66 16
37 11
53 20
188 8
139 6
26 12
107 12
69 7
151 8
147 6
159 8
27 6
189 10
194 9
45 10
150 8
197 10
143 12
90 10
84 11
72 12
102 12
40 9
16 9
177 4
101 13
154 7
145 3
100 10
117 9
28 9
3 4
86 11
165 8
18 7
185 8
126 8
193 7
152 9
12 8
35 6
9 3
118 7
169 4
174 7
133 6
164 5
144 11
198 6
134 6
116 11
6 6
25 8
190 2
122 3
player: 13 Altruist
184 10
89 13
33 11
128 7
14 11
71 15
186 6
81 20
159 8
5 12
148 8
109 10
69 11
140 4
80 15
158 7
27 10
32 14
110 14
77 11
193 10
118 3
70 14
40 17
64 13
183 7
23 18
97 16
48 10
95 12
22 10
177 9
154 4
91 9
144 12
3 14
126 6
7 14
100 13
191 7
54 22
51 11
49 14
39 12
88 12
180 12
57 14
38 15
41 17
37 14
98 9
61 17
43 8
82 12
59 12
137 15
134 6
96 14
188 9
176 7
162 12
129 6
46 8
45 16
121 12
68 13
83 17
170 11
1 11
108 10
10 6
44 12
172 5
84 15
157 4
31 10
179 5
155 5
19 12
73 14
62 12
85 18
87 16
26 13
163 9
132 6
72 14
198 13
79 14
174 6
16 10
21 14
111 8
30 15
50 14
24 5
133 7
105 14
78 12
131 8
107 4
58 9
86 7
169 13
25 6
122 11
166 8
195 10
196 13
112 16
102 15
75 5
2 10
18 8
13 22
149 8
173 8
161 7
168 6
74 10
178 6
67 15
153 9
114 8
192 9
60 11
11 11
156 9
103 7
4 12
99 7
65 10
55 22
151 9
142 10
189 18
182 4
90 11
152 11
17 7
63 14
187 10
8 18
28 8
9 16
171 7
127 10
76 15
124 9
167 13
34 13
119 8
185 6
101 11
56 9
92 12
123 10
199 9
165 5
130 6
93 14
113 8
6 8
139 5
197 7
66 11
47 12
53 11
146 5
181 4
12 6
135 6
52 12
175 7
145 5
117 6
136 5
20 11
15 13
29 12
104 7
115 6
160 7
42 9
36 7
94 10
150 5
35 6
194 6
141 4
138 3
116 4
106 6
190 4
147 3
120 3
125 4
164 5
143 3
player: 15 Altruist
189 11
103 16
107 10
89 13
84 9
70 16
149 13
34 11
166 4
19 17
99 14
37 9
31 11
69 13
76 13
114 8
46 9
94 17
169 6
23 8
60 15
44 9
49 15
40 13
98 7
160 8
188 7
170 8
50 13
175 5
33 10
81 11
196 15
184 11
105 14
51 15
139 9
29 16
16 8
118 12
100 9
116 6
77 12
177 8
112 8
79 13
74 16
35 7
88 9
183 9
125 12
192 10
45 7
61 13
26 7
128 15
75 15
156 7
39 10
101 13
159 5
145 5
8 14
171 12
72 5
64 12
59 17
28 15
24 12
56 11
58 13
73 14
97 10
87 17
18 6
10 9
80 9
68 16
41 12
93 16
147 6
187 7
199 13
91 22
2 8
65 16
155 7
140 8
143 4
90 12
164 8
6 6
52 9
30 13
66 21
195 6
55 17
108 14
42 11
158 3
9 9
126 6
138 10
85 12
62 12
157 9
4 18
120 8
119 11
22 15
142 8
182 13
173 12
190 15
3 12
106 7
25 14
185 4
11 13
54 21
151 10
129 7
137 11
110 13
198 14
135 8
115 5
20 7
53 15
153 9
102 4
154 5
146 10
1 7
148 14
86 16
67 14
152 9
15 7
109 11
43 11
123 8
136 3
130 10
63 12
113 12
83 13
71 14
176 9
95 17
48 5
144 7
131 9
132 12
5 8
47 12
122 8
82 8
193 13
191 8
167 4
13 8
57 10
168 6
78 19
111 9
38 9
161 5
127 9
124 14
194 8
141 5
14 10
133 12
197 6
32 6
180 4
181 5
27 8
165 5
7 5
21 9
117 9
12 6
162 9
186 5
134 8
104 5
174 8
163 8
36 11
172 3
92 5
96 7
121 4
17 7
150 3
179 4
178 2
player: 4 Altruist
145 6
28 15
73 18
19 12
43 14
70 18
169 11
120 7
69 15
112 8
126 13
95 21
160 6
76 10
174 11
34 12
80 18
193 9
98 11
71 12
87 17
156 10
119 8
8 16
90 16
92 15
9 14
142 10
51 9
190 6
33 16
103 11
68 13
64 16
81 17
181 15
17 6
154 11
65 13
99 16
84 18
26 13
110 10
139 11
83 12
42 17
102 12
50 13
61 25
146 10
96 10
172 9
49 14
86 12
130 10
137 11
27 11
97 7
166 9
93 22
125 4
136 3
6 13
179 9
82 10
5 11
21 7
149 13
124 6
109 2
196 15
47 15
32 14
20 10
55 15
38 13
74 15
89 17
59 11
115 7
11 7
165 6
62 13
46 9
56 16
111 12
105 6
183 5
132 5
199 16
41 8
135 11
171 6
22 8
36 15
175 9
163 6
29 8
173 16
16 9
79 12
150 7
152 10
45 11
35 13
72 14
113 9
53 7
12 6
159 11
117 14
184 6
63 18
57 9
186 10
60 11
58 12
18 7
104 13
24 7
30 8
127 8
75 16
78 15
77 7
141 7
23 11
188 6
157 4
114 12
168 7
54 19
131 5
94 17
88 10
191 12
167 12
7 10
151 8
195 7
134 5
91 9
101 11
52 6
177 7
25 10
155 5
85 13
48 7
143 5
100 8
44 14
153 11
138 5
144 8
39 9
140 6
106 7
122 8
1 10
185 4
107 12
118 10
129 7
121 8
164 5
162 7
197 5
187 5
161 3
148 8
147 7
182 10
176 6
31 12
180 4
178 5
15 7
123 10
116 2
3 11
40 7
13 8
4 8
194 2
2 10
128 14
189 5
67 10
37 7
66 8
192 7
14 2
10 8
133 6
198 6
108 7
170 5
158 1
player: 2 Altruist
4 16
62 10
133 6
98 10
158 14
138 5
21 6
11 6
183 7
189 12
91 17
28 8
153 5
58 11
154 13
57 18
77 14
103 11
165 7
83 17
97 18
85 19
99 14
69 15
150 12
117 11
101 12
82 11
49 14
186 9
88 12
123 5
32 12
29 9
67 23
171 10
27 14
135 7
70 11
115 12
75 16
156 12
111 14
73 14
124 10
7 13
196 14
162 12
147 4
8 13
76 18
72 19
194 6
92 15
100 12
140 5
148 12
68 14
35 11
184 12
144 15
48 8
96 11
50 18
157 4
37 8
137 9
40 15
166 3
122 10
46 9
60 14
198 9
188 5
180 5
102 12
26 8
55 19
112 7
193 14
113 14
64 14
199 11
41 9
191 8
14 8
6 6
152 9
130 5
173 11
93 10
128 7
52 10
87 14
31 16
10 13
54 11
142 4
146 8
15 6
190 8
1 15
61 17
126 7
45 11
90 23
161 7
44 10
81 12
164 10
179 6
108 8
129 8
84 14
53 12
121 13
197 7
86 17
155 4
33 9
78 11
177 7
56 10
74 17
43 9
17 12
63 10
71 13
163 5
120 10
114 11
51 12
22 12
94 13
127 9
174 7
151 8
105 10
195 6
16 10
89 14
181 6
23 9
59 13
172 8
18 11
38 12
175 9
36 10
149 9
104 16
66 17
169 7
95 9
106 7
30 9
131 4
143 5
2 10
5 6
116 9
176 4
9 12
141 7
185 7
110 9
160 3
107 5
65 6
12 6
47 7
145 7
168 8
119 14
182 5
24 10
34 8
25 7
167 9
136 10
192 8
80 15
39 12
170 5
20 8
19 7
187 10
132 5
134 3
125 2
42 4
3 7
79 12
13 8
178 5
159 2
109 6
118 5
139 6
player: 14 Altruist
28 12
150 8
76 14
36 16
15 9
68 19
27 10
107 13
158 7
89 10
116 7
38 12
69 17
104 11
51 10
188 11
71 16
181 11
73 10
97 14
30 11
157 7
70 14
4 18
87 9
9 8
49 10
23 8
149 8
110 18
29 13
166 8
199 15
151 10
55 10
2 18
60 14
115 10
12 17
45 8
88 13
77 13
80 16
95 15
142 6
75 10
169 6
58 19
184 9
86 13
57 19
127 15
122 11
17 11
155 7
61 10
5 13
167 7
53 13
161 7
25 10
192 12
198 7
100 9
42 13
154 10
101 9
117 9
47 20
84 15
99 10
83 11
33 11
90 9
94 8
190 10
129 8
186 8
44 16
137 10
65 12
26 8
67 17
179 12
19 8
177 8
22 12
24 7
85 20
128 10
118 11
52 8
13 6
31 18
66 10
171 12
82 19
48 8
182 10
143 7
111 8
21 9
32 11
132 6
20 9
133 7
134 4
125 6
146 11
168 6
93 19
170 9
113 14
37 11
59 12
1 11
91 13
56 12
156 10
102 14
62 17
14 6
79 11
193 7
54 18
173 7
148 3
189 9
103 10
98 14
175 12
105 8
124 7
191 8
197 7
10 7
40 10
8 11
136 11
41 5
11 7
18 7
81 11
159 10
109 12
64 13
139 9
108 9
96 15
174 6
123 15
7 8
16 4
74 13
126 8
138 8
78 14
92 5
112 13
135 9
119 6
120 8
50 11
165 5
131 4
106 8
35 8
160 5
180 8
187 8
63 12
147 7
46 10
185 8
141 4
178 5
176 6
162 5
153 6
196 13
145 5
72 11
6 4
130 6
194 7
39 12
121 7
3 11
164 3
144 5
140 6
172 5
163 6
152 9
114 4
34 10
183 5
43 5
195 4
player: 17 Altruist
109 7
117 14
136 8
90 13
142 9
132 10
52 20
81 14
85 12
79 16
157 5
88 11
188 8
73 14
124 14
166 5
97 15
11 11
164 9
103 11
71 11
112 12
67 12
48 16
127 8
105 9
68 15
100 13
35 11
56 20
62 16
199 12
96 8
149 8
17 10
66 19
162 6
78 10
185 5
95 7
104 9
126 6
156 9
54 18
34 13
191 5
173 11
116 14
21 5
75 15
49 15
31 17
29 19
44 10
28 8
133 8
43 11
115 11
144 7
89 15
42 9
99 7
59 15
169 8
94 15
9 9
172 5
27 12
175 10
57 16
25 11
123 9
6 10
4 19
39 10
163 7
38 4
40 10
61 12
130 14
93 13
19 11
32 12
20 8
76 12
182 6
113 7
64 14
46 14
146 12
22 10
60 9
183 10
134 12
83 18
87 18
180 6
194 4
23 12
91 13
51 11
118 11
47 16
70 12
33 10
128 11
14 12
184 10
148 8
120 13
177 7
176 6
74 17
41 9
192 10
77 14
58 12
187 11
143 9
189 3
36 11
5 10
63 12
69 14
37 11
129 9
121 6
107 8
110 10
92 16
151 8
108 11
82 12
170 3
174 2
84 11
141 13
53 12
15 6
125 11
98 6
55 12
106 9
45 11
197 4
18 9
50 15
13 9
131 6
135 6
24 15
171 7
147 7
72 16
119 10
159 7
178 6
137 11
10 9
65 8
114 10
161 4
198 11
3 13
181 5
2 6
145 11
139 7
179 4
122 9
138 14
154 7
152 9
165 6
16 10
86 13
26 9
12 11
195 11
150 2
8 10
160 4
80 7
111 11
102 7
193 4
186 6
190 6
30 8
1 10
153 8
196 8
158 7
101 11
155 4
7 3
167 5
140 3
168 2
player: 16 Altruist
143 7
160 6
175 11
46 15
83 16
197 9
146 7
18 13
127 12
107 13
17 11
173 16
88 20
72 12
176 9
133 10
36 11
110 11
114 15
158 5
67 15
41 12
128 13
186 10
164 8
86 11
13 11
76 13
115 13
134 8
20 8
142 5
188 11
84 12
37 11
102 19
85 13
165 6
172 7
34 14
74 8
52 15
151 8
103 9
30 7
69 8
78 10
65 10
196 17
25 12
92 12
191 10
50 10
38 20
14 17
2 11
42 19
117 15
126 10
90 14
4 12
77 10
144 9
184 12
177 6
9 14
35 7
138 11
95 15
178 6
123 10
179 8
192 8
180 3
96 9
70 20
111 8
68 12
33 15
93 11
71 9
80 12
156 6
112 7
185 6
11 9
104 9
47 17
59 14
56 11
183 8
79 16
170 5
53 7
132 10
101 14
122 11
21 10
29 11
136 6
98 12
154 6
119 7
5 11
43 8
100 7
155 10
44 9
194 5
171 7
91 12
27 11
187 7
49 9
58 12
81 15
105 12
109 7
32 9
28 8
167 7
190 10
39 11
99 9
108 7
140 10
137 11
174 14
45 9
120 12
57 18
1 9
148 11
54 14
48 13
198 10
150 5
195 4
152 14
62 10
8 12
51 11
87 15
3 10
6 9
163 5
55 16
66 14
181 3
199 5
16 5
97 10
82 12
7 11
10 12
75 13
26 13
60 16
129 6
130 11
113 11
73 12
141 10
61 5
149 8
166 7
94 10
153 8
193 16
121 7
159 8
64 10
63 8
106 14
189 9
169 9
19 14
139 5
22 7
89 7
147 7
23 10
116 10
15 7
125 3
12 9
124 6
40 4
182 6
162 8
24 14
145 3
131 5
118 2
31 7
168 4
161 6
157 2
135 6
player: 5 Altruist
143 6
113 11
51 12
63 18
30 15
68 19
66 11
167 5
65 22
92 10
31 14
125 9
57 14
45 11
18 10
58 16
76 11
123 5
85 17
112 9
194 10
120 11
37 15
35 12
10 12
5 13
38 14
53 19
107 15
60 15
29 13
149 6
154 8
95 16
28 12
4 15
122 10
54 8
20 13
98 13
44 15
169 7
14 11
8 8
81 15
27 11
26 12
97 11
134 7
39 5
25 11
36 10
24 8
48 12
166 8
13 7
7 13
155 6
186 11
90 16
64 17
77 15
102 11
104 7
94 15
192 15
96 9
126 18
22 7
114 9
69 13
168 7
101 14
180 10
93 14
196 17
52 13
173 6
193 6
184 9
164 10
108 15
21 9
50 12
130 9
83 12
40 13
170 7
100 12
150 6
144 8
59 11
109 14
110 11
148 11
91 13
75 10
188 5
159 10
132 5
74 14
32 9
72 16
165 7
82 16
62 15
84 16
47 15
61 17
182 5
99 11
78 22
19 12
16 6
42 13
121 9
127 7
135 9
56 11
195 9
2 15
136 5
175 6
33 7
145 9
86 12
1 7
119 13
103 10
111 11
12 3
162 11
174 8
185 13
34 11
131 7
3 10
49 12
46 7
88 16
73 14
71 8
172 6
163 5
151 3
89 9
189 11
117 9
137 9
147 3
55 9
87 17
23 9
43 10
158 11
179 9
116 6
139 8
6 7
160 7
146 10
70 12
191 4
106 13
198 11
124 11
190 7
183 8
171 3
15 6
178 6
199 4
157 3
80 12
140 8
181 5
176 6
138 3
41 13
133 13
105 11
187 4
118 5
197 5
129 5
161 4
156 11
142 6
79 4
152 4
17 5
177 1
141 7
115 10
11 5
9 2
67 6
128 6
153 5
player: 7 Altruist
76 19
97 12
170 8
186 3
94 12
93 19
74 9
190 9
45 16
55 20
41 13
32 17
54 11
111 8
102 6
56 10
24 12
64 16
75 17
183 6
185 13
129 8
106 12
86 13
22 11
13 11
148 7
91 10
108 12
87 14
115 7
68 13
59 18
153 9
122 14
5 12
82 16
27 12
71 7
150 5
89 11
126 8
173 11
135 13
83 12
110 8
61 18
14 12
29 15
85 10
160 11
47 11
131 10
98 12
58 15
18 10
23 18
194 6
196 13
136 9
26 16
4 9
25 10
105 10
11 14
182 7
70 13
144 8
51 14
172 13
164 4
36 12
43 14
197 4
119 10
19 11
72 14
12 6
33 13
1 12
134 6
99 14
50 9
127 4
113 7
178 9
174 8
154 4
141 6
104 12
20 8
109 13
103 16
79 9
171 11
159 7
142 9
81 9
60 14
151 9
34 9
128 10
189 6
6 8
53 14
177 14
107 8
101 12
116 7
176 14
193 11
57 11
137 5
73 14
90 13
62 8
169 8
198 11
121 12
9 10
16 8
15 11
179 7
8 6
168 12
155 4
167 9
133 8
100 14
63 13
184 5
28 14
30 16
156 8
88 10
124 5
165 16
117 6
92 18
3 6
42 10
130 6
162 7
161 8
114 10
78 12
66 15
140 13
146 7
31 4
48 6
46 12
84 9
95 12
44 13
69 12
37 12
40 16
96 16
192 3
80 10
10 4
7 8
175 6
195 12
132 3
17 9
39 10
180 6
187 10
67 10
120 11
49 11
163 5
52 14
77 9
149 9
166 6
139 6
2 8
191 8
35 11
123 9
21 8
38 11
65 19
188 4
152 8
199 9
143 7
147 2
181 2
158 3
112 6
138 6
145 3
118 7
157 5
125 3
rank player: 3 Altruist
11 114
6 118
10 111
17 99
5 118
13 112
18 117
1 119
4 84
16 98
8 112
15 119
9 110
7 115
3 130
2 104
14 119
12 101
rank player: 10 Altruist
15 121
2 112
4 116
17 112
7 132
11 100
14 114
13 97
16 132
18 110
3 107
10 103
9 107
12 124
5 94
6 105
8 104
1 110
rank player: 0 Altruist
5 129
12 115
16 94
7 115
15 136
10 95
14 106
2 92
17 126
8 110
6 128
1 102
18 106
11 127
13 118
3 93
4 95
9 113
rank player: 8 Altruist
6 116
17 109
14 121
13 109
12 100
18 125
11 112
1 112
3 112
15 95
16 98
8 113
2 115
7 95
4 135
10 114
9 113
5 106
rank player: 9 Altruist
3 93
14 105
7 103
15 112
18 129
9 107
6 114
10 124
11 124
4 99
13 99
17 118
16 124
2 106
1 117
12 111
8 104
5 111
rank player: 1 Altruist
2 111
5 99
8 106
10 122
6 118
16 116
1 98
12 110
17 120
3 128
9 131
14 90
15 100
7 114
11 115
13 123
18 95
4 104
rank player: 6 Altruist
8 113
15 105
1 120
12 118
4 115
17 119
5 101
7 110
9 100
14 117
6 92
10 104
18 109
13 116
16 103
2 130
11 111
3 117
rank player: 12 Altruist
16 115
3 118
15 119
13 124
1 96
5 130
8 108
9 104
14 115
10 95
6 134
12 94
7 107
18 96
2 112
17 105
11 113
4 115
rank player: 11 Altruist
10 114
8 112
11 102
2 119
13 122
12 119
6 96
15 111
17 111
14 122
1 94
3 102
18 119
5 128
7 122
9 106
16 105
4 96
rank player: 13 Altruist
17 114
7 105
2 132
14 111
1 142
8 119
11 102
13 99
3 118
5 134
10 106
6 95
18 116
4 110
15 86
16 115
12 82
9 114
rank player: 15 Altruist
18 122
10 113
9 124
8 112
5 110
12 127
4 121
16 120
3 105
13 122
1 105
7 103
17 105
2 119
6 91
11 102
15 108
14 91
rank player: 4 Altruist
14 114
1 111
5 99
4 111
15 112
3 99
7 119
9 118
16 136
11 112
2 105
8 113
12 102
18 98
17 117
6 120
10 111
13 103
rank player: 2 Altruist
1 128
4 122
12 110
11 108
16 105
15 108
3 91
18 118
7 109
5 81
9 131
14 115
17 104
6 123
2 88
8 119
13 126
10 114
rank player: 14 Altruist
4 111
16 100
6 98
3 107
2 100
13 112
15 104
10 119
11 132
18 118
7 118
5 123
12 109
1 119
8 98
14 119
9 91
17 122
rank player: 17 Altruist
9 97
13 122
14 126
4 117
8 124
12 135
18 93
7 104
11 97
15 100
2 110
16 106
10 109
5 125
3 123
17 91
1 107
6 114
rank player: 16 Altruist
13 103
18 112
4 123
10 108
16 120
2 120
8 109
9 98
6 110
17 113
15 116
5 114
3 110
14 118
12 121
7 94
11 99
1 112
rank player: 5 Altruist
12 114
11 114
3 133
5 98
8 111
17 114
7 118
2 103
15 125
6 108
16 88
10 134
9 122
18 111
13 97
4 96
1 110
14 104
rank player: 7 Altruist
7 117
9 114
17 101
18 106
11 116
13 96
4 130
6 120
5 100
12 108
8 113
2 122
15 123
10 104
3 114
16 125
14 93
1 98
