player: 17 Competitive
481 7
629 1
5 10
228 4
774 5
713 3
226 5
591 4
311 3
314 4
156 3
302 6
529 7
275 2
107 4
550 2
530 3
131 1
452 2
624 1
292 3
483 5
172 6
100 2
760 4
570 2
290 5
731 3
435 3
468 4
734 2
245 3
343 4
88 4
294 2
284 2
206 5
186 2
109 3
772 5
283 2
81 2
230 3
137 4
360 3
288 2
739 2
189 4
620 5
97 2
561 1
794 5
122 1
74 4
797 4
616 2
647 4
522 5
182 1
780 1
603 6
742 3
386 5
214 6
486 2
295 4
418 4
440 8
453 2
417 4
320 2
762 4
423 4
415 4
649 3
118 6
307 1
499 3
6 2
588 3
390 5
648 3
135 1
333 6
338 1
628 1
258 2
40 1
585 3
318 5
84 3
546 6
112 4
20 6
101 6
502 4
451 6
72 2
538 4
736 5
632 4
240 3
322 6
539 2
244 2
394 3
291 3
703 4
789 3
63 2
392 5
293 3
90 4
582 3
459 3
115 6
127 2
458 3
778 4
305 1
50 4
195 6
471 6
336 4
140 5
344 3
169 4
619 3
299 3
745 4
393 2
554 2
748 3
696 1
615 2
777 4
4 4
103 1
413 4
321 3
478 5
149 3
587 2
229 5
656 6
730 1
773 2
106 4
301 3
91 3
102 3
675 3
350 4
462 3
339 5
725 6
374 6
776 3
767 1
779 5
782 1
402 3
205 2
702 6
185 2
348 3
264 2
93 3
750 1
466 3
542 2
324 1
170 2
506 1
119 4
395 4
721 4
158 4
653 2
407 2
403 3
641 3
223 4
183 4
44 2
411 4
13 3
385 2
567 4
439 2
242 4
194 4
138 3
113 6
654 5
342 1
655 3
266 1
420 4
31 3
488 3
384 2
597 1
209 3
555 5
327 4
252 2
456 2
387 5
796 5
469 4
346 1
340 3
313 5
256 5
331 6
125 2
549 5
737 2
184 5
363 2
310 3
504 6
400 2
247 3
75 2
174 2
708 2
203 2
53 2
425 2
470 5
552 2
754 4
34 3
48 2
370 8
622 1
492 2
785 1
191 6
132 3
150 4
316 2
635 3
683 1
65 4
652 1
2 1
485 5
309 2
233 2
337 2
47 3
21 2
517 5
162 1
237 3
592 1
532 2
10 5
519 1
376 3
602 1
139 3
155 9
515 3
697 2
467 3
25 4
559 4
365 4
679 5
257 2
389 4
463 3
3 3
210 5
693 3
361 3
639 4
496 2
670 4
308 6
68 3
455 4
575 4
430 5
220 2
733 4
761 3
181 5
330 2
404 1
577 4
335 3
763 4
678 1
332 1
614 2
136 4
544 2
667 2
359 1
61 1
43 2
682 2
375 3
579 4
263 2
562 2
668 2
180 5
605 1
766 3
254 2
744 2
633 1
484 5
260 4
92 2
673 4
60 6
527 4
523 4
128 3
117 2
711 1
765 4
222 4
273 1
259 5
505 3
42 2
278 1
569 3
355 3
700 2
427 4
89 4
94 2
36 1
399 3
187 2
177 4
282 4
516 3
493 2
752 3
598 3
709 6
236 2
433 4
357 1
152 5
526 2
558 2
123 2
303 2
221 2
521 2
574 3
563 5
444 3
576 4
85 2
325 4
410 4
706 1
429 4
491 2
596 6
225 4
173 3
787 1
514 3
208 1
146 3
781 4
62 5
659 1
674 3
677 2
73 1
8 1
660 3
475 3
740 2
593 5
108 2
489 1
306 3
707 4
610 5
22 2
771 4
482 5
626 2
646 1
267 2
565 2
54 3
537 3
634 4
717 1
637 3
753 4
200 2
207 2
29 2
164 2
168 2
16 2
224 3
353 4
618 2
692 2
178 4
154 4
676 3
786 3
543 4
416 1
738 3
197 5
56 1
396 3
572 1
246 1
9 2
319 4
347 3
328 3
743 2
111 1
636 4
710 3
770 1
69 2
479 1
217 1
509 3
251 1
699 3
406 4
243 2
438 2
144 1
167 7
494 3
235 4
724 2
280 5
609 4
465 2
722 4
534 1
663 5
751 2
735 2
95 2
719 3
645 2
190 2
764 2
788 4
769 2
432 4
286 3
171 3
55 3
82 3
586 3
193 3
143 3
557 4
45 1
30 5
262 3
279 1
564 2
373 4
540 1
658 4
341 2
512 6
686 2
349 3
560 2
487 3
684 3
17 1
631 3
419 4
651 2
599 2
39 5
379 1
199 1
613 4
83 4
285 4
201 1
715 1
601 2
746 2
664 2
518 3
594 2
447 4
578 5
368 2
434 1
196 1
503 3
728 2
732 1
80 4
718 1
690 2
234 2
218 4
460 3
249 4
642 4
23 4
213 5
490 3
566 1
33 2
126 3
611 3
18 3
380 4
64 1
476 3
790 2
317 2
757 2
590 2
381 2
461 3
705 5
600 3
398 3
401 1
533 2
694 1
443 4
662 2
315 3
442 1
238 2
507 2
159 3
691 1
86 2
524 3
323 2
289 3
723 2
11 3
583 3
726 2
71 3
366 2
607 3
188 1
148 2
96 4
755 1
681 2
536 5
28 2
714 1
227 1
608 1
67 4
759 2
510 5
657 2
580 1
356 2
192 3
687 2
424 2
175 2
520 1
665 2
480 1
151 2
26 2
334 2
495 3
454 2
414 1
712 4
573 2
157 2
274 4
277 2
584 2
145 2
541 4
24 1
19 3
793 2
672 1
372 2
255 4
281 2
153 3
498 2
287 1
617 1
644 2
604 1
161 2
758 1
525 2
165 1
377 2
367 2
477 1
124 2
38 2
326 3
741 2
272 3
364 1
176 2
239 2
625 2
397 2
219 2
362 2
121 1
446 1
232 1
130 1
212 2
52 2
473 1
58 1
535 2
37 2
76 4
727 1
198 1
472 2
623 4
621 1
7 3
35 1
581 1
457 1
312 1
627 1
775 1
501 2
685 2
297 1
27 2
15 2
133 3
41 1
358 1
589 3
345 1
720 2
428 1
500 1
77 1
351 3
141 2
160 1
568 2
114 2
163 1
270 1
268 2
474 4
768 2
382 2
531 1
548 1
46 1
352 1
783 2
547 2
204 2
261 1
99 1
695 1
408 3
51 2
595 1
571 1
134 1
14 1
701 1
671 2
464 1
497 1
12 1
241 1
698 2
795 1
630 2
300 1
49 1
640 1
166 1
369 1
104 1
448 1
716 3
70 2
253 1
528 1
378 1
32 1
792 1
120 1
729 1
98 3
545 1
437 1
215 1
105 1
508 1
player: 6 Individualist
302 9
108 3
132 4
174 2
64 5
548 2
277 3
469 3
187 5
758 4
496 2
656 5
333 2
420 5
16 4
152 4
217 2
792 2
678 3
498 5
229 3
658 6
197 2
218 6
499 2
480 4
299 7
71 4
539 1
362 2
319 3
352 2
40 2
155 5
798 6
422 7
69 2
107 4
88 2
89 3
407 5
358 3
461 2
243 3
21 3
4 6
592 2
662 2
723 2
312 3
96 5
24 1
388 3
501 6
785 2
364 4
502 2
562 1
144 2
675 5
280 4
439 3
689 5
481 2
791 1
639 2
693 2
769 1
156 3
142 5
137 2
670 3
207 2
260 4
73 2
721 6
269 5
443 4
266 4
585 2
385 3
664 1
630 3
705 6
665 4
676 2
263 3
568 2
510 6
614 1
22 3
746 4
251 2
488 2
326 4
34 6
617 3
28 2
414 4
30 4
515 4
410 4
563 1
236 5
739 1
349 5
619 3
371 6
474 3
610 5
601 2
431 3
569 3
135 1
369 4
167 4
636 3
751 1
677 3
576 4
329 5
157 2
179 4
29 7
411 4
644 4
571 2
223 5
466 7
704 6
58 8
570 3
685 2
727 3
397 8
531 6
453 5
772 5
667 5
210 2
321 6
549 4
629 1
41 5
271 3
285 3
97 5
151 5
495 5
583 2
25 4
383 4
413 2
247 1
578 5
295 4
232 1
169 3
722 3
561 4
740 4
729 5
628 3
472 5
558 2
763 4
292 5
442 2
48 3
393 3
516 3
565 4
402 4
699 1
296 2
211 4
257 2
43 4
400 3
201 2
330 3
724 4
449 3
298 5
278 2
742 1
276 4
435 6
8 4
208 3
148 3
224 5
62 4
360 2
523 3
649 2
423 3
45 2
176 3
193 2
177 5
795 3
587 1
446 2
181 2
222 6
600 3
18 5
492 8
245 3
427 6
681 2
322 2
347 4
221 5
162 3
552 3
789 2
756 1
537 4
374 5
663 4
532 2
356 3
310 5
226 4
744 3
788 6
212 2
195 2
376 1
683 2
604 2
387 2
265 4
533 1
560 2
753 5
425 4
366 1
274 5
701 2
726 2
204 3
470 5
642 2
540 1
127 2
343 2
231 3
542 4
547 3
707 1
697 1
270 3
451 2
457 1
767 2
121 5
386 2
134 5
44 5
227 1
392 2
647 6
391 2
300 3
445 3
475 4
149 1
190 8
759 2
291 4
255 4
650 3
99 5
574 1
608 2
575 2
513 3
613 1
755 2
74 1
173 2
657 2
128 1
237 1
452 1
51 3
519 3
131 3
429 3
267 1
577 2
334 4
100 4
651 4
777 2
500 3
143 1
508 3
458 1
379 4
483 1
200 5
6 3
743 2
728 2
655 3
133 2
259 4
611 1
341 2
81 4
2 2
307 4
90 5
771 1
780 2
138 1
359 3
718 2
166 2
426 5
61 6
150 2
416 5
118 2
19 1
602 5
620 2
37 2
418 3
463 3
594 2
111 3
484 4
215 4
158 4
749 3
17 1
77 5
399 7
146 2
384 3
790 3
396 3
191 4
768 1
598 2
417 4
786 3
337 1
526 4
715 1
671 2
297 2
514 3
637 1
380 5
634 2
623 3
101 2
616 2
712 4
290 3
454 1
521 4
409 2
764 3
700 2
353 5
684 5
192 3
424 3
378 5
638 4
113 4
233 4
84 4
309 3
348 3
199 5
42 3
305 2
178 4
713 2
631 1
57 6
63 6
365 4
719 3
783 1
91 1
308 4
687 2
509 1
279 3
507 3
506 3
377 4
430 3
254 4
216 4
186 3
760 5
124 4
220 3
198 3
246 1
65 3
86 2
373 2
381 2
773 4
557 3
175 2
778 2
465 4
238 6
489 2
787 1
363 3
784 1
633 2
607 4
264 1
355 3
535 3
494 1
196 3
544 2
67 4
527 3
50 2
114 2
287 2
3 2
672 3
261 3
624 1
242 2
599 2
573 5
459 2
734 4
679 3
244 2
145 5
185 5
559 1
487 1
52 3
706 2
652 1
588 3
282 3
674 2
13 3
774 3
26 3
405 4
615 2
520 2
275 6
419 2
304 3
404 2
342 3
645 2
54 1
194 4
505 4
621 4
123 2
184 3
438 2
165 2
5 6
7 3
161 2
316 3
437 1
462 3
522 3
180 5
234 3
717 1
206 3
682 2
590 2
66 2
732 2
421 2
403 1
27 5
440 4
486 4
286 3
524 2
368 4
550 1
327 1
497 5
680 2
294 1
33 4
171 6
153 3
9 1
612 1
673 1
534 2
10 1
262 3
289 3
139 2
710 3
68 3
401 3
589 3
115 2
566 2
268 3
110 4
252 2
490 3
119 3
120 3
479 2
214 2
78 1
482 6
595 3
53 4
694 1
79 4
582 3
581 1
160 4
586 2
288 1
203 3
130 2
313 1
372 3
618 2
545 2
361 1
433 5
580 1
283 1
136 2
228 2
140 1
546 2
536 2
666 2
460 3
754 1
249 2
627 2
518 1
698 1
551 2
525 1
703 3
1 1
609 1
471 2
163 3
468 1
395 3
450 1
85 2
315 1
104 1
579 4
325 3
434 2
98 4
735 3
441 3
370 1
240 2
117 2
102 3
605 1
661 1
794 2
344 1
301 2
20 2
189 2
553 1
584 1
762 1
567 4
485 2
354 2
183 3
272 2
202 1
702 1
517 1
12 3
239 4
60 2
94 4
141 2
49 3
55 1
654 2
11 1
736 1
59 2
188 5
95 1
752 3
447 1
745 1
258 4
511 1
281 3
529 3
793 3
765 1
606 2
317 2
256 2
336 2
477 1
357 1
436 2
708 1
428 3
303 1
82 2
622 2
456 1
473 2
444 3
332 1
14 4
170 1
351 1
591 1
122 1
293 2
320 1
106 3
103 1
335 2
235 1
76 3
154 2
80 2
318 1
109 3
394 4
766 2
493 1
555 1
626 2
172 1
643 2
75 2
603 1
696 1
219 1
691 2
448 1
241 2
737 1
455 1
528 1
36 2
125 1
129 1
669 1
159 1
775 1
147 2
725 2
225 1
398 1
213 4
15 1
248 1
491 3
406 2
541 2
504 1
382 2
412 2
339 2
92 1
47 2
750 1
324 1
314 1
46 1
350 1
733 1
653 1
711 1
38 2
205 1
338 1
776 1
182 1
346 2
367 2
323 1
781 1
39 1
83 1
690 2
640 3
635 1
112 2
738 1
741 1
250 1
625 1
230 1
72 2
35 1
345 1
164 1
478 1
476 1
player: 5 Altruist
130 3
254 3
21 3
587 1
415 2
683 3
42 3
246 2
53 4
110 4
249 7
673 5
592 3
12 2
225 5
304 5
183 3
526 2
499 6
240 5
788 6
652 3
437 3
33 4
381 3
106 4
482 2
199 3
757 5
553 5
309 5
777 3
761 5
425 7
344 4
285 5
647 2
728 1
264 4
371 3
47 3
751 1
4 9
147 2
478 4
89 3
6 3
226 5
468 4
362 5
388 2
61 1
519 2
258 4
655 2
416 6
627 3
87 2
245 1
218 2
350 3
46 4
291 2
101 5
244 7
241 4
453 3
18 3
413 5
216 3
54 5
90 3
356 3
318 4
396 1
10 2
605 1
508 5
796 5
15 4
35 3
656 5
424 6
207 5
747 4
76 3
524 2
112 1
534 2
759 2
501 4
284 1
48 7
153 5
739 3
375 6
456 4
745 2
321 2
682 3
743 2
766 5
675 2
163 3
56 1
113 5
740 3
405 2
152 3
430 2
71 4
439 2
400 3
223 3
162 1
480 5
591 1
464 5
732 4
782 3
234 3
294 5
687 3
390 6
178 3
83 4
212 3
507 4
59 4
187 3
712 3
544 2
537 3
159 2
368 3
582 4
29 4
448 3
723 2
228 4
149 4
583 3
197 1
569 5
308 4
37 5
296 4
177 2
23 3
606 4
764 3
292 1
434 3
7 2
455 3
376 3
476 6
346 3
269 5
640 4
251 6
186 5
182 1
546 2
300 7
799 2
533 2
277 3
276 4
477 3
709 4
97 4
423 2
31 3
562 3
704 4
790 4
498 3
74 4
325 5
290 3
769 4
571 2
69 4
589 5
389 2
353 6
121 4
500 4
2 2
470 2
382 4
359 3
52 4
272 4
746 2
65 2
641 3
488 2
710 2
173 4
734 4
459 6
797 2
275 4
630 3
429 5
198 2
555 1
473 4
719 3
102 3
426 3
95 4
680 2
305 5
643 2
20 2
327 3
77 3
781 1
140 2
172 6
105 3
64 4
561 1
143 3
345 4
342 3
28 1
354 1
787 3
608 3
334 6
174 1
103 2
253 2
406 2
593 2
570 4
214 2
730 2
224 3
94 2
230 2
70 1
483 1
646 2
298 2
201 2
441 4
79 6
609 6
299 5
512 4
651 3
418 5
44 1
148 1
779 2
412 3
775 3
271 6
550 2
504 2
263 9
215 5
407 3
428 1
252 5
762 2
559 3
16 1
213 4
339 4
190 5
560 2
329 4
577 3
283 5
337 1
466 3
72 3
435 2
114 4
330 4
335 2
638 5
49 4
579 4
150 3
107 1
402 3
99 1
315 3
465 4
202 6
184 3
196 4
91 2
383 2
665 3
557 2
168 6
169 7
360 3
231 2
267 6
257 4
511 2
760 4
634 3
659 4
281 2
414 2
604 2
567 2
302 3
265 2
363 1
369 2
493 5
574 4
142 3
279 5
707 1
518 3
326 6
232 4
527 1
157 3
720 2
115 3
82 2
462 2
718 1
666 1
189 2
84 6
34 2
247 4
443 3
601 2
14 2
181 4
357 4
336 3
411 4
554 4
384 4
566 2
66 3
320 2
786 3
625 2
235 2
603 4
629 3
596 3
791 1
497 1
295 4
503 3
289 4
380 2
594 2
597 1
393 3
243 2
642 2
798 2
340 7
767 2
75 3
515 4
217 4
490 3
489 4
698 3
377 3
403 4
386 8
347 4
266 2
451 1
531 1
278 5
538 3
611 3
765 4
126 4
716 1
514 3
628 2
401 4
505 3
170 1
776 2
450 2
24 1
474 4
331 2
494 4
125 5
117 4
179 2
185 1
421 4
134 2
17 4
681 3
660 4
521 3
370 3
585 1
692 2
96 2
614 4
702 2
314 4
610 3
446 2
374 3
618 1
727 2
479 1
237 2
221 5
5 4
522 3
795 3
442 5
301 1
408 3
139 1
506 2
164 2
635 3
391 1
774 3
365 1
73 3
109 3
282 2
771 2
658 2
220 2
36 2
715 1
166 3
713 3
43 3
602 3
58 5
436 3
86 2
343 4
92 3
208 4
372 4
686 2
160 3
792 2
323 4
463 3
749 3
293 4
469 4
722 1
191 3
135 2
620 1
310 4
653 2
657 2
543 4
674 1
737 2
227 4
496 3
154 4
366 3
392 2
209 3
93 3
222 2
633 1
516 4
770 4
419 1
119 2
242 3
619 1
68 2
621 3
449 3
8 3
303 1
536 1
744 1
274 2
510 1
754 2
373 1
167 5
195 1
741 2
210 2
204 3
256 2
530 2
122 3
238 3
457 2
794 2
694 1
484 2
595 3
332 2
13 3
399 4
129 3
80 2
311 2
19 1
236 6
288 1
25 1
239 4
397 3
717 2
176 2
578 1
756 1
175 4
725 4
144 1
523 2
233 2
219 1
32 3
714 2
194 3
420 1
576 3
297 3
351 4
545 3
104 3
136 1
475 4
51 2
626 1
529 1
255 2
118 3
55 1
433 3
699 2
622 2
203 3
427 2
161 1
624 2
758 3
432 3
551 3
387 2
229 7
100 2
348 2
322 1
367 3
572 1
171 2
513 3
137 4
404 2
395 4
193 2
260 3
62 1
41 4
409 1
338 1
88 2
517 2
661 1
558 2
440 4
341 2
316 3
312 4
690 1
273 4
352 3
438 4
481 1
573 2
644 3
124 2
590 2
671 2
67 1
631 2
763 2
623 2
669 1
98 2
262 2
141 3
636 2
696 4
30 1
133 1
677 2
664 1
753 1
248 2
27 2
57 1
458 2
333 3
355 3
128 1
444 1
486 2
701 3
520 1
736 3
542 2
773 2
39 1
268 2
556 4
205 2
650 3
502 3
200 1
361 1
616 3
211 3
678 1
188 1
735 6
78 3
445 2
270 3
528 1
697 2
706 2
492 2
711 2
123 2
38 2
705 1
138 1
165 1
319 3
785 1
145 1
679 2
639 1
328 1
580 1
111 2
649 2
600 1
691 1
768 2
1 1
460 1
654 1
695 2
532 2
495 1
541 1
349 1
693 1
146 3
120 1
565 2
688 1
155 1
287 1
3 2
598 1
151 2
116 1
752 1
672 3
307 1
132 1
684 2
452 2
724 1
398 2
645 1
613 2
417 1
772 4
588 1
131 1
261 1
612 2
552 1
63 1
280 1
689 1
50 2
26 1
615 1
731 2
127 1
668 1
11 1
156 1
192 1
364 1
447 1
471 1
729 1
540 1
632 1
player: 12 Competitive
27 3
152 5
251 3
64 4
467 4
13 3
582 4
689 4
198 3
720 3
540 3
557 5
161 2
405 3
434 4
320 4
154 4
627 5
213 5
757 4
693 2
218 4
40 4
635 3
482 2
767 5
148 2
101 3
297 4
705 3
537 3
23 1
622 4
202 5
30 4
259 5
317 2
563 6
577 4
658 2
138 2
608 7
37 4
521 3
654 2
714 3
655 3
220 5
335 4
481 5
11 4
513 1
764 4
639 2
752 3
112 2
258 2
471 4
643 4
684 4
422 4
501 3
235 5
164 4
261 3
276 2
669 3
156 4
34 3
203 4
629 3
186 3
740 5
340 2
518 4
722 3
327 3
592 4
242 3
337 5
291 2
31 4
600 4
131 3
78 3
249 3
193 5
135 4
435 1
443 5
73 2
713 1
88 3
306 5
128 2
210 4
260 3
288 2
286 4
632 3
450 3
466 3
659 2
183 1
200 3
575 2
2 2
199 2
225 5
782 4
379 3
28 8
498 5
473 3
749 4
81 3
92 3
281 1
504 4
538 2
623 3
430 8
497 5
646 5
428 3
576 2
694 1
298 2
589 2
54 6
387 2
345 6
672 2
356 2
344 4
605 2
453 4
237 2
79 4
360 5
38 2
744 1
446 2
16 3
49 3
143 2
324 4
107 4
150 7
351 1
775 4
248 3
102 2
511 2
381 2
271 2
487 4
398 3
531 5
613 5
322 1
20 3
470 5
358 7
419 5
742 3
560 1
644 4
171 3
63 3
412 2
633 1
232 5
771 2
195 4
18 4
162 1
444 2
346 5
758 1
725 3
311 5
177 3
595 2
330 2
648 1
552 8
266 2
190 2
766 2
1 1
502 3
85 4
554 3
105 5
83 1
642 4
441 4
548 3
182 5
262 1
316 2
294 4
341 2
416 2
323 2
24 4
597 7
389 5
723 2
779 4
645 5
98 3
191 3
452 3
299 7
14 5
226 3
147 3
231 2
45 2
132 5
465 2
543 2
400 6
236 2
506 3
789 3
319 2
442 4
460 5
685 4
516 5
382 4
451 2
47 4
196 5
19 3
514 5
90 5
491 8
33 4
111 2
157 2
477 3
362 4
697 1
662 5
53 2
41 5
545 2
555 2
145 2
391 5
604 1
676 1
372 6
58 4
224 2
703 3
273 1
222 5
461 1
3 3
583 3
401 5
308 4
264 4
336 3
786 6
661 2
8 4
129 2
587 2
175 3
168 2
640 4
352 3
315 2
495 4
547 4
528 5
536 3
404 3
283 4
267 5
355 3
305 2
369 5
349 4
535 3
69 2
614 7
216 4
158 6
425 2
403 2
361 2
753 4
539 2
617 4
618 1
601 3
650 5
448 2
140 6
302 9
574 6
615 3
282 3
395 2
732 2
688 4
121 1
768 4
338 2
686 1
653 4
52 2
194 1
139 3
636 2
188 2
625 3
631 3
364 5
585 1
736 4
520 3
388 2
26 3
594 2
542 3
743 2
9 2
590 1
765 1
479 3
384 2
159 3
675 2
279 3
234 3
517 2
417 2
424 1
44 4
160 4
717 3
423 2
284 3
394 3
735 2
746 5
110 3
348 4
228 4
414 3
715 1
75 3
700 3
7 3
342 2
667 1
91 4
673 2
431 2
469 5
314 3
440 2
59 1
727 3
289 3
564 2
334 2
711 2
649 2
151 3
421 4
201 2
209 2
699 2
328 3
568 5
790 6
392 1
762 4
353 3
493 2
488 3
724 4
445 5
486 2
321 3
374 3
476 1
252 4
377 2
480 5
331 2
500 2
165 2
785 3
674 2
257 3
146 2
42 1
485 3
163 1
726 3
426 4
709 3
137 4
241 3
303 3
562 1
523 2
133 4
776 5
596 3
223 4
180 1
407 4
692 4
380 4
463 4
499 1
71 2
367 3
87 3
532 2
748 3
126 3
759 1
292 3
668 2
455 2
253 4
172 1
122 5
36 1
756 4
512 5
29 3
270 1
214 7
274 4
745 5
458 2
584 1
238 3
607 3
712 3
376 2
413 3
393 2
624 6
275 4
569 4
708 1
89 2
368 4
721 3
256 3
793 4
329 4
114 2
760 2
272 3
769 4
581 2
647 2
109 2
96 5
464 4
115 4
197 1
519 6
300 3
278 2
573 3
55 5
310 3
265 4
187 2
233 2
433 5
304 3
750 4
626 2
449 2
142 2
415 1
287 2
301 1
706 1
730 1
484 2
593 4
97 2
250 2
243 1
704 2
173 3
778 3
339 3
371 1
35 1
332 2
219 2
578 2
798 1
245 1
17 3
239 2
354 2
439 3
176 2
507 1
550 2
93 2
796 4
670 2
683 4
630 3
370 2
718 3
734 1
788 4
572 2
620 3
792 4
534 1
269 1
687 2
690 2
385 5
515 2
475 2
169 3
719 2
290 2
427 2
408 4
22 2
677 3
797 2
25 2
701 1
136 3
716 2
602 3
556 1
490 2
549 1
76 2
651 3
383 2
207 3
751 5
664 2
244 3
212 2
118 2
492 2
359 1
43 2
51 3
67 2
671 3
666 3
12 1
77 2
478 5
357 2
754 3
522 1
510 1
318 1
411 4
144 3
437 1
95 2
567 2
599 4
612 2
641 1
770 1
72 2
638 4
5 5
74 1
795 2
436 2
579 3
483 3
280 5
350 4
208 1
698 2
120 2
347 2
15 2
399 2
204 1
397 2
454 2
179 1
70 1
217 1
127 2
429 1
108 3
772 1
119 2
117 3
566 1
508 1
546 1
530 1
781 2
610 1
333 3
702 2
178 1
48 2
134 3
747 1
553 2
525 3
62 2
402 1
386 1
166 2
296 1
459 2
420 1
737 2
682 1
580 2
656 3
468 1
185 3
681 1
39 1
598 2
571 1
527 1
524 3
167 1
181 2
123 3
526 1
326 1
657 2
505 4
84 1
637 1
591 1
489 2
240 1
755 2
230 1
113 2
733 1
503 1
309 2
268 2
155 4
660 1
652 2
738 2
363 2
116 1
761 1
679 1
60 1
586 1
277 1
295 1
588 4
189 1
406 3
739 1
621 1
611 2
410 1
46 1
100 1
104 1
799 2
307 4
533 1
456 1
447 1
551 1
541 1
86 1
619 2
206 1
221 1
57 2
366 2
247 1
103 1
66 1
106 1
509 2
293 1
124 1
474 2
32 1
227 1
170 2
777 1
707 1
432 1
558 1
603 1
285 1
794 1
462 1
99 1
player: 15 Competitive
714 2
395 4
485 4
96 4
534 1
248 1
578 1
562 1
325 3
463 4
253 4
465 3
275 3
367 2
742 6
569 3
232 2
655 2
555 2
155 6
332 7
592 5
583 6
788 4
104 3
327 4
162 2
223 3
658 3
74 2
484 4
551 1
672 4
582 4
635 5
338 4
319 3
285 7
316 1
93 4
360 2
27 5
525 4
144 1
612 6
652 5
12 5
195 6
705 6
116 2
97 1
305 5
185 2
363 1
537 4
214 3
267 4
409 4
258 3
128 1
243 3
405 5
67 4
205 6
6 3
702 4
656 2
520 6
401 2
131 3
790 7
681 2
424 1
273 4
513 3
423 6
770 3
726 1
115 4
179 3
478 1
787 5
158 1
552 8
468 2
335 3
13 3
1 3
60 2
796 2
653 7
368 2
9 5
404 3
153 6
591 2
785 3
382 5
118 5
614 3
593 3
117 5
685 2
434 4
300 3
697 3
699 1
718 3
193 3
597 4
101 3
566 2
572 5
599 4
326 2
381 2
759 3
527 4
514 2
271 1
749 1
627 2
772 3
85 7
497 2
634 5
576 3
679 7
124 5
33 7
581 2
364 3
768 3
629 2
765 2
557 2
200 3
619 5
628 3
136 1
425 1
568 2
154 2
328 2
110 3
467 6
741 2
103 4
587 2
351 4
415 2
272 2
509 6
307 3
694 4
352 3
506 8
650 3
119 6
707 4
661 6
16 3
41 3
63 3
795 5
32 3
601 2
190 4
324 3
493 2
428 4
564 2
606 3
126 4
336 4
65 2
782 2
109 2
642 4
715 6
55 4
359 4
274 6
231 2
543 6
671 3
451 3
536 3
773 7
123 3
39 7
610 3
35 4
34 4
286 3
36 3
330 4
519 1
495 2
62 2
626 8
251 3
766 4
397 2
189 2
166 4
130 2
369 4
734 4
459 3
644 4
542 3
207 4
228 1
530 5
19 5
377 3
238 8
747 1
219 1
210 5
441 1
29 5
712 3
477 4
602 1
146 3
684 5
199 1
278 3
422 6
622 2
30 3
669 3
303 5
732 4
758 2
501 3
127 2
357 3
281 3
236 3
191 2
492 3
682 5
89 2
226 6
675 3
298 2
156 4
529 5
135 4
259 4
488 3
730 6
106 3
341 2
588 5
561 2
390 3
464 3
334 1
500 3
603 2
100 3
356 3
53 2
315 3
11 5
42 2
784 1
77 3
538 3
279 5
724 5
66 2
159 5
480 2
245 4
728 4
216 2
798 4
349 4
659 2
208 1
306 2
145 1
454 2
21 3
479 3
149 1
2 3
114 3
431 2
337 2
84 4
202 2
147 2
523 2
321 2
731 2
549 3
680 1
550 3
18 4
94 4
470 2
157 5
95 1
391 2
91 2
150 3
449 4
452 3
261 2
632 1
567 4
49 2
317 3
50 6
631 8
754 1
173 3
739 4
160 4
429 4
524 4
476 3
411 5
400 5
466 1
171 1
665 4
618 2
313 2
314 4
624 2
294 5
289 3
333 5
304 4
636 4
242 3
760 2
700 5
693 4
637 2
24 2
138 3
573 1
414 4
322 6
657 2
446 3
710 2
331 2
777 5
284 2
645 4
266 4
217 1
71 2
280 4
528 2
346 4
270 2
23 4
794 2
413 4
239 2
58 3
54 4
196 4
472 4
649 2
689 3
287 2
14 2
339 2
481 3
507 4
575 2
398 1
344 1
473 2
456 2
230 6
704 2
79 2
375 1
7 3
633 3
706 1
792 3
68 2
717 3
320 1
348 1
596 1
775 4
609 3
471 3
522 1
521 2
674 4
565 3
215 2
80 3
443 3
376 3
255 4
748 1
736 4
744 2
436 2
607 4
793 1
673 5
263 2
416 2
8 5
721 3
22 1
161 2
751 3
474 4
544 5
688 2
83 2
783 5
646 5
295 1
222 3
288 1
781 2
676 4
209 1
713 4
392 3
340 4
257 2
292 5
486 2
269 2
455 4
643 3
532 2
366 3
774 3
169 4
648 1
350 1
86 3
198 4
64 6
442 3
458 3
457 2
708 5
165 5
387 1
353 3
421 2
462 3
92 3
143 3
406 2
647 1
211 2
260 5
323 6
546 3
343 2
613 3
438 5
654 2
433 2
90 3
373 1
180 5
28 4
389 2
386 2
554 2
133 2
716 4
45 1
265 5
461 2
789 1
503 2
496 4
111 1
372 4
308 3
25 2
563 1
430 2
579 4
692 5
227 2
701 2
469 2
584 2
540 3
664 4
432 2
141 1
47 1
69 1
639 2
590 2
475 5
640 2
172 2
72 1
240 1
623 2
761 1
206 2
660 4
139 2
70 3
586 1
651 1
756 3
234 2
518 2
412 1
791 2
282 1
17 2
309 2
394 1
151 1
667 2
225 1
556 1
780 1
174 4
763 2
256 3
408 2
134 3
246 1
638 2
517 2
502 1
767 1
250 2
201 1
102 1
399 1
15 3
254 2
687 1
244 3
140 2
621 3
453 3
771 3
662 2
233 4
740 2
620 1
580 4
4 2
358 2
293 3
310 2
418 1
512 3
757 1
177 3
393 3
727 1
299 2
686 4
20 2
361 1
439 3
186 3
799 2
738 1
755 4
137 4
450 2
388 1
383 1
594 2
403 2
81 1
168 3
229 1
148 3
178 2
249 4
170 3
184 1
362 2
112 2
342 2
490 1
545 1
426 2
600 2
437 1
776 2
38 1
719 2
163 2
571 1
696 1
560 2
56 2
531 3
183 1
786 3
188 1
577 1
378 1
26 4
548 1
460 4
120 1
797 3
365 1
142 2
417 2
608 1
703 3
598 1
745 4
224 1
182 2
75 1
678 4
121 2
435 2
297 2
276 1
720 4
750 1
723 4
695 1
498 1
753 1
595 1
312 1
175 2
167 3
345 2
725 3
611 1
51 1
491 3
407 2
73 1
212 1
197 1
515 1
668 2
670 2
574 1
354 1
737 1
779 3
617 1
499 3
40 1
247 1
59 3
764 1
125 2
105 2
204 2
113 1
302 3
558 1
379 2
539 1
57 1
220 1
371 1
291 2
427 1
82 1
677 1
221 3
691 1
526 1
235 1
290 1
746 1
483 2
447 1
585 3
43 1
76 2
164 1
630 1
52 1
213 1
203 1
494 1
194 1
402 1
615 2
374 1
690 1
419 1
384 2
709 3
88 3
5 1
711 3
448 1
268 1
37 1
482 1
396 1
355 1
735 1
318 1
570 1
152 1
516 1
752 1
252 1
444 3
237 1
616 1
78 1
10 1
510 1
663 1
player: 1 Altruist
662 3
650 3
483 2
221 6
132 4
311 4
416 4
677 1
715 2
502 4
728 3
137 6
91 3
294 2
101 2
792 6
187 1
213 4
82 5
463 2
250 5
229 3
200 3
47 6
9 9
293 5
567 1
182 4
585 5
3 4
330 5
8 3
220 3
114 2
163 8
256 3
624 3
123 1
739 3
251 4
248 2
720 4
97 3
726 1
143 3
21 4
57 3
245 3
103 4
768 6
686 5
164 4
29 3
329 3
446 3
298 5
779 2
670 2
46 4
367 1
320 5
133 2
566 2
782 2
490 5
147 4
383 7
790 2
348 3
472 2
253 3
733 3
489 2
642 2
775 3
379 1
34 2
174 4
5 9
697 2
420 3
412 4
707 4
153 3
148 3
230 9
360 2
532 3
371 2
7 5
594 1
78 5
194 4
387 2
211 3
268 1
340 4
339 5
495 4
291 5
588 1
179 1
774 5
116 4
252 7
539 3
159 5
171 2
241 1
309 2
249 2
426 5
228 4
267 5
405 4
327 5
272 4
96 1
508 3
326 3
305 2
423 2
216 1
725 3
355 2
583 3
385 5
207 3
527 1
721 4
75 2
577 3
374 9
370 5
487 3
410 3
209 4
56 4
204 2
238 4
76 1
523 4
375 2
634 4
84 3
191 2
626 2
470 3
390 5
652 3
160 3
338 1
598 1
328 4
680 3
368 2
550 3
89 2
130 3
643 1
761 3
269 4
236 2
196 3
60 2
753 2
254 2
217 3
186 3
731 2
51 3
396 2
74 4
679 1
572 3
167 2
750 5
244 2
515 4
459 2
724 2
409 4
419 4
343 3
188 1
672 2
478 2
313 2
146 3
93 7
791 1
234 8
380 4
421 3
595 1
1 5
306 1
580 3
242 2
318 6
646 1
122 2
296 5
673 4
765 3
436 3
414 3
113 5
799 2
277 1
542 1
218 5
504 2
617 4
415 5
240 2
393 3
362 2
581 3
19 4
654 3
336 3
237 2
574 2
289 3
533 4
178 5
741 2
303 1
763 5
552 2
50 2
231 3
445 1
462 1
185 6
40 4
110 3
709 1
743 1
656 3
510 3
491 3
54 4
20 3
488 1
480 3
496 2
736 5
464 2
83 2
285 1
748 3
640 3
668 6
526 3
398 5
158 5
443 4
62 3
628 2
788 3
352 7
547 2
546 6
349 3
376 5
324 3
589 3
711 3
354 2
288 7
134 5
625 3
705 6
485 4
195 5
610 2
43 4
144 3
325 3
302 1
77 1
79 3
315 3
648 4
258 2
246 5
92 1
756 2
126 2
777 4
664 3
235 5
118 5
716 1
602 2
260 7
511 3
6 5
512 2
590 2
369 1
332 1
266 4
386 3
699 3
758 4
476 4
88 3
264 3
509 3
184 7
727 3
461 3
447 7
301 4
507 2
190 2
693 4
402 1
10 1
442 5
334 1
45 3
517 4
708 3
290 3
212 1
453 2
135 4
203 3
663 3
457 2
372 1
120 5
596 2
565 2
259 5
494 2
540 6
381 5
86 6
561 1
382 5
193 4
2 1
786 2
198 4
308 2
603 2
152 2
28 3
33 1
772 2
556 3
48 3
460 3
300 3
549 1
270 2
12 4
406 1
754 3
388 1
219 2
452 3
69 4
747 3
265 3
762 2
569 3
392 4
627 1
232 4
115 1
564 1
738 1
778 3
759 2
676 3
87 3
605 1
449 3
528 2
548 3
205 5
353 4
394 5
225 5
592 2
467 4
604 2
796 3
35 5
651 5
647 2
136 2
591 2
233 2
466 2
141 4
316 3
310 3
658 1
714 2
493 4
751 3
197 4
514 1
770 2
413 5
529 1
690 1
350 6
314 2
607 7
401 3
669 2
36 5
121 2
622 2
629 1
474 2
698 3
16 2
363 4
323 3
475 5
492 4
755 1
4 3
227 1
703 2
400 3
73 2
579 2
631 3
176 5
356 3
609 4
729 3
49 3
24 4
111 2
688 2
637 3
425 3
675 4
545 4
391 3
740 4
440 1
275 5
44 3
15 2
611 3
644 1
789 3
319 3
468 4
145 4
458 4
506 3
685 3
620 3
465 3
694 4
601 3
534 2
283 4
450 4
389 2
70 2
39 3
345 4
206 5
377 3
417 2
23 5
11 4
131 1
764 2
434 7
635 2
361 5
783 2
127 1
706 2
456 3
67 3
150 3
106 3
497 3
621 7
109 3
395 1
94 2
407 1
192 2
278 2
454 2
297 2
505 1
600 3
576 3
366 1
444 3
13 2
544 2
438 2
737 1
486 1
215 2
226 3
280 4
543 1
342 2
125 3
357 2
102 2
746 1
37 4
177 3
282 2
156 2
432 2
170 3
618 1
766 2
608 2
64 2
558 1
575 5
683 1
169 4
166 1
154 1
619 1
175 2
255 1
615 1
787 2
424 2
61 5
482 1
365 1
769 1
107 2
347 5
214 3
562 1
321 1
500 2
469 3
26 1
501 2
27 3
568 2
281 2
578 3
481 2
128 3
734 1
451 4
531 1
560 2
687 2
180 3
243 4
518 1
441 1
32 2
671 2
52 2
718 3
612 1
38 3
584 2
623 4
785 2
358 1
570 1
723 1
287 1
537 2
299 2
210 2
551 2
18 2
649 3
271 1
403 4
58 1
767 2
22 1
247 1
199 2
81 3
499 4
261 2
744 1
633 3
701 1
520 1
587 3
752 4
696 3
653 3
317 1
422 2
55 2
681 1
689 2
780 1
431 1
304 4
68 2
428 1
448 3
781 1
557 2
435 6
98 3
516 3
599 3
31 2
286 3
364 2
632 3
404 1
181 1
105 1
498 2
66 2
117 1
682 1
312 2
239 2
674 1
95 1
795 3
473 2
479 3
541 1
471 2
72 2
292 3
429 1
665 2
337 2
222 2
59 2
713 3
437 3
307 3
455 1
63 3
151 1
678 1
100 3
524 1
702 1
692 1
90 3
710 1
378 2
165 1
284 2
408 1
201 2
418 3
295 1
513 1
202 2
149 1
189 2
666 2
757 2
704 2
593 2
553 1
25 1
273 1
157 2
439 1
274 3
519 2
223 1
745 1
433 1
794 1
341 2
536 1
717 1
749 1
262 1
30 4
719 1
399 1
563 2
659 2
108 1
793 2
427 1
559 1
555 1
112 1
606 1
645 1
17 1
257 3
667 1
503 1
335 1
322 2
582 1
655 1
85 1
14 1
104 2
430 1
700 1
530 1
638 1
373 2
71 1
161 1
224 1
129 1
411 1
586 1
525 1
798 1
138 1
208 1
613 1
760 1
732 1
142 1
140 1
player: 3 Altruist
287 1
260 2
548 6
480 7
780 4
40 3
274 3
8 3
349 3
517 5
776 2
259 6
216 4
751 2
219 2
468 3
528 4
339 4
496 1
250 7
390 3
225 5
214 7
538 3
58 4
415 4
720 3
224 3
82 4
297 2
684 5
488 3
293 2
70 4
440 5
735 3
83 4
650 8
580 4
615 3
699 4
129 5
325 6
469 4
598 2
388 4
625 2
762 3
283 5
359 5
484 2
683 2
565 2
2 3
579 3
321 3
132 2
448 2
734 1
90 1
131 4
417 4
289 7
300 4
513 6
730 3
795 3
30 2
357 3
125 6
278 5
5 6
93 4
117 4
632 3
549 3
709 3
464 2
26 4
256 5
304 3
677 1
202 3
280 3
697 2
205 3
59 2
158 6
118 5
688 5
180 4
449 5
237 4
207 5
418 3
152 4
186 1
351 4
184 2
230 4
100 4
731 4
413 4
511 4
12 9
266 4
320 3
508 2
572 3
512 5
69 3
179 2
588 3
556 4
592 3
68 2
664 3
376 5
241 2
145 3
444 4
65 4
341 2
146 3
371 5
482 9
659 1
77 4
439 4
501 7
670 3
285 3
368 5
334 2
6 3
168 3
244 3
669 4
577 3
114 3
350 4
142 2
239 3
393 2
745 3
21 3
490 3
621 3
564 6
181 2
240 4
144 3
176 3
164 2
254 6
764 2
634 3
412 3
616 4
173 1
215 2
258 6
777 3
537 2
470 2
419 5
324 4
428 3
18 1
345 5
175 4
1 2
458 3
294 5
689 1
747 1
686 1
787 4
410 1
536 6
355 3
262 5
361 5
267 4
798 3
738 3
416 4
238 3
212 1
451 5
400 4
246 5
155 2
97 3
426 5
433 1
494 4
332 5
492 1
713 2
443 4
269 2
195 2
194 3
569 3
445 3
25 3
797 2
379 1
19 3
586 2
124 2
772 3
779 3
101 5
562 5
530 3
635 3
307 6
706 5
436 5
375 4
796 6
636 3
502 2
674 2
495 2
471 7
348 6
696 2
769 4
162 2
235 5
281 4
257 5
781 1
385 1
27 1
790 3
74 3
782 2
505 3
62 2
640 4
217 3
28 1
768 3
79 5
301 2
429 2
543 2
425 2
127 3
94 5
585 3
648 2
47 1
161 5
73 4
111 5
775 2
378 5
188 4
137 2
629 1
641 6
204 3
157 3
54 2
402 4
784 1
643 2
467 4
183 4
315 2
587 3
739 6
196 8
527 4
143 3
35 2
76 1
252 2
15 2
153 3
599 1
582 3
411 2
352 3
51 3
66 4
721 2
581 6
358 5
91 1
561 4
732 1
64 2
522 1
498 5
672 1
668 2
295 3
81 3
728 3
200 3
792 5
362 1
656 2
52 4
36 1
291 4
296 6
249 6
159 1
86 3
405 3
463 3
532 2
460 2
557 4
485 5
630 1
523 5
31 4
695 3
22 4
32 2
116 3
638 2
441 3
547 1
150 2
3 3
276 2
690 6
247 3
42 3
403 3
292 6
85 4
618 2
277 3
568 1
515 6
39 3
783 1
487 4
309 2
654 3
312 4
360 4
33 2
652 1
302 5
115 1
306 1
174 3
687 2
336 2
647 3
365 5
619 2
452 3
182 2
329 4
387 2
199 4
75 6
604 2
394 2
755 3
611 3
539 3
271 2
760 4
395 3
631 1
453 4
328 2
165 1
60 3
765 3
123 2
455 1
589 3
189 2
268 3
593 2
454 2
14 4
46 3
529 2
380 1
89 3
620 1
43 1
712 1
788 6
192 1
398 5
459 3
88 4
38 3
575 6
715 2
226 3
41 5
9 4
78 2
646 3
343 3
71 1
678 4
261 2
381 1
657 4
742 2
703 1
716 2
761 3
766 1
553 4
87 2
72 3
263 5
169 2
96 5
550 1
201 2
778 2
627 3
409 3
602 3
462 5
507 2
172 4
53 4
723 2
231 2
221 4
763 2
544 2
476 4
317 3
741 1
44 1
655 3
442 4
486 4
156 4
136 1
386 3
149 2
427 5
160 5
17 1
248 2
383 4
130 3
373 6
667 5
228 3
50 2
316 1
290 3
330 3
504 1
213 1
354 3
279 3
500 4
63 1
422 3
642 1
374 3
99 4
178 3
92 1
382 2
323 2
243 2
516 2
600 1
595 1
191 7
503 4
7 4
326 3
489 4
708 2
322 4
680 3
408 1
148 2
649 3
770 4
139 1
610 5
612 2
749 1
126 3
743 1
102 4
112 3
108 1
521 1
106 2
335 3
478 2
369 5
714 1
197 4
622 4
229 2
506 2
628 1
639 1
466 2
601 2
347 2
626 1
608 4
624 3
286 4
421 3
584 5
773 3
275 3
789 1
406 1
724 2
273 6
510 1
519 3
107 1
711 1
609 5
270 1
37 2
61 6
555 3
404 3
340 4
710 2
327 3
726 2
141 1
170 1
514 1
29 2
134 2
311 2
265 2
377 1
676 1
120 2
356 1
396 4
423 2
754 1
447 2
531 2
757 1
685 1
545 3
95 2
222 2
167 4
392 3
541 2
725 1
614 1
140 1
109 2
570 2
693 2
526 1
16 1
450 1
461 2
563 1
303 1
717 1
55 1
370 1
736 1
13 1
128 4
794 2
552 3
391 3
203 1
338 4
786 2
432 2
57 1
193 2
121 1
4 1
681 2
583 1
210 3
719 1
542 3
209 2
177 1
793 2
607 2
208 2
227 4
49 2
364 1
457 3
104 2
314 3
135 3
651 1
147 2
198 4
333 1
23 1
253 1
692 2
401 3
759 2
597 3
662 1
578 1
154 1
475 3
633 4
698 3
10 3
675 1
282 3
660 2
722 1
558 2
637 2
737 1
574 2
242 1
264 2
255 2
661 1
84 2
653 2
596 2
718 1
138 2
591 3
767 2
272 3
299 1
518 1
163 1
671 2
397 2
98 2
694 2
446 1
756 2
727 2
740 1
559 1
363 1
603 1
752 2
729 2
251 1
305 2
313 2
774 2
520 1
666 1
319 2
110 1
318 2
456 2
746 1
80 1
218 1
113 1
48 1
34 1
483 1
437 2
353 2
499 1
758 1
691 3
187 1
571 2
236 1
534 2
223 1
560 1
434 1
771 1
185 1
704 1
606 1
414 1
133 1
344 1
45 1
11 1
67 1
284 1
753 1
491 2
310 2
785 1
399 1
493 1
750 1
497 1
206 1
644 1
673 1
573 1
525 1
700 1
481 1
707 1
342 1
702 1
479 1
474 1
player: 9 Individualist
348 3
716 3
2 2
167 4
445 4
333 8
720 4
601 2
596 1
737 4
410 3
295 2
765 3
796 6
668 4
678 5
324 3
341 3
201 1
556 6
33 5
239 5
236 2
227 4
572 4
799 1
36 4
507 5
412 2
463 5
417 2
193 1
548 2
757 3
577 2
95 3
564 4
498 2
770 3
299 3
643 1
203 4
797 4
14 4
145 4
497 5
1 2
575 1
403 4
675 3
458 2
196 4
93 5
342 1
375 7
623 5
168 3
433 6
40 6
329 3
602 3
499 1
672 6
243 3
191 4
282 2
746 4
486 4
148 2
791 3
32 4
727 2
585 4
495 3
298 3
480 3
462 7
604 2
165 5
57 3
588 3
521 1
739 2
558 1
288 5
284 6
257 2
146 3
229 3
249 1
447 2
557 5
750 5
520 2
222 4
190 3
90 4
312 4
526 3
395 5
309 5
767 3
71 3
552 3
174 4
637 3
367 6
690 2
43 1
231 7
344 3
396 3
293 2
785 2
89 3
280 8
460 4
47 3
576 2
501 5
354 4
157 5
328 3
310 5
431 1
275 3
428 4
773 3
609 4
569 3
747 3
45 1
68 3
728 6
696 2
371 3
31 1
359 3
48 3
634 1
589 2
82 7
642 1
198 3
317 2
319 3
218 5
782 3
120 5
373 3
311 6
655 4
9 1
374 4
641 4
694 3
474 3
611 3
305 5
713 2
345 2
7 5
758 4
273 3
438 1
20 1
314 3
315 4
522 3
437 2
756 4
616 1
489 3
217 7
171 6
149 4
680 5
531 2
205 4
104 1
292 5
402 5
749 3
285 3
776 3
436 3
372 2
302 3
80 3
472 4
340 3
134 4
511 2
633 4
176 3
554 1
216 3
454 2
639 4
610 5
540 6
659 2
443 4
187 2
467 2
336 2
590 3
651 2
313 5
652 3
180 3
408 5
407 7
59 5
101 3
16 3
653 1
582 3
591 3
39 5
10 3
290 4
242 1
108 3
327 4
11 4
55 3
129 4
347 1
606 2
87 4
56 6
267 2
258 2
225 3
325 4
83 3
399 1
362 2
519 2
654 3
128 1
506 2
304 1
759 2
481 7
301 4
504 3
740 3
240 4
308 2
102 3
318 1
783 1
131 2
563 3
666 4
291 3
316 2
726 2
277 4
260 4
715 2
544 1
677 3
156 3
701 3
211 3
143 3
147 5
368 6
592 4
549 4
269 1
790 1
416 3
390 5
496 5
352 3
494 5
245 6
505 1
762 4
422 8
132 1
448 4
331 5
487 3
464 2
202 1
233 2
326 4
365 2
122 4
42 3
465 3
383 6
361 6
78 2
600 1
139 4
3 5
714 3
220 2
488 3
533 2
397 2
127 2
173 5
179 3
97 4
223 2
192 1
640 1
268 1
705 6
114 6
711 2
130 3
717 3
100 3
224 4
181 2
270 2
52 2
366 1
517 4
125 2
219 1
625 4
116 3
780 2
413 2
691 2
698 2
387 2
492 1
13 2
518 2
444 3
254 4
360 3
339 4
628 2
274 3
289 3
545 2
719 3
111 5
661 1
115 2
729 3
138 2
426 2
442 2
159 4
334 3
484 3
459 5
76 2
621 3
419 2
17 4
502 1
54 4
525 3
570 2
597 1
19 3
768 4
485 4
515 2
760 2
439 2
635 1
771 2
534 1
266 3
283 5
392 4
414 1
535 2
695 3
409 1
532 3
594 3
322 3
457 3
158 3
200 3
781 2
674 1
150 1
627 2
798 2
466 3
742 2
263 3
555 3
66 3
265 2
483 5
676 1
683 2
210 3
252 7
28 4
734 3
491 3
755 5
24 6
161 1
15 2
107 3
25 2
212 5
118 6
614 3
536 1
92 2
730 1
321 4
72 2
172 5
684 1
175 5
75 4
645 5
209 5
259 2
423 4
358 1
182 3
121 3
379 3
178 1
271 3
453 5
647 1
188 2
697 1
703 1
775 7
91 3
509 3
411 1
435 3
34 4
429 2
247 2
723 3
699 4
470 2
44 3
420 1
763 2
206 3
391 3
65 4
764 3
547 2
363 2
38 3
469 1
253 2
183 1
117 3
215 4
380 1
451 7
246 4
772 2
702 1
578 7
751 1
199 5
64 4
364 3
638 2
626 2
744 1
430 3
427 3
476 6
86 4
141 2
70 2
320 4
566 3
162 2
784 2
23 3
343 4
136 2
778 2
204 2
228 1
235 4
213 2
286 2
446 4
560 2
608 2
170 3
137 4
700 3
135 2
449 2
761 3
704 2
232 2
160 3
421 3
479 1
103 3
510 1
706 2
657 3
12 3
296 1
99 3
377 2
110 2
77 2
248 2
632 2
41 1
543 2
163 2
105 2
400 3
355 4
330 5
388 2
786 5
276 3
779 3
516 2
214 2
4 2
648 1
84 4
382 2
406 2
667 1
5 2
598 2
264 4
27 2
279 1
18 2
731 1
663 2
671 3
546 2
450 3
98 2
587 4
766 2
303 1
51 2
565 1
524 5
537 2
22 3
385 2
69 3
230 2
58 4
60 3
613 2
351 2
673 1
81 1
670 1
649 3
789 1
238 2
177 4
272 2
46 3
155 2
541 2
241 1
250 1
153 1
332 3
73 3
788 4
689 2
508 1
580 2
685 2
294 2
432 3
195 4
353 3
665 1
583 2
664 2
194 1
629 2
440 1
769 2
262 1
561 1
378 3
185 3
434 3
393 1
307 3
738 1
660 4
527 2
234 1
405 4
482 3
650 4
79 2
278 1
287 2
226 1
370 3
349 1
255 1
693 2
630 1
593 3
88 3
607 2
126 3
189 2
743 3
244 6
418 1
603 5
792 1
741 2
605 3
53 4
6 1
586 1
571 3
50 1
186 4
300 1
357 1
562 1
709 1
748 1
636 3
124 3
795 2
662 2
722 1
473 2
579 3
710 2
386 2
197 2
568 1
338 4
369 2
551 2
477 2
123 3
599 1
777 1
166 1
297 1
753 1
26 2
686 1
74 1
37 1
559 1
306 1
119 2
207 1
503 2
415 3
152 1
471 1
164 1
281 2
725 2
707 2
490 2
151 2
424 3
85 1
184 2
618 1
687 1
61 1
323 1
736 1
337 2
441 1
384 1
455 2
539 2
35 1
221 1
793 2
109 1
656 3
688 1
144 1
644 1
584 1
133 1
261 1
350 2
67 1
500 1
622 1
658 2
529 1
514 1
615 1
394 1
21 1
208 1
63 1
478 1
player: 8 Individualist
429 3
777 1
2 2
737 2
128 2
563 4
198 3
385 4
8 2
122 4
428 5
302 6
59 5
639 4
7 1
756 3
21 4
162 5
209 4
134 6
659 2
64 4
657 3
329 5
127 6
518 4
443 5
416 5
370 2
179 2
588 4
682 2
106 4
542 7
29 7
194 4
529 6
328 7
107 4
456 1
126 4
44 5
191 3
440 2
364 5
587 3
723 3
765 2
372 3
512 3
286 2
725 2
469 3
297 6
39 4
636 3
121 5
19 6
458 5
567 6
656 1
760 2
455 4
780 5
649 2
371 3
466 5
210 2
644 6
448 6
560 1
326 6
734 2
461 6
277 5
581 2
732 3
258 2
354 5
746 5
118 4
572 2
114 5
360 1
613 3
769 1
583 3
105 3
451 4
463 3
427 4
260 4
487 2
509 3
503 4
143 4
177 5
337 3
762 2
386 5
271 3
795 7
159 3
303 4
664 2
132 3
782 4
3 2
199 3
153 4
214 2
156 2
192 3
161 7
710 1
548 3
348 3
388 2
110 4
27 5
571 3
401 9
325 3
421 4
382 5
267 7
31 4
224 4
160 3
142 2
248 6
573 3
395 4
711 4
411 2
324 2
60 5
363 7
36 5
310 5
634 1
472 3
239 5
238 4
294 5
628 6
375 7
798 2
413 2
146 5
618 1
514 4
87 6
773 3
84 5
268 3
352 1
33 4
533 4
323 4
108 1
537 5
316 6
343 2
755 5
88 1
230 1
384 3
482 5
378 1
255 3
643 3
223 4
462 2
766 3
72 5
262 5
269 2
211 4
667 3
604 2
381 2
345 1
55 2
531 2
217 4
598 4
280 4
695 1
582 1
358 2
792 4
151 5
282 4
391 1
204 2
435 4
763 6
185 5
94 4
184 3
397 4
154 2
77 3
551 3
229 2
236 2
150 2
190 7
357 5
52 3
338 4
346 3
507 4
751 1
376 3
729 3
558 5
321 4
83 2
445 2
597 2
392 2
701 3
86 2
753 3
556 3
273 5
546 2
232 4
676 2
65 3
607 1
115 3
53 2
104 1
206 4
5 3
627 5
56 5
253 9
619 5
369 4
322 8
480 4
235 5
789 3
497 2
408 5
406 3
539 2
226 4
46 2
103 1
76 1
272 2
669 3
275 2
342 2
62 3
244 2
312 3
263 1
216 4
12 5
611 2
491 3
779 3
645 4
674 1
377 2
446 3
424 5
71 4
691 3
266 5
135 6
525 3
510 2
622 3
591 5
683 5
213 3
116 2
169 5
296 2
200 3
696 4
183 3
317 2
174 1
693 2
418 5
336 2
361 3
145 3
131 5
400 2
460 2
744 1
327 5
69 3
772 3
311 4
102 5
715 2
4 2
219 2
621 3
650 2
477 4
227 1
596 2
113 3
335 4
139 1
247 4
783 4
90 2
733 2
478 2
422 6
396 4
320 3
212 5
516 5
444 5
34 4
535 3
250 5
719 3
180 3
702 4
293 4
249 3
243 1
45 2
67 2
353 4
368 3
605 2
399 3
552 3
246 3
586 3
686 4
78 2
138 1
221 5
28 1
704 3
703 3
319 6
414 2
308 1
749 3
470 4
759 3
149 2
786 2
495 2
555 3
494 1
511 3
640 4
423 3
403 2
170 5
276 4
89 3
61 5
207 2
493 2
547 3
580 3
688 2
333 2
681 5
32 2
50 2
433 4
501 4
314 6
485 3
257 4
590 1
609 2
464 2
287 2
787 4
492 6
559 3
254 3
38 1
743 2
481 5
26 2
165 5
225 3
483 5
600 3
522 3
186 2
96 4
389 5
349 3
791 4
292 9
675 1
58 1
231 1
245 4
679 4
689 2
520 2
284 2
197 1
359 2
242 2
66 3
484 2
498 1
593 3
208 2
42 4
697 2
655 2
631 1
259 2
189 2
109 4
434 4
175 2
612 1
407 5
117 3
660 5
289 5
530 2
784 2
330 6
81 2
545 2
651 3
137 2
770 3
449 1
136 2
438 4
757 1
673 2
486 3
432 3
735 2
240 3
441 2
517 2
499 3
767 2
57 3
97 2
356 8
252 6
124 2
218 3
125 4
315 4
635 2
641 4
793 4
616 2
713 3
603 6
774 3
73 2
35 2
764 2
120 4
193 2
776 1
543 1
367 1
638 2
281 2
496 1
579 2
75 2
332 4
341 4
648 3
566 1
436 2
788 5
678 1
290 3
666 1
393 4
550 1
578 3
474 4
540 3
373 1
14 2
365 3
23 5
589 3
565 3
748 2
285 3
541 3
283 2
187 2
20 2
417 2
637 3
22 3
442 4
624 3
557 2
205 2
584 2
270 2
663 4
425 1
70 5
761 1
625 1
457 2
203 1
405 2
63 1
775 4
101 3
256 2
318 2
166 4
602 2
736 1
694 2
740 2
661 1
123 4
80 2
49 1
684 3
431 3
15 2
144 1
642 1
705 2
220 1
41 2
615 1
595 2
690 2
74 1
344 1
488 2
152 2
752 2
420 5
513 2
524 2
278 1
502 2
155 1
233 2
173 2
778 2
538 2
724 2
112 1
454 3
92 1
699 2
37 1
383 1
489 2
534 2
665 1
536 2
380 2
599 1
553 1
473 3
515 1
351 2
158 1
620 2
167 2
18 2
340 1
519 1
465 4
251 2
265 2
726 3
299 2
479 3
528 1
608 2
532 3
54 2
500 2
241 3
453 1
339 1
43 1
709 2
133 2
685 3
614 1
234 2
298 4
13 1
79 2
452 2
16 2
577 2
592 1
228 1
25 1
362 1
306 1
17 2
504 2
331 1
794 2
564 1
647 1
168 2
526 1
188 2
796 2
745 1
394 3
562 1
610 1
508 1
574 1
222 1
93 1
82 1
68 1
561 1
40 1
714 2
176 1
716 1
594 1
646 1
140 2
130 2
468 1
717 1
288 3
706 2
410 3
182 1
633 2
722 1
398 2
390 1
731 1
412 1
419 1
671 1
447 1
742 1
387 2
366 2
307 3
527 2
172 2
237 3
680 2
658 1
291 4
750 1
415 2
738 1
295 2
771 1
355 2
305 2
544 1
95 1
576 1
201 3
181 1
568 1
430 1
24 1
48 2
768 1
196 1
129 1
754 1
1 1
467 1
141 2
672 1
747 1
99 1
9 1
585 1
402 1
617 2
720 1
677 1
630 1
374 1
player: 0 Altruist
240 7
662 3
713 3
170 4
265 4
401 5
671 1
23 3
288 8
10 2
437 2
404 1
510 2
230 6
101 5
379 3
455 5
143 1
218 3
189 4
572 3
104 8
624 4
122 4
418 3
96 7
531 2
262 5
126 3
540 1
310 6
169 2
110 6
207 2
579 3
423 3
543 2
676 4
714 1
238 4
51 1
91 2
353 6
781 3
615 2
414 2
749 4
6 2
329 4
464 6
439 4
77 3
557 4
460 4
69 2
229 1
598 2
610 3
4 5
348 4
351 2
66 3
391 4
712 2
248 4
334 6
705 6
92 3
628 7
223 3
247 4
683 3
135 2
406 2
165 3
281 7
27 4
691 3
198 4
50 3
161 4
738 2
154 5
355 1
146 4
395 3
490 5
755 3
323 4
174 2
274 4
222 4
287 3
276 2
272 5
383 2
390 4
181 3
356 6
584 3
470 3
626 3
36 5
392 4
108 7
142 4
798 4
17 4
711 5
107 1
246 3
729 4
254 1
116 3
656 5
160 4
633 1
792 2
70 3
501 3
127 6
231 3
473 1
213 3
620 2
258 8
139 4
317 3
324 3
313 3
251 2
250 4
694 2
296 4
429 4
201 3
413 3
225 1
497 2
492 4
337 5
212 5
375 3
271 8
235 6
619 3
340 2
32 4
428 1
768 3
415 3
109 3
283 3
40 3
94 5
590 2
55 4
241 4
325 4
87 4
73 7
269 3
180 4
653 2
211 5
703 4
257 4
71 2
115 1
259 3
263 4
708 2
203 2
300 4
273 2
205 1
167 3
442 4
3 4
372 4
21 5
494 3
206 1
381 2
463 6
299 4
178 3
175 2
48 3
583 1
529 1
100 1
674 1
530 4
695 3
511 3
171 6
214 3
421 1
513 3
49 7
267 2
420 2
302 5
307 2
459 3
516 3
480 3
593 3
208 10
237 3
739 2
491 5
648 3
320 2
121 7
493 2
184 3
435 3
377 5
560 3
224 4
526 3
354 4
290 3
458 2
141 4
558 2
716 2
556 4
546 4
136 2
740 5
364 5
76 2
788 8
192 5
407 3
311 3
294 3
759 3
533 6
532 2
41 2
140 2
766 1
314 3
384 5
81 3
261 3
31 2
630 1
197 6
763 5
554 3
675 1
451 2
409 1
659 3
678 3
519 3
166 6
204 1
226 3
605 4
45 3
105 7
26 4
277 4
183 5
152 5
457 4
403 5
284 4
432 3
553 1
173 4
518 1
394 1
596 3
449 6
98 9
253 4
467 3
39 3
521 3
673 4
93 4
789 2
125 1
578 7
443 3
661 2
15 5
60 3
62 2
471 3
746 4
445 2
236 2
331 2
2 5
431 3
797 3
190 1
102 1
710 2
318 5
489 1
669 1
58 4
366 2
346 4
279 4
8 3
636 1
82 3
765 2
186 1
569 3
611 3
386 3
245 4
343 3
336 2
663 2
668 1
399 5
349 2
78 4
85 4
682 3
621 4
632 1
622 5
34 3
350 4
629 1
438 4
382 1
286 1
600 4
363 2
327 4
664 3
99 3
118 2
369 3
692 2
555 1
588 1
1 2
747 2
278 3
754 5
534 2
132 4
219 1
715 1
627 2
720 3
33 2
774 2
120 1
440 1
772 2
179 5
292 2
80 2
542 4
148 3
12 1
303 4
157 4
481 4
425 1
496 3
95 3
370 5
266 6
309 4
368 2
614 1
609 2
159 3
35 3
667 5
306 2
150 4
256 5
195 7
753 4
291 4
68 4
679 2
297 2
155 2
570 1
11 3
123 2
75 3
156 2
591 5
242 1
517 1
430 5
447 4
396 1
604 3
446 2
133 3
282 5
217 2
508 1
304 3
232 5
25 5
721 2
793 2
782 2
200 3
704 2
378 1
19 3
114 2
562 4
606 3
117 3
63 3
701 1
227 1
479 2
83 3
13 2
503 1
361 4
215 2
280 2
686 3
422 2
18 2
312 3
576 1
498 2
642 3
252 3
131 1
552 5
330 2
244 3
298 1
22 1
650 4
308 2
751 3
357 1
441 1
603 2
466 1
477 3
779 2
592 2
347 1
352 3
188 4
61 3
344 2
509 1
387 3
373 3
550 5
144 2
482 6
220 5
575 3
702 1
194 1
486 4
172 2
785 4
527 1
597 2
544 1
709 2
528 2
185 1
589 1
760 1
617 1
202 5
424 4
780 4
400 6
585 2
699 3
625 1
566 1
408 5
216 3
124 4
750 5
601 1
113 2
783 1
345 4
796 4
778 3
660 3
483 1
5 4
537 4
426 4
444 1
89 1
450 2
106 2
112 4
696 3
539 2
637 1
638 3
723 4
196 2
773 1
499 3
268 3
684 4
475 2
103 3
46 3
775 5
635 1
56 2
199 4
7 4
474 3
67 4
476 2
731 3
335 3
655 1
295 3
65 2
193 4
719 2
52 1
500 1
602 1
24 1
453 2
791 1
417 3
388 3
151 3
631 1
177 1
563 1
559 2
393 4
690 4
706 4
397 1
270 2
130 1
523 2
654 2
767 2
487 2
689 2
524 2
594 3
147 1
525 1
153 2
495 1
732 2
761 2
168 2
718 3
182 2
427 3
54 1
20 1
264 3
666 3
44 3
515 4
233 4
119 3
697 2
741 1
452 2
665 2
647 1
210 2
289 2
332 4
234 1
616 1
255 2
187 1
652 3
707 1
134 3
574 2
90 2
730 1
358 1
742 2
380 1
545 3
728 3
228 2
97 2
321 3
448 2
38 2
398 2
644 3
612 1
362 3
549 2
385 2
275 1
771 1
504 2
582 1
342 1
693 2
567 3
502 2
84 1
333 3
9 2
595 3
326 4
376 1
658 1
43 1
565 2
735 1
42 2
111 2
14 1
608 2
57 2
680 2
581 1
478 1
756 2
639 1
221 2
700 2
402 4
367 2
162 1
745 2
149 1
488 1
469 1
128 1
505 2
564 2
371 1
305 2
86 1
285 2
618 2
573 1
293 1
47 1
389 2
734 2
412 1
541 1
209 1
339 2
419 1
561 2
176 1
472 1
315 2
643 1
16 2
145 1
770 1
722 1
512 1
405 1
341 1
649 2
726 1
436 1
794 1
322 2
164 2
520 1
645 2
758 1
777 3
191 1
752 1
651 2
507 2
547 1
29 1
698 2
685 1
365 2
456 1
641 2
249 1
374 1
790 1
623 1
411 1
359 3
514 1
410 1
74 1
462 1
762 1
434 1
88 1
158 1
260 1
744 1
player: 16 Competitive
605 3
102 2
368 3
85 1
98 4
701 2
41 1
544 7
757 6
613 3
754 2
580 2
721 6
469 3
437 2
472 7
682 4
92 4
84 2
700 3
99 5
188 4
140 7
670 3
229 6
252 3
355 2
336 4
327 3
436 2
354 6
566 3
616 5
55 6
400 3
362 1
148 6
668 3
144 5
33 2
637 5
151 2
416 1
579 5
703 6
704 3
583 5
565 2
302 4
72 3
666 2
727 5
772 5
30 5
158 3
795 3
59 2
215 4
290 5
224 4
104 7
752 5
34 4
423 4
214 3
91 1
525 1
284 3
756 2
493 2
571 3
646 6
763 2
618 3
359 2
414 3
451 2
542 4
612 2
672 2
608 6
238 4
3 3
80 4
619 4
283 4
337 3
334 2
196 3
425 1
626 6
218 4
106 4
236 3
388 4
227 5
432 3
300 2
108 4
394 2
226 3
745 5
32 4
547 3
299 5
199 1
67 3
501 2
177 3
712 3
156 3
782 2
628 3
724 2
372 2
157 4
26 3
649 4
504 2
632 3
691 2
143 5
87 5
577 5
323 5
25 2
496 1
409 4
126 3
42 4
316 2
573 2
728 6
232 3
582 3
725 5
21 4
117 3
411 3
576 4
342 3
558 2
310 1
269 2
765 3
797 4
204 1
369 3
119 2
635 1
135 5
421 3
221 4
141 4
37 2
708 3
60 4
332 2
431 2
555 3
228 4
651 3
783 4
374 4
275 4
690 1
665 3
663 4
147 4
434 2
201 4
278 3
644 3
193 1
161 4
94 2
133 2
246 2
279 6
286 2
762 3
679 2
410 4
755 4
458 1
540 2
152 5
277 2
785 2
536 4
546 4
89 3
710 2
718 3
775 4
44 4
678 3
66 4
349 7
502 4
223 4
4 6
341 8
145 3
391 4
513 2
486 2
12 4
134 4
385 2
716 4
154 4
686 3
160 3
253 4
273 2
24 6
46 4
276 4
720 6
100 2
731 1
200 1
412 2
248 4
326 3
734 6
353 2
461 5
726 4
456 4
61 4
572 5
88 3
735 2
303 6
622 4
702 4
713 5
356 3
179 2
213 3
315 3
563 2
294 1
52 3
101 2
671 3
539 1
295 4
113 6
19 3
53 5
219 3
357 2
767 4
742 4
522 3
231 3
83 4
330 1
550 4
511 2
516 2
358 4
81 3
281 1
68 2
103 5
401 2
588 2
657 2
130 7
655 4
426 1
625 2
271 3
528 6
63 3
377 2
116 4
309 3
13 1
729 3
74 3
741 2
773 4
373 8
8 3
404 5
771 4
23 4
643 5
352 1
307 3
393 5
664 5
325 3
118 2
417 1
477 4
529 3
482 4
509 3
424 4
640 2
792 3
692 3
740 1
203 3
208 1
31 1
506 3
153 3
407 4
47 4
422 1
769 7
661 5
764 3
181 1
738 4
379 2
185 2
131 3
75 3
599 3
216 2
623 4
656 5
748 1
770 3
452 2
20 4
689 1
652 2
17 2
347 4
230 1
28 2
471 4
538 3
301 1
744 4
260 1
172 6
249 2
650 3
586 4
556 1
524 3
530 2
296 2
320 3
490 3
29 4
780 3
698 2
487 4
685 2
51 3
64 4
535 3
594 3
574 4
150 4
304 1
235 4
298 5
129 2
781 3
415 2
190 2
233 2
255 2
348 2
760 3
545 4
533 3
798 2
406 2
787 4
520 4
510 2
514 2
212 3
272 2
142 4
57 2
361 4
173 3
268 2
351 3
418 1
165 1
209 2
329 2
697 1
639 1
631 3
162 1
115 3
453 1
137 2
257 4
367 4
376 5
624 5
5 3
318 3
440 4
170 3
444 3
195 2
732 2
1 4
254 2
696 4
442 2
427 2
97 3
120 3
683 3
198 2
387 1
241 1
22 3
611 2
263 3
695 1
317 4
733 5
519 5
40 1
76 6
328 2
674 5
609 2
743 1
345 1
408 1
505 2
460 1
344 1
662 4
498 4
58 1
680 2
776 1
684 2
584 1
149 3
473 2
183 2
630 1
14 6
541 1
669 3
642 3
280 2
163 3
111 2
186 1
621 3
381 1
112 4
784 2
184 4
202 2
225 3
365 1
197 1
595 2
648 3
719 1
443 1
155 3
786 1
433 3
250 2
79 4
308 2
107 2
258 1
159 1
667 4
587 3
709 5
220 1
768 2
18 2
634 3
287 5
606 1
673 1
707 2
601 2
11 1
591 5
128 3
127 1
350 1
508 4
568 2
446 3
333 1
681 1
636 2
575 2
292 2
559 2
512 4
192 2
180 2
389 3
247 2
62 3
495 1
420 5
758 4
454 2
237 2
463 5
526 3
543 3
492 2
288 2
722 3
647 3
242 1
234 2
139 2
264 3
534 2
319 3
206 5
146 2
699 1
459 2
517 2
688 2
168 4
715 1
382 2
261 1
266 4
761 3
50 2
466 6
270 1
766 3
491 4
78 3
602 3
449 2
759 2
174 4
627 3
751 3
167 3
138 4
475 7
739 4
176 4
779 4
589 3
65 1
390 2
561 4
171 3
419 2
499 1
706 3
585 1
243 2
694 1
39 1
339 1
730 1
537 1
593 1
71 1
7 2
567 3
289 2
723 1
476 1
676 3
95 3
468 2
324 2
36 1
532 3
399 3
96 2
205 2
560 1
45 1
136 3
467 2
86 2
239 2
603 2
371 2
578 2
430 2
494 3
178 4
291 2
9 1
191 2
105 1
747 2
615 2
124 1
629 2
705 1
378 2
604 4
515 2
507 1
481 1
166 3
110 1
564 3
654 2
121 2
73 1
132 1
43 3
27 2
551 1
314 2
384 4
438 3
402 3
123 2
338 1
313 2
321 3
531 1
790 2
570 1
462 1
441 1
429 1
480 6
789 1
322 1
282 1
489 1
455 1
189 3
478 1
265 3
552 1
450 3
590 1
306 3
398 1
479 2
210 4
796 3
569 1
164 2
312 1
474 1
597 3
363 2
256 1
392 2
380 2
749 1
413 2
175 3
93 1
521 3
562 1
364 1
592 1
711 1
503 2
750 2
244 1
405 1
600 1
794 2
448 4
518 3
267 2
125 1
240 2
182 3
16 1
774 2
788 1
714 1
581 2
610 1
447 1
557 1
746 1
54 2
693 2
211 2
383 3
222 1
484 1
717 2
340 1
485 1
439 1
554 2
445 2
778 1
69 1
620 1
194 2
553 1
793 1
488 1
464 1
35 1
331 1
386 1
598 1
633 1
274 1
15 1
82 1
653 1
259 1
677 1
109 1
player: 4 Altruist
62 5
56 1
105 6
74 3
64 5
29 3
481 4
181 3
303 4
156 3
218 3
654 4
732 2
247 3
349 2
459 3
112 1
759 3
8 1
746 3
341 3
433 3
617 2
760 3
507 1
164 3
410 2
426 3
366 3
59 4
117 3
145 5
475 4
92 1
132 6
785 4
439 3
542 4
13 3
558 2
514 3
380 5
266 3
557 6
233 1
758 2
236 9
319 4
521 2
435 4
49 3
677 3
337 2
39 2
791 3
405 2
322 3
73 2
229 4
3 4
608 1
109 2
196 5
308 1
378 6
491 3
545 3
770 1
470 3
272 4
280 3
473 5
673 2
279 3
577 3
210 5
58 4
31 5
79 4
70 5
532 3
300 9
4 3
402 2
606 1
43 3
189 1
446 3
297 3
131 4
284 9
434 3
148 3
442 1
200 3
260 8
359 5
489 1
163 3
687 2
367 5
509 3
155 2
22 6
122 2
762 3
735 5
466 4
480 2
799 1
621 5
171 3
660 1
635 3
567 3
576 3
298 3
372 2
423 5
187 2
101 3
450 5
27 1
541 2
539 4
396 4
753 5
653 6
78 3
231 3
176 2
275 3
510 2
347 3
88 4
765 3
641 3
772 4
581 1
550 1
16 3
93 6
612 4
381 2
563 3
193 1
264 5
205 3
208 4
544 1
325 3
69 2
407 3
263 2
217 3
644 3
270 6
323 5
331 5
66 3
624 5
65 6
310 3
669 6
17 4
203 4
226 4
60 1
713 4
742 3
734 2
611 3
249 1
525 6
178 4
642 4
447 6
388 2
651 4
720 2
113 2
277 8
192 5
34 4
414 2
412 3
648 6
340 3
278 5
245 4
111 3
655 1
110 4
304 4
672 3
675 1
585 3
518 6
140 1
309 5
522 4
365 4
696 7
614 3
52 2
511 1
766 3
465 4
84 3
83 5
85 3
67 1
246 4
456 2
619 4
219 2
354 6
744 4
681 1
501 3
345 3
2 4
339 3
383 3
469 4
379 2
328 3
547 2
404 7
499 2
579 2
751 1
321 2
318 5
756 4
9 2
265 4
68 1
41 3
346 4
741 2
201 7
295 5
207 2
492 2
261 2
10 4
540 1
752 3
152 2
552 2
428 2
640 2
268 2
90 6
362 3
416 4
151 4
72 3
437 1
19 5
135 4
282 2
240 5
213 6
411 4
227 5
443 6
777 2
403 2
607 1
490 2
536 2
789 4
477 5
679 5
627 2
592 3
287 3
344 4
385 7
115 2
146 6
242 2
82 2
495 2
757 3
503 4
784 3
139 4
212 2
384 3
125 3
14 3
683 5
555 1
600 2
301 1
409 7
479 3
129 6
731 2
348 3
629 1
169 3
595 1
671 2
551 5
422 5
676 1
363 4
37 3
330 4
496 5
162 3
71 2
40 3
130 4
632 1
389 1
158 2
692 4
24 5
455 2
126 4
543 2
334 2
646 3
99 1
736 4
415 2
223 2
44 5
87 1
291 2
329 2
587 2
353 5
797 5
408 3
458 1
723 3
690 2
698 1
517 1
395 3
686 2
21 2
795 1
244 3
147 3
172 6
154 3
184 4
523 1
615 2
222 5
702 1
386 4
179 3
790 1
417 3
42 2
248 3
371 5
400 2
566 1
548 5
508 4
664 5
666 2
46 3
628 4
740 3
763 2
106 2
175 2
116 3
118 3
598 2
431 4
255 3
761 4
387 4
397 6
63 4
715 4
332 6
243 3
104 1
136 2
445 4
77 3
705 4
89 1
299 2
153 2
312 4
107 4
141 3
565 4
216 3
252 3
57 4
462 3
769 2
706 3
788 4
288 3
20 5
174 3
643 2
478 4
546 4
406 5
513 2
570 2
356 2
204 1
697 4
256 2
393 2
224 2
81 3
306 4
258 4
603 1
392 1
165 1
294 2
554 4
602 2
368 2
441 4
23 3
444 3
739 2
636 2
121 4
314 2
665 3
399 3
618 5
12 2
206 2
324 4
424 1
183 2
180 2
578 2
7 2
182 1
311 2
54 1
98 2
650 6
750 3
633 3
538 2
464 2
142 4
662 1
488 3
95 3
484 2
778 3
214 4
276 4
589 2
724 1
33 2
779 4
485 2
86 2
352 3
342 3
190 5
582 2
505 4
413 3
776 2
382 4
483 3
32 3
333 3
209 2
373 4
355 2
127 4
168 1
467 4
597 4
556 4
745 2
239 4
453 3
251 2
351 2
594 4
639 4
80 2
267 1
638 1
197 1
559 2
257 3
725 3
47 2
748 1
102 4
313 2
375 3
338 2
281 3
516 1
134 4
327 1
527 1
729 2
25 3
796 6
591 3
211 3
271 5
360 2
670 1
691 1
369 1
457 2
588 4
468 4
425 2
471 4
700 2
358 2
316 3
782 1
798 1
250 3
755 2
427 2
144 3
120 1
96 3
448 3
609 1
560 1
440 7
569 3
302 2
794 2
703 2
430 2
361 2
307 2
452 3
103 2
232 2
138 1
241 5
149 1
259 2
143 1
198 1
421 3
526 2
26 2
534 3
343 3
376 2
747 2
504 2
743 3
774 3
728 1
727 1
580 1
717 3
30 2
571 2
133 1
114 5
100 2
173 3
454 1
449 3
326 2
269 2
185 1
290 1
553 2
320 4
38 1
711 1
537 4
535 2
678 1
159 2
97 5
377 1
710 2
128 2
498 1
5 2
221 2
237 1
500 2
253 3
418 4
474 1
661 2
652 1
432 1
561 2
674 1
188 2
238 3
289 1
157 1
515 1
737 2
693 2
53 1
610 1
519 1
194 1
230 3
613 3
220 2
234 2
659 1
531 3
718 1
285 2
429 4
502 2
463 2
708 3
476 1
262 2
167 2
177 2
94 3
512 1
793 1
108 2
254 2
48 2
647 3
637 1
626 2
709 1
663 1
438 1
61 1
771 1
649 3
420 1
292 1
460 2
45 1
497 2
461 1
315 2
494 1
75 3
76 2
767 1
749 2
161 2
599 1
6 2
215 2
645 3
716 1
18 1
273 2
656 1
317 1
695 2
436 1
228 1
364 2
506 1
286 1
604 2
36 1
625 1
754 1
730 1
775 3
150 1
170 1
50 1
398 1
493 1
486 2
487 1
374 2
533 1
335 2
787 2
631 1
274 1
704 2
482 1
622 1
792 1
35 1
773 1
620 2
572 2
305 1
123 2
764 1
781 1
768 2
605 1
124 1
15 1
391 1
394 1
199 1
225 1
707 2
195 1
593 1
575 1
684 1
733 1
701 1
520 1
55 1
590 1
player: 11 Individualist
98 4
434 3
270 4
105 4
149 3
702 4
245 3
372 3
258 2
41 5
737 4
187 1
484 6
255 5
147 4
222 6
154 5
509 5
379 2
305 3
4 3
328 3
788 3
630 2
123 3
760 2
239 5
213 5
130 5
754 2
426 2
370 2
601 1
238 5
695 2
12 7
359 4
201 2
719 1
225 5
670 4
92 6
355 5
693 1
263 2
381 3
711 4
224 3
709 2
246 4
786 2
312 3
197 1
38 4
317 5
588 6
153 4
481 3
136 2
321 7
257 3
143 2
330 4
546 2
612 3
9 3
591 5
171 3
165 3
282 7
457 4
96 3
55 4
425 8
404 4
724 5
180 6
189 1
645 3
473 3
478 6
356 4
430 1
553 4
323 2
420 3
758 3
133 3
521 4
537 4
240 4
210 5
767 3
233 7
501 1
161 10
453 2
583 1
113 2
476 3
747 4
689 1
352 1
121 6
571 3
519 2
365 5
790 2
25 2
281 3
520 3
227 6
531 5
441 4
793 3
194 4
199 4
218 5
416 1
584 1
590 3
540 1
250 3
464 3
516 3
705 3
296 2
718 4
400 5
708 2
115 1
59 2
229 4
597 4
445 3
792 4
617 3
763 2
623 6
378 3
215 3
524 3
621 1
275 4
444 4
582 2
95 4
691 4
748 4
567 4
108 3
249 3
274 6
7 2
423 6
497 2
193 1
491 3
575 1
696 3
79 2
480 3
785 2
447 6
15 4
78 2
589 1
638 1
405 4
586 3
773 2
200 2
572 3
314 5
700 5
382 2
32 4
271 2
163 3
498 4
52 4
669 4
101 4
598 1
74 3
757 2
351 4
435 6
261 4
472 2
534 2
241 2
287 4
1 2
294 2
295 3
422 5
388 5
490 1
18 6
394 4
432 3
176 4
139 4
384 4
603 1
511 4
526 5
34 3
443 4
192 3
671 1
334 4
512 2
510 4
344 3
698 2
350 2
676 4
799 3
605 2
595 4
76 1
102 6
438 3
460 4
781 5
232 2
390 2
596 2
729 3
787 2
487 2
223 3
22 5
57 4
60 2
393 3
310 4
536 4
300 3
517 4
479 5
14 2
728 2
20 2
375 4
442 6
302 5
127 3
467 4
82 2
779 2
168 2
554 1
99 4
11 2
186 1
440 2
752 3
209 2
338 5
315 5
298 3
276 1
316 5
152 5
796 4
80 3
236 4
346 2
417 2
87 4
753 4
242 2
308 6
751 3
146 3
228 4
717 2
466 3
340 3
544 2
407 1
217 1
713 4
247 2
545 4
770 2
732 2
488 2
342 3
731 2
403 2
138 4
655 5
649 3
632 6
288 2
371 5
750 3
482 2
675 3
446 2
458 3
607 2
409 3
335 3
573 1
577 1
235 2
579 3
175 2
167 3
688 2
73 3
798 4
85 3
551 6
36 2
361 5
761 2
391 6
135 5
6 5
413 3
380 2
284 2
65 3
43 1
616 5
256 5
475 4
262 2
226 2
91 8
286 2
651 2
574 4
325 2
611 5
279 1
291 2
66 6
454 3
681 1
587 4
527 3
560 2
500 1
327 4
207 4
309 2
547 2
699 5
125 3
451 1
377 4
686 1
77 4
411 2
191 6
418 6
221 3
178 3
660 3
339 4
185 5
706 1
211 3
39 5
151 4
265 7
561 4
61 3
81 3
184 2
548 1
654 2
704 4
68 4
142 3
353 1
397 4
116 3
780 2
726 2
307 6
63 1
542 4
383 2
13 3
100 3
331 3
69 2
486 5
3 3
366 1
624 2
131 2
129 2
503 3
122 4
661 2
697 5
450 2
692 3
743 3
663 2
46 4
157 2
369 2
410 2
455 5
396 2
124 2
349 3
462 2
170 2
641 1
188 3
56 1
782 2
367 2
448 2
664 3
264 2
610 3
205 1
505 2
268 2
21 4
402 1
477 5
301 4
535 3
437 4
629 2
619 2
50 3
452 2
5 3
269 2
360 7
555 1
552 2
332 2
755 1
84 1
324 2
744 2
678 1
580 3
244 3
635 2
93 2
495 1
642 3
155 3
16 3
333 5
297 3
292 2
514 2
290 3
742 2
90 1
489 5
784 5
71 2
318 2
647 2
198 2
70 5
358 1
569 1
107 3
45 1
362 3
433 2
183 5
162 4
341 2
562 1
463 3
31 2
585 2
89 3
159 2
293 3
72 1
368 3
776 3
764 1
507 3
37 3
196 2
363 1
772 2
722 1
337 2
251 2
740 1
62 1
212 2
549 5
299 1
710 2
738 3
259 4
429 5
797 1
578 1
459 2
182 2
44 2
783 2
515 3
762 2
272 1
304 5
94 2
506 4
289 2
414 4
306 2
2 2
311 3
791 1
280 2
126 2
392 3
538 1
347 2
204 3
398 4
190 2
164 2
613 3
685 1
28 4
541 3
609 4
208 3
120 3
563 2
734 2
179 4
565 4
148 1
768 3
354 1
114 3
266 1
428 1
343 1
29 1
648 1
634 1
118 2
622 1
237 4
564 2
273 2
277 2
97 1
106 5
765 1
83 3
615 1
156 1
374 1
606 2
620 1
166 4
119 1
160 1
680 4
739 2
117 2
173 1
485 4
672 1
539 2
64 2
652 2
558 1
683 1
134 2
494 1
253 6
518 1
278 2
602 4
424 1
177 2
668 1
469 3
626 3
158 1
230 1
470 2
195 3
150 2
419 3
694 2
386 1
389 1
636 2
376 2
774 4
436 2
111 2
690 2
493 2
103 1
254 1
283 2
58 1
684 1
715 2
26 3
745 4
471 3
653 2
570 1
701 4
644 3
248 2
30 2
449 3
137 1
550 1
703 4
285 1
559 1
181 4
260 2
707 1
322 2
502 4
640 1
568 1
789 5
643 1
174 2
658 4
203 2
618 1
395 1
406 2
206 2
769 1
631 3
234 4
508 1
721 2
581 2
733 1
109 2
730 1
387 1
439 2
326 2
357 2
533 1
27 1
714 2
604 2
112 2
594 2
674 3
665 2
110 1
415 2
408 2
40 1
220 3
132 2
777 3
492 1
679 2
656 1
525 3
608 1
141 1
47 1
659 1
219 1
401 1
637 1
17 1
771 2
252 1
557 1
19 1
75 1
759 1
364 1
23 2
543 3
88 2
348 2
513 1
522 1
677 1
499 2
345 3
267 1
385 1
172 1
650 1
35 2
599 1
523 1
483 4
529 1
576 1
720 1
749 1
639 1
231 1
461 2
456 1
51 2
319 1
169 1
667 1
682 1
633 1
775 1
600 1
593 1
723 1
329 1
player: 10 Individualist
752 3
700 2
644 4
722 2
35 4
185 5
63 2
603 3
443 6
720 2
228 2
357 4
328 5
222 1
402 4
462 4
73 5
466 2
489 5
570 2
557 3
4 4
284 2
347 2
749 4
272 4
412 5
337 4
799 3
84 4
591 3
221 5
5 4
334 2
451 2
472 5
754 2
327 3
656 4
414 2
623 4
793 4
188 3
434 4
379 6
2 4
111 4
463 4
250 2
503 2
67 2
282 2
685 2
38 4
74 1
470 3
49 2
633 1
265 5
390 3
195 4
436 2
229 3
624 3
58 4
336 6
432 2
403 5
192 7
78 2
795 4
647 2
767 4
354 7
642 3
263 2
791 3
756 6
171 5
442 4
682 3
232 4
524 4
701 2
140 3
341 5
548 2
202 8
674 1
335 4
762 1
401 4
446 3
547 3
523 2
479 2
545 3
620 4
131 4
197 2
625 2
306 1
95 3
797 5
344 1
651 2
648 4
581 3
678 1
242 5
634 4
247 2
86 2
178 5
323 2
79 6
698 5
660 2
268 3
308 3
346 5
542 2
374 4
427 1
146 3
44 3
691 3
37 2
676 4
261 4
294 5
235 4
245 5
81 2
107 3
112 8
361 2
481 6
291 2
640 1
419 4
798 3
164 7
753 1
521 2
175 4
585 4
80 5
83 3
394 2
519 4
556 2
558 2
407 5
75 5
191 6
172 2
153 1
424 4
208 2
273 7
26 2
12 4
210 4
741 4
132 3
105 5
28 4
425 3
665 4
355 4
378 4
135 3
33 1
513 2
398 4
504 2
420 2
471 2
349 4
769 4
460 4
487 2
279 7
564 2
562 2
755 5
392 1
735 8
93 5
637 4
405 5
416 2
256 5
200 2
193 5
104 6
496 5
683 3
595 2
269 3
10 3
737 4
243 3
709 2
122 3
320 6
115 3
64 3
165 5
788 4
388 2
413 4
34 1
182 3
533 4
24 6
196 3
697 4
22 3
502 3
6 2
292 3
176 5
482 5
476 8
18 3
464 3
516 4
40 4
89 8
348 4
266 1
76 2
174 1
421 2
389 3
88 5
428 2
258 3
441 1
789 3
1 3
251 4
82 3
525 3
776 2
169 3
100 4
399 3
52 3
468 3
162 5
118 1
15 2
108 3
638 2
342 5
492 1
613 5
267 5
204 6
350 3
599 2
433 3
531 3
448 3
490 2
515 2
534 3
630 2
30 3
224 1
494 2
98 1
639 3
680 4
583 3
110 3
117 5
652 2
181 6
45 7
635 2
540 6
316 4
156 2
144 3
605 5
778 1
444 5
173 3
59 6
796 1
276 3
312 4
708 2
518 4
569 3
133 1
114 2
529 2
129 3
270 1
212 4
87 4
511 2
295 4
578 1
580 8
13 4
663 3
598 4
170 1
29 2
672 1
555 2
474 6
694 1
369 4
211 7
406 2
149 4
220 2
345 2
214 3
246 3
495 6
233 4
183 5
456 3
304 1
230 4
199 2
305 4
352 4
50 1
376 3
331 6
7 2
136 1
365 2
385 2
128 3
600 1
119 2
252 2
56 4
675 4
469 1
431 7
27 2
684 4
593 1
559 2
702 4
313 4
768 2
116 2
21 3
314 6
704 2
645 2
20 3
499 1
51 1
16 5
321 4
498 4
194 3
11 5
475 5
510 4
155 4
9 3
574 1
307 5
373 1
395 3
457 3
526 4
745 7
713 3
450 2
257 1
553 4
543 1
240 3
565 2
567 1
530 1
705 2
226 2
765 3
371 2
509 1
721 3
716 2
48 2
740 5
223 4
322 2
253 3
418 2
614 1
618 3
726 3
163 1
17 2
653 2
380 2
601 1
554 3
703 2
458 2
731 4
792 5
36 1
382 2
364 3
655 2
187 3
238 2
366 2
473 2
417 2
429 2
227 4
151 4
783 1
736 1
423 4
42 2
484 3
478 1
573 1
198 3
370 2
360 3
32 5
677 3
690 1
372 4
70 3
219 3
408 4
577 6
339 3
688 2
410 1
353 1
575 2
362 2
597 1
527 4
152 1
506 2
54 2
692 2
409 1
189 2
147 2
636 3
396 5
507 1
770 2
758 3
231 4
260 6
724 1
319 2
41 3
234 3
120 4
309 4
693 2
367 5
627 3
288 3
657 1
606 2
186 3
550 3
303 4
113 4
563 2
517 2
483 4
150 3
435 7
290 3
393 2
281 3
761 3
338 2
248 1
544 3
440 5
184 2
206 4
207 4
453 5
160 3
480 4
587 1
455 2
368 4
537 2
459 1
381 3
730 2
375 4
215 4
549 1
465 1
586 2
125 1
277 2
772 4
121 1
658 1
615 2
415 3
445 2
278 4
301 3
619 4
671 2
154 4
766 2
167 1
391 1
90 4
629 3
582 2
217 3
411 3
19 3
351 3
387 1
39 4
324 2
333 2
447 1
239 2
103 2
592 4
99 1
493 1
612 1
236 1
359 2
101 2
780 2
289 2
449 3
159 1
201 3
166 2
571 2
332 2
711 2
649 2
508 2
608 1
584 2
439 5
283 2
262 2
602 4
662 2
275 3
746 3
383 2
141 2
611 4
782 2
719 2
668 1
707 2
501 2
241 2
659 1
539 1
325 2
673 4
280 1
661 1
617 2
190 2
311 2
179 3
699 1
130 1
225 1
541 1
400 2
486 3
430 3
31 2
538 2
157 1
14 3
124 2
264 2
72 4
666 2
785 2
610 1
310 2
61 2
485 1
763 1
784 1
786 2
500 5
298 2
579 1
315 2
65 1
47 1
757 1
646 2
622 2
514 4
561 2
522 3
532 2
255 2
491 2
259 1
139 3
168 3
274 1
302 2
397 2
46 3
732 2
8 2
134 2
715 1
632 2
205 1
631 1
505 3
91 1
650 1
572 2
454 2
596 1
55 1
759 1
71 2
667 1
60 1
742 2
53 2
68 2
497 1
286 2
161 1
773 1
203 1
96 1
512 3
326 1
535 1
452 1
774 1
92 1
127 1
794 1
686 3
696 1
377 4
386 1
594 2
589 3
66 1
300 1
148 1
126 2
790 2
97 1
356 4
747 1
287 1
643 1
106 2
109 1
739 1
299 1
237 2
723 1
744 1
777 1
750 1
775 1
616 2
654 1
621 2
62 1
734 1
43 2
145 1
343 1
604 2
536 2
787 1
285 1
461 2
77 1
552 1
158 1
94 2
560 1
249 1
23 1
340 1
137 1
670 2
695 1
318 1
85 1
177 1
player: 7 Individualist
170 8
412 3
216 5
770 2
652 3
243 6
203 5
325 3
766 5
452 3
27 3
194 3
563 4
640 1
22 4
122 6
252 5
692 1
12 8
182 4
76 3
371 3
777 8
334 2
256 3
761 1
149 4
349 2
519 1
196 4
136 2
595 1
287 4
106 6
421 4
657 2
36 3
268 7
642 4
797 3
759 3
473 3
560 4
41 4
43 1
456 2
226 3
409 4
176 5
91 3
767 3
242 4
428 3
69 2
104 5
2 1
257 4
746 2
503 3
152 4
536 3
38 3
416 2
533 5
303 5
713 3
438 2
177 5
82 2
785 7
116 3
121 5
253 3
569 2
599 3
523 9
552 5
143 2
555 4
227 4
339 4
370 4
331 6
313 7
297 1
148 5
786 2
727 1
154 4
721 2
526 6
564 2
601 5
119 5
374 3
255 3
641 4
66 4
720 2
262 3
341 3
407 3
4 8
240 7
528 2
205 3
317 6
747 3
75 1
385 2
572 3
604 4
673 2
580 1
583 2
760 2
354 1
162 3
209 2
676 6
304 3
9 4
511 4
387 5
547 1
273 4
291 3
608 2
509 2
419 4
646 4
460 1
67 4
61 2
86 3
200 2
703 4
70 3
115 2
540 2
74 2
660 3
408 3
137 5
231 5
333 3
301 3
542 4
674 2
677 3
346 5
144 3
605 3
493 1
628 3
193 3
128 4
617 1
451 1
375 6
363 2
467 6
347 3
685 2
98 3
330 4
406 1
166 3
241 3
699 2
219 6
466 1
732 7
366 2
695 3
302 4
754 3
213 3
279 4
425 6
445 1
380 5
664 2
292 3
337 1
728 3
405 3
779 5
254 3
434 6
796 4
484 2
415 4
691 2
191 3
708 4
522 3
48 2
430 6
258 4
305 1
114 2
357 9
616 2
271 3
391 2
613 3
361 1
318 4
504 3
17 2
701 4
671 2
72 4
126 2
790 3
3 5
25 2
694 3
394 4
602 2
464 1
513 1
639 1
29 2
214 2
123 1
117 6
229 1
771 3
225 1
538 2
335 3
192 2
576 4
507 5
527 4
345 2
596 4
783 2
682 3
724 3
644 3
46 3
283 2
566 2
502 1
463 4
85 3
278 3
195 1
293 1
544 2
729 6
592 5
745 2
427 5
167 2
26 3
169 1
453 2
249 5
377 4
298 1
150 1
384 5
778 2
312 3
651 3
64 3
710 2
30 1
281 3
378 5
107 4
146 2
667 3
93 2
481 4
135 3
535 3
310 3
56 3
178 4
659 1
7 3
706 2
145 3
615 5
230 4
567 5
472 2
690 4
398 6
173 4
426 1
179 3
620 3
188 1
274 6
446 3
600 4
612 2
781 2
751 5
348 5
443 3
637 2
52 1
619 3
328 3
532 3
125 3
537 3
435 3
475 2
470 3
556 1
575 3
95 6
630 2
14 2
501 6
723 1
510 3
1 2
776 4
553 1
744 2
479 1
165 2
722 2
127 4
364 3
793 3
469 2
78 1
749 1
322 4
372 6
491 4
554 3
234 1
362 3
294 5
548 2
395 2
582 2
360 3
400 4
33 2
757 2
300 2
199 2
238 3
686 1
679 5
207 6
586 2
632 4
457 2
5 3
55 3
65 7
264 3
693 6
768 1
57 2
342 6
251 3
277 3
343 3
514 4
288 4
584 2
624 4
141 4
210 3
129 3
276 6
212 1
151 1
45 2
248 1
487 3
609 1
155 3
442 5
755 2
654 2
670 3
512 3
607 1
393 3
96 3
698 2
557 5
666 2
319 3
585 3
111 1
436 2
158 2
492 2
101 4
792 4
60 2
108 2
551 1
13 2
284 5
633 2
791 2
103 3
105 1
440 6
181 3
80 1
308 2
184 2
327 4
321 2
735 3
265 5
402 3
775 3
54 4
20 2
133 2
574 1
590 1
495 1
764 3
352 4
73 2
558 1
648 2
489 1
326 7
31 2
289 3
37 2
515 3
705 2
190 1
224 2
185 2
780 2
220 3
97 4
623 3
441 2
750 3
369 6
559 2
59 3
236 4
471 2
643 5
87 1
160 4
217 4
665 3
687 3
439 1
449 4
458 1
653 1
496 1
23 3
215 1
147 5
187 2
311 2
316 1
725 1
63 2
329 2
733 1
736 2
42 2
49 5
672 6
267 3
353 3
474 2
140 3
275 3
614 3
610 3
296 2
500 1
448 2
794 4
365 2
534 4
6 3
573 3
773 2
716 4
477 4
410 2
83 2
79 2
520 2
570 3
383 2
531 3
340 2
259 2
461 3
109 4
505 2
798 1
21 2
368 1
726 3
51 2
218 3
450 3
413 2
71 3
656 5
700 1
622 4
650 3
589 1
625 2
488 2
411 3
250 5
581 1
396 3
247 2
35 5
638 1
397 2
739 2
142 5
39 3
594 4
392 3
530 3
597 2
795 4
748 2
332 1
568 4
338 4
593 1
455 2
84 2
788 2
404 1
603 4
323 1
591 2
429 2
516 2
336 2
68 3
476 2
153 3
756 3
10 3
211 5
110 3
550 1
389 3
285 2
789 2
11 3
112 1
424 1
295 2
697 2
282 2
459 3
315 1
508 3
399 2
618 1
50 1
717 2
704 2
286 4
799 1
483 4
737 1
714 1
386 2
432 4
260 1
239 2
351 1
16 3
731 2
782 3
138 2
94 2
183 1
175 3
32 2
359 2
24 1
417 1
494 2
186 5
132 2
269 2
34 2
431 2
208 3
159 1
266 1
320 2
309 3
232 2
40 2
668 1
752 1
579 3
539 3
237 2
433 2
422 1
485 1
772 3
19 2
702 2
562 1
741 3
730 3
418 3
498 3
753 3
734 2
490 2
172 1
635 1
524 1
758 2
350 2
578 2
18 1
718 3
688 1
131 2
468 1
198 1
197 2
709 1
221 2
89 1
543 2
47 1
171 1
769 3
157 3
373 3
447 1
549 1
765 1
478 2
774 1
787 1
529 2
206 1
53 4
201 1
120 1
598 3
8 1
164 1
222 3
545 1
521 1
358 1
263 2
681 1
497 2
15 1
577 1
662 2
245 2
626 2
233 1
367 1
611 2
81 2
62 1
437 1
223 1
280 2
587 1
743 1
486 3
742 1
130 1
462 3
715 1
344 1
307 2
762 1
244 1
204 4
139 2
77 1
161 3
565 2
636 2
649 1
390 2
658 1
454 1
506 2
382 1
99 1
90 1
675 2
180 1
465 2
376 1
202 1
163 1
629 1
645 1
525 1
621 1
314 1
541 2
356 2
44 1
763 1
631 1
324 1
134 1
661 1
272 1
124 1
784 1
261 1
420 1
482 1
player: 13 Competitive
8 3
193 3
640 1
115 4
231 2
472 4
131 3
99 3
374 4
515 1
347 4
305 4
765 4
775 1
384 1
449 3
371 3
749 2
136 5
721 6
300 5
574 3
603 5
47 4
280 2
797 4
235 3
705 5
258 4
593 7
270 1
247 4
68 3
723 3
216 4
330 4
475 5
786 3
537 3
92 2
221 3
39 8
24 2
269 3
78 4
548 4
34 3
439 4
789 3
600 4
387 4
351 5
344 1
296 1
711 4
668 3
364 4
534 4
750 9
116 2
667 4
529 5
337 6
252 4
379 5
578 2
271 2
187 2
298 3
27 6
211 3
265 3
76 4
421 1
370 3
137 3
566 2
703 3
541 3
53 4
177 2
447 2
199 3
248 1
505 2
443 3
758 6
563 3
201 5
365 4
757 6
403 2
292 4
487 2
700 6
73 1
683 3
122 3
625 3
485 5
6 4
383 3
293 2
599 3
748 3
743 3
198 4
19 4
194 3
214 4
406 2
604 3
213 4
736 5
124 1
771 3
240 6
573 4
58 5
458 4
434 1
483 4
399 1
607 3
583 4
368 2
113 5
562 4
715 4
586 3
160 2
81 5
408 4
176 2
100 2
490 2
468 2
632 3
244 1
419 6
63 2
133 1
5 4
400 3
536 3
139 3
56 4
633 1
589 4
565 4
437 3
2 3
114 6
339 5
279 6
67 1
747 2
273 3
23 5
327 4
772 2
268 3
309 3
264 5
301 3
735 3
779 7
234 3
288 3
595 1
407 4
577 2
60 2
21 3
254 3
627 3
690 2
411 5
464 3
488 3
170 2
680 4
316 4
423 5
17 4
498 1
331 2
774 3
141 4
95 4
559 2
670 3
732 5
385 1
259 4
622 2
416 5
49 2
232 4
517 5
688 2
784 3
224 2
227 1
641 2
171 2
188 4
287 4
256 3
105 2
427 3
792 7
561 5
360 3
118 2
552 4
186 3
512 4
635 2
734 5
533 6
549 4
142 3
494 6
31 6
191 3
706 4
109 3
200 4
208 2
282 2
392 4
746 5
470 1
402 5
763 3
502 4
43 4
535 5
592 3
138 2
338 3
550 1
718 5
246 3
11 4
72 3
37 4
741 2
203 3
96 3
147 1
25 5
129 2
678 4
675 3
712 4
410 4
311 2
658 4
404 5
134 4
461 4
152 4
312 3
495 2
310 4
594 1
514 2
369 2
465 4
195 4
532 4
471 4
297 6
361 3
445 3
277 4
479 5
185 3
576 5
762 3
581 4
66 2
442 5
660 2
580 4
210 2
71 3
61 4
260 3
46 3
281 4
639 3
189 2
764 2
623 6
275 4
556 2
163 3
394 5
489 3
518 2
74 1
84 5
523 4
308 1
389 2
397 3
119 2
28 1
657 4
682 4
108 3
431 3
144 2
44 5
418 3
249 4
41 4
42 3
555 4
257 2
51 4
202 3
388 3
766 3
653 2
377 5
146 4
491 3
681 2
184 3
731 3
323 4
121 2
649 2
781 1
618 2
579 3
702 3
9 2
568 2
567 2
525 1
616 4
175 3
676 2
241 2
295 2
286 3
651 4
646 1
274 3
212 2
546 3
222 3
628 4
710 4
777 6
4 2
250 3
462 1
390 3
126 1
110 3
484 7
197 2
13 1
375 6
759 5
54 5
677 2
708 3
32 3
219 1
217 3
167 2
572 3
503 3
352 4
55 2
355 3
610 3
376 4
59 4
321 5
510 1
597 3
691 3
539 2
507 5
255 1
218 2
373 1
70 2
611 2
526 1
178 1
785 3
602 2
173 2
722 1
262 4
181 2
135 6
143 4
456 5
606 2
790 2
125 2
413 1
207 2
768 2
469 3
638 4
430 1
474 3
551 2
671 5
459 3
169 2
62 6
619 3
438 3
215 2
156 3
251 3
107 2
313 3
317 4
476 3
29 4
97 5
545 5
446 2
45 4
527 2
35 2
102 6
357 1
320 1
696 2
64 2
738 3
704 2
744 2
755 4
302 1
793 4
737 3
673 3
656 1
349 4
106 3
30 2
307 2
303 2
154 3
558 3
86 2
314 4
350 1
542 1
621 3
663 5
720 1
151 4
614 7
608 2
478 2
382 4
428 1
725 1
242 5
679 2
272 2
348 2
788 2
263 3
754 2
117 4
150 2
22 3
492 2
233 3
796 5
591 1
477 2
91 4
315 2
104 4
225 2
795 3
493 2
345 4
50 5
228 2
103 1
340 1
522 2
291 5
780 3
322 2
342 3
782 2
467 3
15 3
405 3
643 3
652 5
380 2
506 2
276 3
457 4
540 3
642 1
794 2
631 5
707 2
85 4
223 1
48 3
509 4
499 4
508 3
20 2
624 5
182 1
306 2
220 2
584 2
89 2
253 2
547 1
609 3
528 1
787 1
289 1
701 2
553 2
486 1
661 1
617 5
724 2
284 2
451 1
727 2
18 2
77 3
90 2
159 2
12 2
155 2
666 1
612 2
613 2
285 1
424 1
739 2
294 3
130 3
417 1
497 1
168 2
363 6
473 1
480 2
799 1
684 1
87 4
16 2
88 2
557 2
324 1
57 3
756 3
778 1
94 4
435 2
659 3
645 1
161 2
166 2
422 1
776 3
3 2
521 1
98 2
689 1
367 2
728 2
236 2
654 4
448 2
524 2
366 3
770 1
432 3
386 3
588 2
482 2
290 1
717 2
496 3
590 2
226 4
450 2
798 1
391 2
463 2
396 3
501 2
283 1
694 2
354 1
647 2
685 3
267 2
93 3
596 1
504 1
420 3
145 3
206 2
164 1
672 2
393 1
401 2
466 2
730 1
190 3
513 2
425 2
148 2
740 2
196 1
415 1
729 3
751 1
38 2
75 3
598 3
716 1
650 2
332 3
409 2
662 2
174 3
40 1
453 3
644 1
319 1
605 2
14 1
158 2
243 2
426 1
511 1
329 2
239 2
709 3
429 3
538 2
648 2
455 1
101 1
192 1
686 1
519 1
205 3
123 2
180 1
693 1
500 1
636 3
745 2
664 1
157 2
328 2
767 2
516 2
726 1
230 1
564 1
229 1
697 1
441 1
773 1
637 1
752 1
343 1
112 1
395 1
665 3
204 1
460 1
761 3
80 1
433 1
83 1
238 1
82 1
585 1
444 1
52 1
760 1
481 1
714 1
299 1
111 1
153 1
571 1
629 2
569 1
372 1
687 1
335 1
440 1
698 1
player: 14 Competitive
483 3
670 5
265 2
728 8
501 7
334 5
545 4
761 6
157 4
489 5
431 4
182 4
336 1
486 4
85 1
407 4
144 4
427 3
371 3
61 2
422 3
398 5
662 4
747 7
704 5
119 8
503 2
302 2
587 3
291 4
676 3
161 4
13 1
777 6
121 3
307 5
610 4
104 2
114 2
549 1
331 4
155 3
170 4
671 2
228 7
405 4
393 4
297 1
686 2
402 2
177 2
725 3
11 1
603 2
118 2
477 2
356 2
601 3
454 4
679 3
136 3
604 2
609 3
517 6
550 2
70 2
237 4
699 3
701 4
471 4
512 4
206 5
463 4
46 3
634 3
187 4
94 3
330 2
211 1
612 3
343 3
621 2
476 4
246 4
508 5
481 2
359 2
740 6
668 4
355 3
295 5
169 3
22 6
259 4
760 2
732 4
741 1
117 6
33 6
458 2
166 5
649 7
99 3
479 3
680 2
216 4
409 4
622 3
530 5
633 3
710 6
2 4
564 3
221 1
721 2
64 7
764 2
560 2
715 3
390 5
321 3
763 6
779 5
613 3
796 3
98 3
606 3
566 5
399 6
273 2
480 3
470 2
127 1
611 2
381 1
294 3
40 4
630 3
540 3
403 5
664 1
571 2
717 1
374 2
260 2
103 3
496 4
457 1
412 4
516 1
573 5
16 4
282 3
752 4
558 2
34 1
569 2
731 1
791 5
543 2
504 3
797 2
507 5
565 5
746 1
537 5
35 2
379 3
96 2
655 3
53 4
502 4
198 2
623 3
4 7
81 2
72 1
742 4
242 3
279 2
456 5
271 3
643 1
131 4
738 5
448 5
650 7
417 3
397 4
7 3
54 5
191 2
151 1
243 2
130 2
394 2
213 3
413 4
288 4
181 4
354 2
258 1
581 2
306 2
425 4
162 3
644 4
404 3
29 5
102 3
418 5
788 4
311 2
577 1
787 3
149 8
687 5
201 4
340 4
57 2
691 3
695 3
316 1
619 2
18 4
234 2
631 3
52 1
424 4
660 2
672 3
14 4
500 3
568 2
115 1
344 2
570 5
451 3
388 2
200 6
226 6
280 1
277 1
377 3
462 1
467 5
579 4
208 1
165 2
430 3
675 2
599 4
615 3
178 2
778 4
538 3
232 5
465 2
214 4
212 1
552 1
445 2
750 2
255 2
391 1
125 3
499 6
233 5
150 2
696 3
339 4
219 2
39 4
41 2
461 7
257 7
563 1
80 4
744 3
709 1
62 4
700 3
400 5
636 6
292 5
629 3
734 4
739 2
429 4
164 3
665 3
600 4
618 3
73 1
673 4
12 4
536 4
785 2
474 3
420 5
544 2
135 3
718 2
776 2
722 2
518 3
60 4
350 3
795 2
266 2
92 3
449 3
493 3
281 4
204 2
370 6
793 1
753 4
521 2
17 4
244 3
361 5
345 5
490 6
762 2
86 2
421 3
10 3
303 1
314 5
231 4
455 4
105 4
293 2
348 5
515 6
669 3
253 3
439 2
298 2
30 3
626 3
595 2
168 1
792 2
506 4
123 4
222 1
440 3
589 2
138 4
366 2
452 3
186 1
238 3
392 3
648 3
163 3
768 3
771 2
45 5
245 2
692 2
332 4
357 2
598 3
171 2
759 5
488 3
203 1
411 2
19 3
300 1
152 6
743 2
767 3
554 4
794 2
693 5
207 2
132 1
142 2
195 2
309 4
765 2
433 2
724 2
436 1
578 5
605 2
775 2
116 3
89 2
312 1
108 1
158 3
275 1
627 3
159 2
367 2
352 1
683 3
531 3
335 2
511 3
220 2
363 4
179 2
268 4
745 2
236 5
254 3
318 1
401 4
547 2
139 3
44 3
494 4
56 4
358 2
580 4
156 2
729 3
780 4
87 3
183 1
373 3
185 2
51 3
419 1
261 4
301 1
435 1
523 3
26 2
782 1
582 3
6 2
719 3
188 2
423 2
703 2
460 2
97 1
91 4
389 3
592 2
443 5
770 1
249 5
588 5
659 1
263 3
442 1
616 1
583 3
546 4
184 1
756 4
109 4
652 4
8 3
773 2
641 2
786 1
459 3
227 2
32 2
525 3
215 3
428 2
593 1
526 5
360 2
167 1
596 4
1 4
247 4
175 2
153 3
79 3
637 3
20 2
535 4
304 3
620 2
378 2
180 4
514 3
539 2
487 1
656 1
147 5
584 2
84 3
329 2
351 3
434 3
491 4
682 5
172 2
71 1
276 2
376 2
513 3
174 4
646 2
223 2
769 1
342 1
140 2
328 1
751 2
38 3
68 2
469 4
250 5
690 5
319 1
229 5
642 2
272 5
714 5
749 3
145 3
716 1
638 3
124 4
364 6
661 1
798 2
235 3
396 4
772 2
192 1
726 2
129 3
562 3
432 1
382 2
43 3
205 2
574 2
217 2
386 3
31 1
640 3
689 4
274 1
784 2
727 1
315 1
284 1
736 1
614 5
585 1
101 3
63 1
324 2
438 2
542 1
173 1
466 3
632 2
325 1
199 3
758 2
76 6
148 2
635 3
597 3
688 1
447 5
202 2
143 1
617 3
426 1
576 1
225 3
625 2
269 2
532 1
209 2
437 1
196 2
667 1
702 3
49 1
712 3
248 3
23 1
240 2
308 1
95 2
317 4
75 2
74 3
639 3
774 3
446 2
698 2
67 2
713 3
120 1
353 3
37 3
561 2
551 1
555 1
383 1
290 1
362 4
83 1
755 2
111 1
3 1
110 4
384 3
305 1
252 3
349 1
478 4
341 3
9 2
607 3
790 3
289 1
557 2
522 1
705 2
77 3
5 1
365 2
90 1
685 4
133 2
737 2
42 2
189 1
66 3
322 2
395 2
475 3
387 2
50 1
128 2
160 3
720 2
346 3
520 3
239 1
556 1
624 1
82 1
264 3
735 1
572 2
112 1
410 3
113 1
55 2
651 2
468 1
495 1
510 1
415 3
154 1
194 1
197 1
497 1
287 1
553 3
534 1
733 1
677 1
78 3
107 1
58 2
473 1
24 1
533 4
498 1
647 2
270 1
230 1
267 4
15 1
69 1
781 1
134 2
323 3
416 2
723 2
730 1
333 1
59 1
678 3
528 1
484 1
251 2
406 1
126 1
697 1
385 1
591 1
485 1
482 1
375 1
766 1
608 2
505 1
313 1
278 1
590 1
708 2
93 2
509 1
88 1
783 1
218 1
586 1
658 2
559 1
414 1
711 1
347 1
541 1
684 1
369 1
262 1
122 1
380 1
799 1
472 1
653 1
27 1
106 1
453 2
28 1
193 1
player: 2 Altruist
636 2
509 3
30 1
261 1
363 2
645 3
92 7
300 4
708 3
86 6
255 4
638 2
271 5
215 1
734 3
566 3
105 4
84 3
186 4
336 5
786 5
359 3
618 7
280 4
411 6
403 4
531 3
206 6
584 2
168 3
239 1
94 5
469 3
606 1
725 2
22 2
125 6
25 4
577 1
203 3
492 7
121 3
132 2
750 2
670 3
424 4
450 1
179 3
245 4
167 5
586 7
193 6
353 2
778 5
265 4
672 1
35 2
701 4
743 6
231 6
718 6
400 2
128 2
706 2
467 3
684 3
419 4
191 4
497 3
240 1
331 3
388 3
605 3
190 6
311 7
760 4
377 3
346 6
570 3
16 2
96 5
705 2
133 6
153 4
550 2
774 2
294 7
761 2
768 1
14 1
194 3
449 3
159 3
722 4
305 5
306 5
295 4
9 2
107 3
445 1
466 4
152 3
782 3
275 3
104 1
127 2
769 4
603 1
279 3
55 5
13 4
281 4
274 5
654 1
671 1
57 7
604 2
640 3
314 2
162 4
772 3
700 4
11 4
171 4
330 7
269 3
715 2
535 1
145 4
551 1
315 2
99 3
508 2
60 4
430 3
731 3
666 2
210 5
719 1
98 2
591 3
391 5
237 4
6 1
494 5
793 4
138 5
613 2
639 3
410 4
749 2
65 5
454 2
650 5
712 1
726 1
504 6
528 5
219 6
770 1
296 3
443 3
69 5
481 3
441 3
527 1
284 3
514 3
614 5
113 3
246 3
507 1
796 3
724 2
101 4
5 5
212 5
126 1
140 2
202 4
366 1
354 1
52 3
478 1
87 6
257 4
459 4
277 3
633 4
337 2
523 3
347 4
679 2
414 5
533 3
4 3
46 1
297 2
43 1
221 3
129 5
218 4
611 4
465 3
757 3
656 3
457 1
412 4
110 4
499 2
372 4
687 4
433 6
568 4
777 3
163 2
583 2
95 1
380 2
312 3
736 1
447 2
24 4
385 5
18 2
73 5
619 3
493 2
157 4
217 6
182 3
106 3
115 2
103 4
23 5
364 2
488 2
456 2
247 6
539 2
785 2
192 2
338 2
258 6
442 2
273 2
784 4
322 4
213 5
437 2
342 3
737 3
790 3
622 4
316 3
141 6
428 4
623 4
118 3
781 2
285 6
383 2
233 4
681 3
327 4
479 1
652 5
649 3
548 3
228 4
651 2
637 4
794 4
407 3
150 4
543 2
416 3
90 5
689 3
251 5
448 2
585 4
506 2
370 3
131 4
657 2
741 4
17 3
753 3
482 1
318 2
751 4
197 3
266 4
137 4
647 2
373 4
329 2
29 1
399 3
178 4
538 3
39 3
470 2
229 2
119 3
663 2
308 4
32 2
398 3
580 2
677 2
555 2
250 5
117 1
114 4
361 1
259 2
175 4
717 3
616 1
116 2
789 7
276 3
496 2
169 3
238 2
547 3
226 5
224 3
600 4
313 1
176 3
143 3
267 3
82 3
74 4
486 5
81 2
587 1
502 5
34 3
59 1
759 1
765 1
394 2
282 5
557 2
146 3
195 5
321 3
234 4
674 1
788 1
490 1
287 1
397 2
136 1
520 3
165 3
93 2
780 2
675 1
740 1
264 4
124 3
460 4
290 2
348 2
468 2
66 2
795 4
78 5
458 2
172 7
325 2
209 2
181 1
455 2
56 6
534 2
572 1
135 6
164 2
582 3
707 2
567 2
196 5
631 1
408 1
166 4
630 2
148 3
374 3
310 4
775 5
418 2
270 5
439 4
319 3
505 1
446 1
444 2
7 2
332 2
425 4
142 1
402 2
139 4
489 5
620 5
253 4
477 4
367 4
317 1
574 3
420 3
256 1
779 4
122 4
683 3
173 2
659 3
484 3
382 3
63 5
549 4
345 4
111 3
660 2
334 5
130 3
185 1
189 2
421 5
485 2
462 6
91 2
422 2
299 6
475 5
432 4
38 2
395 2
75 4
642 1
617 2
254 1
435 4
544 2
610 2
48 1
288 4
154 2
626 4
766 1
798 3
304 1
268 2
31 3
134 4
230 4
747 3
452 2
451 2
15 3
335 2
349 2
326 2
739 2
771 2
438 3
655 1
431 3
156 1
526 4
564 2
644 2
333 2
149 2
302 5
102 2
595 2
45 4
41 2
598 3
70 4
37 2
608 4
12 2
709 4
350 3
643 4
301 1
42 4
729 1
158 2
704 3
404 3
369 2
248 2
188 4
405 1
232 2
733 3
27 2
242 2
71 2
170 2
476 2
303 3
578 2
545 1
241 3
693 2
501 3
58 1
244 2
440 4
204 3
53 2
536 1
498 6
628 2
552 1
716 2
112 2
665 1
512 3
745 2
426 1
624 1
472 2
199 1
147 2
309 2
592 2
183 1
161 1
97 5
461 1
517 3
358 4
356 5
529 2
612 3
776 2
590 4
260 4
243 3
351 1
28 1
668 2
732 3
289 4
676 1
10 2
542 2
26 2
375 3
487 1
697 2
524 2
417 4
474 6
429 4
54 4
33 1
207 1
340 4
742 3
89 3
602 3
773 3
756 2
184 2
641 3
120 2
88 3
77 1
562 3
755 2
8 3
278 2
664 3
208 1
198 2
144 3
108 3
427 2
187 1
80 2
100 3
21 2
123 1
727 3
698 1
415 1
629 3
211 3
200 2
390 1
530 1
515 1
758 1
389 1
51 2
249 3
746 2
68 2
262 2
521 2
764 2
307 2
744 2
155 4
596 3
174 4
763 2
688 1
423 3
554 4
662 1
699 1
581 2
381 2
599 2
61 1
762 1
711 3
673 3
36 3
563 1
227 3
324 3
62 3
263 1
355 3
109 2
525 2
222 2
703 1
540 3
783 3
323 2
653 3
615 2
293 2
341 1
797 3
283 4
344 1
177 3
180 2
362 3
223 3
667 1
702 1
413 2
473 2
546 1
352 2
225 2
368 1
597 1
680 1
360 3
365 2
685 1
2 2
339 2
379 1
678 4
682 2
593 1
518 1
72 1
272 1
292 1
386 2
516 1
220 2
392 2
434 2
291 3
49 1
553 1
406 1
357 1
471 1
343 2
575 1
47 1
453 4
519 1
378 1
569 1
541 3
20 2
556 2
635 1
799 1
713 1
298 2
696 2
76 2
40 1
695 1
503 1
576 1
67 1
320 1
236 2
748 1
409 1
384 1
495 1
625 1
560 1
513 1
328 1
1 1
85 1
792 1
151 1
464 1
235 1
571 1
579 1
44 1
rank player: 17 Competitive
12 114
3 111
11 109
17 120
18 105
8 105
13 123
9 115
7 114
2 95
16 122
6 103
5 91
14 113
10 113
4 115
1 110
15 122
rank player: 6 Individualist
9 116
3 121
7 97
12 111
11 133
10 111
4 118
18 102
13 115
17 99
8 113
2 118
14 116
15 90
5 126
1 113
16 100
6 101
rank player: 5 Altruist
5 113
6 132
4 107
14 99
11 122
15 102
2 110
18 114
1 115
10 97
8 123
12 108
16 92
7 131
3 105
13 111
17 101
9 118
rank player: 12 Competitive
2 114
4 103
9 90
1 101
13 131
16 132
17 125
5 98
15 113
14 126
3 108
10 115
7 98
18 105
8 105
6 123
12 99
11 114
rank player: 15 Competitive
17 124
8 123
13 115
4 99
15 152
6 100
12 97
10 91
9 89
7 88
18 125
11 98
14 136
3 108
5 117
16 127
1 117
2 94
rank player: 1 Altruist
16 98
13 103
14 108
10 125
6 99
7 110
12 108
11 93
15 102
1 139
2 106
8 131
18 109
9 122
5 114
3 112
4 113
17 108
rank player: 3 Altruist
8 124
7 120
15 120
13 112
18 120
3 103
10 97
1 112
11 112
5 117
4 101
16 108
9 109
17 95
6 118
12 115
2 113
14 104
rank player: 9 Individualist
10 121
17 119
1 111
7 126
12 108
8 107
18 109
14 103
9 110
6 115
16 103
13 103
2 126
5 106
11 116
3 108
15 95
4 114
rank player: 8 Individualist
11 130
18 112
2 98
17 87
5 109
13 114
6 137
9 127
1 87
10 123
8 99
14 113
4 125
15 96
12 102
16 102
3 122
7 117
rank player: 0 Altruist
7 126
14 93
18 98
8 110
9 119
10 109
17 92
2 127
1 109
12 111
11 95
4 126
5 119
6 123
15 107
3 114
13 112
16 110
rank player: 16 Competitive
14 103
2 113
12 116
3 121
4 94
16 121
1 110
11 91
17 137
15 135
18 123
8 95
6 100
9 100
13 121
10 103
5 122
7 95
rank player: 4 Altruist
3 100
1 104
6 107
2 113
13 110
4 121
8 116
16 106
5 121
11 115
9 120
17 87
7 114
15 112
14 98
12 116
18 112
10 128
rank player: 11 Individualist
4 107
10 97
11 112
5 117
7 135
17 107
9 131
8 115
6 100
2 113
16 116
3 105
13 116
1 105
18 101
14 122
12 114
15 87
rank player: 10 Individualist
18 100
16 97
17 105
15 93
1 118
4 103
3 113
13 115
10 135
7 116
2 134
14 114
12 115
6 111
11 113
8 105
9 105
5 108
rank player: 7 Individualist
6 116
9 119
8 112
18 114
16 112
5 113
7 105
1 113
4 116
13 101
15 115
3 111
12 118
2 91
17 121
10 106
11 110
14 107
rank player: 13 Competitive
1 116
5 102
16 110
6 105
8 103
11 120
3 119
12 117
9 91
18 126
17 136
14 123
10 108
2 100
7 104
15 123
4 96
13 101
rank player: 14 Competitive
13 110
15 123
10 114
16 142
14 119
9 107
18 114
3 94
11 112
2 116
4 111
7 90
5 89
12 127
1 108
17 135
6 89
8 100
rank player: 2 Altruist
15 113
11 105
5 118
12 104
10 107
14 103
4 131
6 121
3 125
2 119
17 102
1 112
7 114
8 114
9 112
16 102
18 111
13 87
