player: 2 Altruist
736 4
526 5
792 3
368 3
296 4
680 5
196 3
751 3
423 5
70 1
46 5
641 2
68 5
240 4
21 1
467 6
109 3
317 7
219 6
130 6
477 4
301 4
418 3
758 1
37 4
390 2
231 3
324 5
552 4
205 3
407 3
653 3
436 2
203 5
474 6
225 4
757 3
93 2
772 3
191 5
202 3
90 2
223 1
717 5
405 2
312 4
176 1
360 4
98 6
475 3
415 5
173 3
185 7
703 3
408 5
539 5
84 4
338 4
175 3
96 4
139 4
777 1
393 4
137 3
304 3
706 4
592 3
692 1
687 2
605 2
297 3
322 2
562 3
527 4
447 6
749 2
117 4
29 2
357 5
617 5
538 1
35 7
330 2
362 3
253 2
721 5
285 2
505 3
291 3
614 1
187 3
545 2
340 4
742 3
25 3
215 4
144 2
11 4
183 4
264 3
518 8
127 4
622 4
662 7
353 2
420 4
753 2
138 7
309 4
346 4
54 2
603 3
689 3
794 5
245 4
441 4
123 5
382 5
228 3
468 1
273 5
341 4
612 2
409 3
325 4
331 5
464 3
148 4
354 4
230 2
766 2
87 2
34 5
498 3
307 5
315 3
38 3
372 5
326 6
718 2
429 2
279 5
690 1
400 2
397 4
672 6
261 3
410 3
1 3
569 4
694 4
181 1
566 5
656 1
714 3
713 2
328 3
701 3
61 2
319 4
101 4
386 3
770 4
502 3
321 4
574 2
356 4
769 1
184 2
91 4
762 2
765 1
581 1
453 3
210 3
314 4
251 3
430 1
266 3
421 6
431 4
337 7
746 2
432 4
600 3
359 7
797 4
308 2
580 3
711 3
422 4
376 5
601 4
482 3
456 2
490 3
657 1
162 4
427 2
256 2
392 4
481 3
743 2
796 2
32 5
152 2
358 5
520 3
364 4
439 5
218 6
727 1
347 3
763 2
329 3
316 1
133 4
779 3
303 3
221 2
268 4
192 2
45 1
260 4
529 2
246 3
115 3
401 4
380 3
644 2
450 3
177 2
541 7
134 1
446 3
535 2
507 2
513 3
336 3
744 3
131 3
413 5
563 2
169 3
306 2
20 2
149 7
586 3
55 5
166 3
201 3
170 2
63 3
463 4
375 6
204 5
18 4
565 4
239 2
579 4
412 4
525 5
339 2
731 2
619 2
547 3
521 2
669 3
454 5
64 3
406 5
426 3
58 2
404 4
506 4
179 4
381 4
39 3
363 3
59 6
534 2
655 1
693 5
158 3
67 6
51 4
634 2
172 3
543 5
789 2
229 4
590 3
719 3
384 4
542 3
781 2
108 3
738 2
128 2
540 1
433 2
31 2
247 5
236 4
530 3
206 1
666 2
80 5
294 3
103 2
370 5
378 2
682 3
269 4
438 1
651 1
554 2
349 2
343 4
24 3
575 6
95 2
555 2
222 3
373 1
342 3
636 4
455 3
182 3
486 3
125 4
465 3
193 3
492 4
174 2
259 2
424 4
255 4
361 2
355 6
435 3
243 3
679 1
111 2
444 4
609 2
448 3
241 1
40 4
198 2
643 3
730 2
414 6
594 3
250 1
577 2
344 2
270 3
752 5
366 2
484 4
723 3
249 4
352 3
178 3
275 2
118 2
333 5
121 5
300 3
180 1
798 1
561 2
379 5
795 2
388 5
458 2
119 5
621 2
5 1
698 2
295 1
284 2
122 2
163 2
608 3
571 2
12 4
556 2
147 3
41 1
23 4
768 4
588 2
638 2
4 5
773 1
165 5
290 2
369 4
113 4
89 3
377 2
493 5
142 2
395 2
589 1
658 4
523 1
745 2
587 3
512 3
511 5
480 3
774 3
487 3
274 2
302 4
568 2
399 1
13 1
164 4
671 4
313 4
102 3
318 4
83 1
97 4
452 6
348 2
602 1
508 2
48 2
86 1
473 3
553 1
350 7
500 3
437 5
394 3
593 2
733 2
76 2
216 1
374 3
613 2
799 1
461 4
85 2
2 2
707 1
683 1
74 5
457 2
499 2
327 3
503 2
771 2
661 4
49 1
522 2
599 3
533 2
27 1
310 5
238 2
724 2
402 2
168 4
676 2
262 2
650 2
663 1
75 2
449 2
620 1
737 2
53 2
82 4
678 2
120 1
479 5
383 1
107 3
129 4
8 4
220 2
754 4
442 6
787 2
440 3
451 7
618 3
670 1
233 1
323 2
625 1
615 1
725 3
716 4
691 1
732 1
207 4
114 1
759 3
195 3
598 1
47 1
734 2
537 3
532 2
488 1
705 1
277 6
242 1
776 3
157 2
460 4
578 1
289 1
213 3
293 2
403 2
755 2
728 3
686 2
36 2
459 2
50 4
684 4
100 1
648 3
6 2
585 4
371 1
265 2
10 2
637 3
88 2
494 2
635 1
597 2
647 2
126 2
65 1
197 3
217 3
760 1
531 4
748 2
434 3
208 2
639 1
778 1
257 3
516 2
607 2
767 1
99 3
596 2
780 1
248 3
116 3
591 4
150 2
332 3
153 4
320 3
189 5
110 2
391 2
345 4
558 1
14 1
428 3
188 2
786 2
528 1
30 1
626 1
263 3
141 2
56 3
696 1
557 1
726 1
28 2
167 3
472 2
466 1
729 1
311 5
576 2
476 2
445 2
396 2
685 2
702 1
267 3
681 2
790 1
145 1
156 3
764 1
675 2
471 1
710 2
226 1
629 3
287 2
200 4
462 2
782 2
16 1
17 3
234 2
212 3
509 2
560 4
419 2
536 1
214 3
564 1
272 1
155 3
194 2
584 2
254 2
549 1
227 1
385 3
299 2
244 2
22 2
280 2
501 2
94 1
190 2
674 1
52 1
416 2
688 1
604 1
443 2
659 2
224 1
544 1
642 1
66 2
627 2
72 1
611 3
747 2
708 2
583 2
632 1
105 4
232 2
278 3
606 1
271 2
334 3
660 2
510 4
288 4
559 2
504 1
151 3
9 1
143 1
515 1
595 4
649 1
62 3
26 3
140 2
582 1
715 1
497 1
624 1
335 1
546 1
739 2
292 1
161 1
81 2
623 2
496 1
365 2
631 1
160 1
171 2
104 1
15 1
519 1
282 1
135 1
411 1
132 1
491 1
567 1
77 2
398 2
489 1
610 1
252 1
483 1
78 2
667 1
19 1
298 1
209 1
44 2
700 2
159 1
43 1
283 1
33 1
276 1
712 1
645 1
389 1
495 1
630 1
664 1
281 1
616 1
469 1
387 1
633 1
69 1
665 1
305 1
517 1
60 1
548 1
player: 11 Individualist
296 4
796 2
205 4
360 1
183 4
261 3
585 2
438 3
373 5
524 2
479 3
259 2
397 2
540 5
487 4
391 2
411 4
416 3
662 6
134 3
376 2
170 5
130 5
198 3
349 5
774 2
708 2
779 3
403 1
595 2
336 4
471 6
444 2
189 7
23 3
386 3
341 3
387 3
37 2
584 7
506 4
219 5
618 2
229 3
199 5
620 3
579 3
145 4
613 3
32 4
792 7
563 4
58 1
300 7
207 2
525 3
611 2
233 2
741 3
406 1
452 3
380 6
113 4
114 3
348 2
666 2
50 2
267 4
127 3
655 3
177 3
272 3
368 5
273 3
100 3
236 5
534 4
535 5
173 5
647 3
674 6
478 6
466 8
282 5
681 4
56 4
260 2
346 4
107 3
148 3
11 4
43 4
201 3
25 3
703 5
98 1
217 4
648 4
6 2
76 2
515 3
573 5
536 6
221 3
302 4
593 5
319 4
504 3
577 4
503 2
290 7
374 5
240 1
758 2
78 2
47 3
510 3
465 2
176 4
742 1
30 3
614 3
243 3
694 2
425 4
326 3
481 1
635 2
704 2
356 2
582 7
657 3
111 4
404 3
150 1
203 4
155 3
79 4
718 2
371 2
529 1
137 1
603 5
797 4
659 1
238 4
7 3
5 4
768 5
580 3
587 4
414 4
740 3
235 3
624 3
212 1
667 2
328 3
588 3
12 3
511 6
234 2
36 2
124 5
38 5
735 3
451 7
298 3
195 1
241 4
705 3
280 6
8 2
578 6
108 5
596 1
543 3
147 3
719 2
333 3
553 1
433 4
668 4
428 4
81 3
745 3
338 3
57 2
519 2
498 1
357 3
291 5
141 4
340 6
88 2
654 4
418 4
385 4
521 3
604 3
538 1
688 1
39 2
191 2
117 3
109 3
80 2
714 1
95 1
222 2
767 3
334 4
696 2
175 2
214 5
546 5
723 3
636 2
292 5
63 3
322 1
192 4
28 4
594 3
640 2
518 5
697 2
609 2
422 4
691 4
575 4
533 2
590 3
440 5
82 6
449 2
226 3
304 2
164 1
91 2
316 2
265 5
468 5
311 7
196 5
610 1
286 2
383 3
308 1
169 3
423 4
522 3
453 6
642 1
329 6
318 3
447 3
415 4
762 4
19 2
237 8
126 2
676 2
193 4
312 8
402 5
788 3
682 2
288 5
512 4
13 7
780 3
151 3
351 3
401 6
309 3
430 4
323 6
179 4
158 2
775 1
541 2
384 3
83 2
390 3
216 3
693 1
619 4
502 2
278 3
574 4
456 2
285 4
136 3
663 3
284 6
202 5
297 2
632 2
153 3
18 3
186 4
3 6
766 4
227 2
321 6
602 1
769 6
208 6
34 2
562 2
293 5
71 3
589 5
123 1
74 4
163 3
599 3
638 3
102 3
54 5
739 4
765 4
305 2
35 2
480 1
115 2
400 4
477 2
513 3
628 2
436 3
532 2
748 4
675 3
1 3
255 3
352 2
26 2
412 8
637 2
116 1
190 2
327 4
331 5
554 1
500 4
463 5
353 2
629 3
314 2
274 1
626 1
560 4
429 1
651 2
695 2
730 2
608 3
104 3
372 1
182 3
277 5
520 1
254 2
715 3
711 3
787 3
59 3
743 2
75 3
121 3
225 2
138 3
52 2
567 2
132 3
653 2
749 1
204 4
263 3
474 1
446 3
211 3
181 4
798 1
469 1
523 4
789 2
508 2
31 6
617 3
392 2
649 2
491 1
231 2
448 5
581 2
783 4
755 1
215 2
505 3
381 2
332 4
548 4
361 3
42 5
639 2
324 3
658 3
572 5
516 5
476 3
445 4
700 2
689 2
239 3
443 4
84 3
485 3
731 1
555 3
751 4
86 2
119 4
586 3
650 4
685 1
246 4
156 3
389 3
709 1
15 3
69 3
530 3
634 2
20 3
303 3
605 3
733 3
335 7
330 3
552 1
21 3
178 4
470 3
125 2
763 2
144 5
671 4
771 1
96 1
388 3
461 1
790 2
652 3
547 2
576 2
16 5
152 3
394 3
310 1
14 2
347 3
542 3
778 1
431 5
24 1
250 3
556 4
369 3
49 1
754 3
317 5
128 4
455 4
544 3
559 3
494 2
68 3
462 3
266 1
40 4
417 4
200 1
486 3
161 1
306 3
427 1
734 3
761 1
362 3
679 3
686 2
87 2
232 1
253 3
701 1
55 2
269 3
517 3
359 2
275 2
350 4
77 4
342 1
398 5
773 4
583 4
279 3
122 1
90 2
313 2
242 3
112 3
493 2
62 2
223 3
378 5
294 2
501 3
93 4
426 3
271 1
92 2
94 2
690 3
677 3
409 1
721 3
129 2
488 3
464 3
405 2
592 3
615 2
379 3
48 2
557 3
287 3
180 3
142 4
64 3
99 3
268 4
750 1
514 2
660 1
228 3
413 3
213 2
106 1
753 2
197 2
171 1
73 2
482 4
496 2
777 2
772 3
495 2
29 3
710 2
467 2
625 3
764 1
320 6
325 2
645 2
770 2
795 2
732 1
408 3
377 2
60 4
621 1
459 4
549 1
307 1
432 1
395 2
209 1
712 2
345 2
354 4
568 1
218 1
472 3
281 2
526 2
785 4
220 1
22 1
174 1
168 4
172 2
630 3
698 1
248 2
737 1
717 3
616 1
656 2
157 1
570 2
672 1
17 1
442 3
566 2
118 2
276 1
606 2
358 2
744 2
10 2
162 2
363 2
497 2
382 5
545 2
492 1
370 1
728 2
537 4
133 2
159 1
499 3
786 2
622 2
673 2
569 1
722 2
72 1
375 1
65 1
27 1
295 4
139 1
344 2
424 1
51 3
131 1
249 1
419 2
421 2
713 2
70 3
301 2
283 1
97 1
759 1
760 1
564 1
550 1
489 1
140 1
747 2
683 3
450 1
441 1
435 2
729 1
45 2
154 2
558 2
135 3
539 1
194 1
720 1
706 2
187 1
531 1
528 1
746 1
256 2
101 1
752 2
484 2
89 2
646 2
678 1
103 2
483 3
364 1
399 2
315 3
600 1
41 2
244 1
460 1
736 1
633 2
247 1
337 1
165 2
230 1
365 1
210 2
105 1
791 1
355 1
490 1
143 1
251 1
784 2
339 1
188 1
473 1
643 2
185 1
457 1
475 1
146 3
782 1
9 1
437 1
664 1
727 1
434 1
571 1
245 1
264 1
player: 0 Altruist
359 4
406 1
191 5
414 3
675 3
797 3
223 3
5 1
465 3
429 3
350 3
221 6
563 1
24 4
529 1
199 4
133 3
339 3
600 3
700 1
370 5
515 1
129 4
268 6
564 8
594 1
333 4
246 2
351 2
170 3
656 2
330 1
57 6
252 4
105 3
207 3
799 1
699 2
604 4
298 2
264 2
322 5
743 3
598 4
424 3
69 3
255 3
560 4
770 6
750 1
760 1
375 9
571 2
720 3
435 8
363 6
695 1
185 2
52 1
547 2
755 1
260 5
383 4
461 3
95 5
305 4
198 2
220 5
779 6
556 4
237 1
576 2
748 3
279 3
568 7
310 3
392 5
163 2
469 5
161 1
146 3
458 5
289 1
147 3
543 5
574 4
772 9
422 2
232 3
344 4
420 4
331 5
558 2
408 4
532 4
39 6
243 2
62 5
187 2
205 4
459 3
92 4
415 4
110 4
771 3
550 3
254 1
79 5
752 2
140 3
288 2
22 4
96 6
162 5
20 5
214 3
704 3
179 3
108 3
153 4
362 5
103 8
407 7
180 4
329 2
278 3
475 3
397 3
691 2
340 2
280 3
149 4
172 7
247 1
225 4
759 3
168 3
186 1
706 2
83 2
111 3
367 3
26 3
450 3
118 7
785 1
508 3
311 1
516 4
112 5
542 1
611 1
249 2
486 4
396 5
745 1
653 2
466 5
368 7
490 5
517 6
525 2
313 3
783 3
530 7
136 4
647 3
152 4
535 4
46 4
349 3
171 3
514 3
401 4
417 5
562 3
77 3
524 4
35 3
549 3
747 2
566 4
158 2
762 2
404 3
148 3
262 3
608 6
355 4
269 4
178 4
488 2
30 4
505 1
202 4
778 4
275 2
405 3
295 3
439 2
242 1
337 5
297 4
215 4
334 4
630 2
270 2
463 3
736 5
384 2
652 4
703 3
43 1
654 2
537 6
386 5
66 3
541 6
64 2
484 3
678 2
554 3
213 4
238 5
342 1
754 2
427 5
389 5
578 4
343 2
276 4
507 2
274 6
85 3
292 1
200 1
644 1
567 3
612 2
725 2
607 2
387 4
144 2
589 1
431 6
248 1
55 3
769 2
728 3
409 1
580 4
106 3
761 1
365 2
244 4
402 3
592 3
437 1
631 4
513 2
130 4
229 2
32 4
595 3
766 1
287 3
521 3
174 4
3 3
579 1
41 5
335 2
432 5
356 5
119 2
492 2
411 5
687 1
470 5
476 4
156 5
160 3
286 3
208 3
209 2
94 4
117 3
336 4
224 3
512 2
565 1
28 7
421 3
166 2
394 3
399 2
557 3
658 1
738 1
719 3
282 4
561 4
159 8
306 4
114 2
639 4
165 4
474 4
345 2
48 3
632 3
67 3
75 5
472 3
27 1
294 4
552 6
176 1
317 7
480 2
74 2
468 3
93 3
34 4
620 2
609 2
457 2
596 2
482 5
416 5
23 1
4 2
689 1
320 3
676 3
534 2
17 2
503 3
642 2
740 1
792 1
234 3
633 2
19 4
683 2
626 1
360 2
97 1
316 4
50 2
115 2
473 2
325 2
116 2
540 3
307 6
206 4
615 2
391 2
143 3
614 2
713 4
685 3
734 2
354 1
139 4
641 2
572 1
602 2
756 2
167 5
303 4
528 3
283 1
382 4
222 4
175 2
400 5
371 2
104 4
285 3
197 3
78 3
559 2
374 6
315 4
684 3
70 1
423 1
452 1
227 3
551 3
663 1
610 4
68 4
388 3
651 3
497 3
194 2
98 3
585 1
636 2
125 3
314 6
773 2
742 2
284 4
790 4
553 1
735 6
419 1
301 1
193 3
575 4
403 1
670 4
184 3
478 3
434 3
587 2
681 3
775 1
135 3
605 3
323 1
418 2
44 3
729 1
318 5
37 2
428 2
7 4
701 2
212 3
245 3
390 4
715 2
777 1
378 2
757 1
456 4
231 4
47 3
438 5
346 4
487 2
665 1
533 1
711 2
122 1
451 6
319 3
737 3
603 2
446 3
495 5
217 3
324 2
662 1
527 2
732 1
618 2
290 4
570 4
657 4
16 4
496 5
302 2
164 3
169 2
710 1
788 1
398 2
794 2
281 6
597 3
309 3
716 2
9 4
722 2
616 5
42 2
150 2
531 2
257 3
796 4
491 1
100 1
577 2
267 5
357 3
648 1
33 3
780 1
586 1
72 2
58 2
569 3
277 1
61 2
273 3
293 2
31 3
733 2
768 3
504 1
708 2
669 2
134 3
659 1
707 3
12 2
366 2
123 1
483 5
481 3
49 2
182 1
137 2
10 2
265 2
619 1
410 3
440 5
258 6
445 4
189 4
649 1
361 2
546 2
622 2
454 3
498 4
239 3
447 2
731 3
629 2
177 6
500 1
441 4
296 1
485 2
627 3
634 1
190 3
449 1
522 3
613 3
448 2
82 1
584 1
502 3
433 1
63 2
462 1
425 2
204 2
233 2
385 2
263 3
506 2
151 2
14 5
51 1
538 3
412 3
518 3
326 3
668 2
107 1
692 1
544 3
250 3
154 3
219 1
327 3
638 3
272 2
142 2
25 1
261 4
84 2
347 4
781 3
548 6
353 4
526 1
2 2
90 1
196 3
520 2
739 1
723 3
291 3
131 7
606 2
141 1
646 1
91 4
717 1
787 5
1 1
590 2
489 4
29 2
477 3
21 1
188 3
332 3
155 4
519 1
702 2
511 2
377 1
573 3
157 2
436 3
430 4
372 1
341 2
321 1
312 1
453 2
714 3
464 1
767 3
455 1
624 3
443 1
697 3
11 2
753 1
86 1
266 1
358 1
617 1
60 2
688 4
467 2
256 2
56 3
643 4
241 2
621 1
791 1
145 2
705 4
776 2
637 2
655 2
53 2
793 1
138 1
379 1
724 1
352 2
132 2
120 1
101 1
71 3
501 3
393 1
210 1
593 1
81 2
15 4
240 1
712 1
493 3
121 1
80 1
444 1
88 1
195 4
727 2
798 1
271 2
721 1
192 1
109 2
87 3
623 1
308 2
253 1
660 1
664 1
640 1
99 1
230 1
373 1
601 2
102 1
235 2
674 2
45 2
510 2
583 1
203 1
216 1
251 1
693 2
73 1
228 1
181 2
677 1
690 1
661 1
413 1
338 1
173 1
381 1
38 1
127 1
65 1
635 1
555 1
682 1
369 1
124 1
479 1
36 1
795 1
471 1
40 1
680 2
226 1
300 1
536 1
499 1
218 3
201 1
718 1
789 1
395 1
player: 4 Altruist
794 5
783 2
91 2
154 4
348 5
753 3
17 4
516 2
390 5
388 1
678 4
654 3
663 2
587 3
28 5
32 3
301 4
496 4
607 3
363 4
92 5
368 3
324 7
83 6
239 3
680 3
189 4
571 3
568 6
391 5
217 4
342 2
630 3
276 3
395 6
56 2
566 3
532 4
277 5
732 5
758 1
611 1
233 6
590 6
787 4
649 3
374 5
209 4
360 5
22 5
696 6
280 1
315 3
540 4
241 1
143 2
776 1
452 2
195 3
229 5
6 2
164 2
500 9
317 4
158 5
742 4
692 3
166 4
513 8
181 4
473 2
138 3
180 4
265 1
105 8
441 2
118 8
762 2
476 3
226 4
759 2
491 3
337 2
334 1
256 5
349 7
780 1
206 2
174 5
125 3
33 4
677 2
123 2
768 4
165 8
727 3
212 4
365 2
369 3
517 2
25 4
175 5
492 2
438 2
72 6
126 3
750 6
569 3
620 2
130 5
145 5
264 3
311 2
740 4
169 4
725 3
127 4
142 3
139 7
524 3
729 9
284 4
115 6
275 2
319 4
10 3
451 2
578 3
75 6
466 3
215 2
420 6
655 1
405 4
401 3
506 3
722 2
560 3
3 5
430 3
561 2
235 1
52 5
213 2
251 1
636 2
605 5
618 6
555 4
581 1
20 3
346 3
683 1
715 2
775 1
41 3
507 1
293 4
285 3
68 3
218 3
46 2
371 3
574 1
19 7
446 4
73 3
710 1
751 1
2 1
270 3
685 4
755 3
114 3
746 4
521 3
227 3
735 2
741 4
637 1
668 3
383 6
422 2
373 5
774 3
291 2
734 2
140 5
378 4
456 4
489 3
447 6
367 4
610 1
219 3
148 5
409 5
173 5
62 3
657 3
15 5
257 4
460 3
375 2
634 5
443 2
211 5
469 4
527 3
588 6
558 4
171 2
269 5
738 3
57 3
442 6
518 3
303 1
495 2
338 5
646 2
686 4
410 3
406 1
511 3
199 2
87 7
364 4
335 3
475 3
648 2
179 2
261 5
643 3
147 3
247 6
188 4
353 2
332 2
786 5
593 1
387 2
428 2
402 2
455 1
597 1
737 3
305 6
8 2
129 7
144 5
563 2
252 2
281 5
244 1
336 2
76 3
370 6
704 2
512 2
31 4
210 3
172 5
621 2
687 2
273 2
67 1
354 2
237 5
377 5
201 4
693 3
503 4
11 4
432 2
26 2
122 3
116 3
300 4
250 5
151 2
448 3
623 2
490 2
493 4
230 3
396 4
520 4
712 1
170 2
228 2
407 2
547 3
796 3
295 3
359 3
357 2
366 4
403 4
682 3
225 2
379 5
167 2
330 3
572 6
23 4
543 2
747 2
549 1
262 2
93 4
465 3
433 6
474 3
487 3
464 1
785 1
121 3
1 3
482 1
128 2
721 3
782 3
609 3
81 4
318 4
660 4
445 2
308 3
664 1
124 3
207 4
638 2
82 5
246 2
494 5
65 3
13 3
716 1
107 3
592 4
278 3
480 3
137 5
232 1
5 4
290 5
96 1
376 1
149 1
525 2
48 5
523 1
667 4
471 3
529 3
267 2
435 2
194 1
537 2
564 3
37 2
748 3
691 2
176 4
9 2
49 3
429 3
501 3
546 4
287 1
393 2
66 2
168 3
559 1
111 3
434 5
157 2
414 4
670 1
631 2
204 4
333 7
18 3
582 4
797 2
570 1
90 2
454 1
595 4
627 1
160 6
510 3
731 2
109 1
423 5
575 1
553 1
27 4
436 4
190 2
426 3
628 1
255 3
248 5
205 4
260 1
542 1
728 4
515 3
216 1
71 2
161 4
656 2
339 5
312 2
671 3
58 5
502 2
425 2
567 3
341 5
272 2
651 1
499 2
791 2
4 4
497 1
283 1
533 4
541 3
103 2
254 1
641 1
347 3
362 3
661 2
74 3
709 2
350 1
372 1
779 2
150 2
586 2
399 1
764 1
644 1
113 1
135 6
352 6
514 3
259 3
444 1
16 2
625 3
64 2
408 3
714 1
42 1
307 2
544 1
328 2
279 1
132 3
606 5
752 3
616 1
504 3
392 3
565 2
258 1
322 3
221 2
485 2
159 2
54 5
419 3
263 2
765 2
431 3
43 3
203 2
665 4
573 2
650 1
600 2
45 2
635 2
536 4
84 1
112 3
182 1
647 2
274 3
313 2
99 1
545 4
50 8
771 5
467 2
356 5
400 2
327 2
288 2
427 1
343 2
325 2
14 4
89 1
289 4
21 1
613 1
713 3
498 2
619 2
777 1
479 1
413 4
463 3
80 1
684 2
437 2
781 3
583 3
749 2
404 3
421 2
60 1
120 2
690 3
411 1
483 3
236 3
294 2
100 5
711 4
266 2
38 2
551 1
192 3
61 4
477 1
763 2
440 2
340 3
30 1
509 3
724 1
220 1
29 2
292 3
386 3
183 2
531 5
380 2
706 1
580 4
329 4
522 1
44 2
355 3
633 1
676 6
412 3
418 3
519 2
530 1
24 3
639 1
102 3
98 2
70 1
562 1
296 2
271 4
101 3
358 3
59 2
119 1
703 1
761 3
384 3
484 1
457 4
417 1
79 1
231 4
397 2
458 3
302 4
398 2
345 4
470 2
673 2
598 2
672 3
94 1
739 4
185 4
416 2
576 1
208 2
88 2
481 1
642 2
163 2
85 1
653 1
798 1
331 2
632 1
756 4
766 1
717 1
450 1
617 1
184 1
106 1
198 3
316 2
222 4
187 4
197 2
602 1
34 1
792 2
612 2
579 1
799 2
196 1
12 2
674 3
424 2
681 1
155 2
63 3
131 5
505 2
508 1
707 1
666 2
306 1
202 1
488 2
615 1
535 2
659 4
793 2
344 1
51 2
117 4
784 2
449 4
453 4
695 1
601 1
626 1
730 3
249 1
381 1
382 3
385 3
788 2
177 2
745 1
110 1
589 2
754 1
214 1
744 1
472 4
743 3
153 2
675 1
699 1
389 3
351 1
299 2
723 1
162 2
243 1
323 1
242 1
550 2
624 3
736 2
603 3
439 1
548 1
689 1
688 1
104 1
554 1
795 1
95 2
310 3
539 1
719 1
640 1
662 1
136 1
108 2
459 1
146 1
361 1
36 1
186 1
39 2
733 2
526 1
133 1
604 1
298 2
415 1
97 2
47 2
698 1
552 1
486 1
757 1
528 1
584 1
152 1
789 1
760 1
394 2
268 1
156 1
591 1
40 1
238 1
790 1
player: 12 Individualist
636 4
219 2
272 4
694 5
178 2
119 3
752 7
447 6
96 3
732 3
705 5
18 3
311 2
350 4
38 5
314 3
656 2
763 4
164 4
161 4
151 5
757 5
413 2
795 3
504 7
419 3
484 2
270 4
104 4
669 7
568 5
661 5
590 2
637 3
451 5
399 4
5 2
404 5
452 4
622 3
719 3
181 2
544 4
672 1
626 3
723 4
41 3
564 2
28 5
155 2
459 6
198 3
150 5
737 3
561 4
101 3
213 6
713 7
224 2
65 1
772 4
23 3
730 2
546 1
349 4
660 3
91 3
102 3
601 1
524 4
301 1
634 2
7 3
43 3
115 2
779 2
409 4
313 7
218 4
276 4
614 5
118 3
98 6
384 2
133 4
241 4
401 6
510 6
29 1
283 2
381 7
258 1
781 3
203 3
418 4
342 5
718 2
497 3
202 4
488 4
367 3
758 2
508 4
696 2
215 2
415 5
511 3
284 1
278 5
565 4
539 5
13 1
799 2
647 3
715 1
55 3
445 1
689 2
560 4
236 9
775 4
134 5
514 3
477 6
153 2
609 4
430 3
533 3
460 5
741 1
331 6
581 6
169 4
254 4
428 3
394 4
267 3
242 3
8 5
20 4
370 3
747 7
797 5
493 3
426 4
393 3
573 5
111 3
159 3
354 4
126 4
464 5
287 4
433 2
385 4
149 2
225 3
32 6
58 2
148 1
469 1
400 5
103 3
201 3
252 5
369 3
412 2
260 3
364 3
551 3
786 3
281 4
129 3
90 3
292 4
243 2
746 2
574 2
223 5
184 1
490 4
538 3
665 3
306 1
594 2
454 5
776 2
675 2
323 2
308 3
206 3
1 1
93 2
416 2
529 1
255 2
76 2
360 3
217 1
24 4
398 2
27 2
646 3
366 4
721 2
277 5
329 4
100 2
131 2
773 3
427 3
703 3
21 3
78 2
724 3
500 2
39 4
309 6
264 3
687 3
512 3
461 5
423 3
654 3
37 5
160 5
268 5
82 2
295 4
717 1
228 2
420 5
783 4
327 3
325 3
257 6
798 2
49 3
766 3
296 4
182 2
271 4
120 2
709 2
353 3
326 5
158 2
376 5
620 2
616 2
674 2
600 3
483 2
122 6
191 1
576 4
441 7
550 4
79 4
659 5
108 4
335 7
633 2
503 2
317 3
604 1
11 2
528 3
16 2
348 2
591 4
770 2
216 6
92 1
112 2
188 2
185 3
458 4
402 5
192 2
683 1
509 3
343 5
688 3
422 5
54 5
475 1
473 4
778 3
152 5
380 3
467 3
208 2
302 3
280 2
531 4
525 3
698 3
643 1
30 4
210 4
205 3
629 2
440 7
745 2
432 5
615 1
124 2
558 5
89 4
251 2
60 3
471 2
780 1
699 5
557 3
61 3
690 5
352 2
186 2
734 1
753 4
548 2
619 3
163 2
642 2
774 3
293 4
36 2
501 5
130 6
214 2
117 2
6 1
166 4
470 4
176 5
31 1
238 4
570 1
707 2
156 1
62 2
48 3
232 4
580 3
630 5
789 3
584 4
462 1
431 2
652 5
670 3
315 1
25 2
700 2
141 1
19 2
722 1
588 3
482 5
556 3
173 3
74 5
85 2
429 2
294 2
113 1
63 2
373 2
259 2
595 4
135 1
679 3
767 4
86 2
586 2
593 4
183 4
371 3
351 5
256 3
330 2
322 2
142 4
83 1
743 3
444 1
716 6
139 2
14 3
265 4
286 5
97 4
12 4
229 3
653 3
567 3
605 2
3 6
299 1
498 4
685 2
332 1
356 4
771 1
56 4
397 3
105 4
677 2
344 2
357 2
563 2
172 1
648 1
298 3
379 7
372 5
207 5
244 1
760 4
333 6
35 3
623 3
144 2
411 2
375 5
365 4
436 4
406 4
26 4
794 2
701 4
80 1
46 4
73 2
395 2
339 1
566 2
499 2
735 2
211 5
145 4
154 4
793 1
289 2
784 1
275 5
162 2
347 1
132 1
71 1
638 1
22 1
777 2
543 3
387 2
532 1
300 2
628 2
128 1
189 2
582 2
288 3
618 1
575 2
448 2
171 4
231 2
383 3
782 1
363 3
645 2
676 3
733 1
220 5
536 4
4 2
740 1
358 4
410 1
554 2
762 1
535 5
291 3
520 2
728 1
640 2
425 2
562 2
75 2
233 3
199 1
571 4
439 2
33 4
611 2
249 2
492 6
438 2
720 1
389 2
114 2
540 2
671 1
424 2
667 3
612 2
684 3
711 4
40 3
247 2
279 3
521 2
17 3
788 3
545 4
787 3
70 3
336 3
15 3
10 4
408 1
522 1
527 4
446 3
165 2
51 3
262 1
190 1
607 3
195 3
187 2
250 3
468 2
449 4
442 3
755 1
68 4
759 1
77 6
541 2
388 3
662 3
168 2
245 1
641 2
796 4
691 3
744 2
516 1
47 4
346 4
651 1
603 2
391 1
44 1
519 6
318 3
572 3
526 7
316 2
613 1
785 2
337 1
237 2
200 1
42 3
127 3
359 2
569 2
414 5
374 2
549 2
179 3
523 1
625 2
502 2
478 2
290 3
693 3
87 2
598 2
457 3
146 2
534 3
197 2
494 2
253 3
273 1
167 2
57 2
226 3
341 3
608 1
517 1
621 1
378 3
736 2
403 2
472 1
390 2
708 2
738 2
266 3
34 3
768 4
303 1
180 1
455 4
748 1
542 2
136 3
680 1
157 2
81 2
64 2
496 1
585 3
140 2
392 1
664 1
769 2
209 2
282 2
712 1
537 2
170 2
361 1
310 1
443 2
474 2
138 2
589 1
749 1
417 1
123 5
495 1
405 3
481 2
407 1
552 2
234 2
463 2
583 2
761 2
328 3
435 2
246 1
221 1
673 1
726 1
518 2
362 2
305 2
377 4
702 1
756 2
764 2
9 1
196 3
52 3
222 2
506 1
706 2
94 3
50 2
434 2
240 2
579 3
177 1
547 1
204 2
714 1
456 1
742 2
107 3
174 1
578 1
466 2
727 2
269 1
792 1
513 1
632 1
491 2
106 2
334 3
125 2
739 2
754 1
450 1
750 1
88 2
297 2
66 1
109 1
697 1
59 1
695 1
617 1
649 1
437 1
668 1
355 2
175 1
248 1
368 1
312 1
592 1
476 1
382 2
731 2
505 1
320 1
72 1
627 1
489 1
644 1
274 1
555 1
147 1
player: 3 Altruist
769 3
219 5
376 4
159 3
567 6
288 5
283 2
204 1
691 4
437 6
48 3
477 3
621 3
469 1
738 3
253 1
728 3
173 1
105 6
474 2
383 3
284 2
280 3
642 2
682 3
767 1
753 5
264 2
475 3
216 3
578 2
292 5
778 4
125 3
339 4
422 2
96 5
323 5
560 2
678 4
463 6
12 2
556 2
98 5
658 2
226 3
736 3
742 6
442 3
438 4
471 4
752 6
381 5
722 3
11 1
623 3
516 1
183 1
582 6
423 6
363 3
616 4
620 6
260 3
310 3
144 4
237 6
87 6
470 4
402 2
537 5
542 4
717 4
667 3
492 2
705 3
120 4
651 1
289 5
617 3
3 5
461 3
598 3
64 4
448 3
229 3
297 5
342 3
519 2
564 4
138 5
102 3
149 4
396 1
307 3
210 4
151 3
385 2
115 4
435 6
24 4
58 3
187 4
619 3
457 3
85 3
101 3
352 5
458 3
193 3
684 3
220 6
585 1
29 3
662 4
688 2
206 4
107 4
247 5
622 6
154 2
146 3
637 2
155 5
483 5
379 4
788 4
259 5
372 3
456 4
612 2
141 5
609 2
671 3
228 5
318 5
532 2
190 3
747 3
674 2
314 4
387 8
255 8
410 5
451 4
272 5
198 2
126 4
334 3
579 5
522 3
786 1
169 2
78 2
783 2
455 3
505 2
415 1
797 9
528 3
291 3
377 2
86 3
46 3
150 3
417 2
601 3
110 2
796 3
650 1
214 4
431 2
231 4
756 4
309 1
445 2
631 3
199 6
116 3
765 1
746 6
9 5
343 3
700 1
134 3
527 3
200 3
388 6
1 2
716 4
369 5
298 3
520 4
160 4
299 3
561 6
686 2
218 3
447 4
340 2
301 3
192 3
533 2
321 1
434 2
93 5
316 2
618 4
602 3
480 6
374 2
191 3
14 1
178 7
293 1
503 5
305 5
325 4
672 1
252 3
476 1
131 2
395 1
8 2
773 1
201 6
489 3
690 1
61 3
660 1
761 5
441 3
739 2
473 2
119 1
689 3
400 3
414 2
171 4
113 4
172 3
636 4
534 2
543 4
315 3
371 5
194 1
36 3
57 4
267 6
121 4
368 1
701 3
446 1
161 1
391 4
336 7
81 2
581 3
344 2
460 3
54 4
111 2
418 7
509 3
548 2
734 4
393 5
640 2
23 2
472 2
497 2
308 3
751 1
74 2
464 2
32 2
443 1
33 2
80 6
185 3
749 2
407 5
536 4
40 5
362 5
230 2
559 6
398 2
221 5
34 3
41 3
425 1
139 3
551 3
784 4
322 2
430 4
357 2
453 2
523 4
136 3
390 2
594 3
370 2
440 6
563 2
83 3
104 4
2 2
632 1
359 6
62 3
222 3
485 1
269 3
405 6
382 2
649 5
740 3
42 5
545 3
569 2
129 4
306 4
275 2
408 2
232 3
713 4
15 3
351 5
303 2
668 3
153 3
77 4
730 4
378 3
708 3
467 3
203 4
223 2
329 1
28 3
103 3
413 2
320 2
294 3
180 3
92 3
554 3
250 3
524 3
580 3
49 3
95 6
76 1
629 1
38 2
106 2
411 6
35 3
541 3
365 1
419 6
733 4
330 2
521 5
26 4
236 2
22 4
349 6
184 4
341 2
444 3
525 2
71 2
459 3
779 4
266 2
704 3
350 4
721 1
99 4
13 2
189 1
217 2
452 4
748 3
659 4
494 2
571 5
89 4
326 2
675 2
641 1
152 3
665 5
44 2
526 1
331 2
793 1
771 2
491 2
550 2
39 1
108 2
570 1
750 2
502 5
168 4
18 2
577 5
711 1
401 2
589 2
666 4
202 2
766 3
576 3
384 2
281 4
794 4
553 3
65 1
544 4
70 4
566 1
586 1
248 1
215 2
174 1
94 5
574 2
195 3
240 1
488 1
128 6
755 3
484 2
224 2
547 2
319 6
97 2
274 2
90 3
328 3
565 3
271 2
433 3
209 2
287 1
757 1
633 1
147 1
296 1
653 2
164 6
787 3
170 3
249 1
375 1
557 1
389 3
725 2
123 3
117 4
776 4
426 1
197 2
726 3
367 2
702 3
490 3
506 4
262 2
166 3
763 1
599 2
719 1
51 4
279 2
768 3
30 2
256 1
706 2
145 5
517 2
655 1
504 2
82 4
276 1
428 3
156 2
167 3
643 1
366 2
511 1
799 4
282 3
714 2
25 5
225 3
663 3
19 1
285 2
743 3
333 1
31 6
403 3
508 2
244 1
346 2
487 3
529 3
317 3
360 4
729 1
507 2
313 2
583 1
762 1
605 1
679 2
277 5
114 3
356 4
549 1
735 3
614 3
731 3
630 1
175 2
345 3
427 2
43 2
20 4
270 2
257 1
592 2
479 3
163 1
311 3
603 2
681 5
572 2
182 3
608 1
723 1
610 2
130 4
148 1
699 1
626 1
625 2
118 4
568 4
493 2
133 1
647 3
177 2
436 3
693 1
84 3
338 3
88 2
295 2
449 2
394 4
465 2
555 1
664 3
205 2
364 3
657 2
60 1
63 2
16 2
332 4
239 2
774 2
254 3
486 2
211 1
634 2
468 1
165 1
462 3
238 3
354 2
404 4
21 3
514 1
720 3
234 4
540 2
142 2
420 3
242 2
584 2
760 1
538 4
628 3
707 1
512 2
324 1
741 2
500 1
624 2
604 2
72 1
531 1
562 1
251 1
639 1
233 1
380 4
530 3
552 2
798 2
450 2
652 2
607 2
772 1
591 3
780 2
208 3
558 1
481 1
429 1
157 2
261 2
100 3
186 2
243 5
661 3
132 3
710 1
770 1
673 1
4 1
235 1
50 2
670 2
694 1
789 1
241 4
518 2
644 1
179 1
386 2
135 2
638 2
53 2
335 1
421 1
513 4
348 3
37 2
273 2
409 1
718 1
109 2
188 2
265 1
176 1
515 3
590 1
268 1
712 1
697 1
304 2
353 1
775 1
432 5
79 1
245 3
59 1
212 1
646 2
781 3
127 2
7 1
416 3
575 2
611 1
764 1
17 1
635 2
588 2
703 3
73 2
501 1
791 3
122 2
300 2
695 1
312 2
355 2
302 3
606 2
587 2
373 1
593 1
744 1
91 3
645 1
137 2
698 3
777 1
478 1
6 1
654 1
495 1
140 1
75 1
596 1
758 1
406 2
454 1
258 1
539 1
745 1
397 3
263 1
790 2
246 2
124 1
466 1
47 1
683 1
573 1
347 1
656 1
278 1
player: 16 Individualist
247 7
383 4
356 6
175 5
556 3
118 3
274 3
7 5
416 3
13 4
754 2
774 2
65 2
363 3
88 3
287 5
510 2
443 4
284 1
760 1
304 9
70 5
23 1
204 2
75 2
684 2
502 5
372 1
279 4
474 2
729 2
770 2
545 1
119 2
31 3
585 4
481 3
554 5
44 5
113 2
26 5
246 3
55 2
124 2
311 1
1 2
388 4
266 4
62 1
244 4
326 3
483 5
404 5
409 4
593 3
104 4
584 4
8 2
364 4
161 1
441 3
276 4
10 2
391 4
333 2
238 4
331 4
72 5
100 3
549 4
488 9
227 3
587 4
454 1
752 5
95 4
525 2
205 3
730 3
583 4
407 2
34 2
603 3
269 6
24 3
647 3
268 3
707 1
778 2
637 5
222 6
271 2
424 4
607 3
187 2
213 1
288 7
192 4
20 5
619 5
419 1
524 3
194 3
64 5
739 2
230 3
528 2
73 6
761 4
415 5
701 4
129 3
625 4
541 5
682 2
150 4
399 2
720 6
234 3
115 6
212 2
127 7
325 5
464 2
495 2
334 5
381 4
796 4
211 6
106 3
644 3
506 4
265 1
711 3
466 3
543 4
566 2
652 2
39 3
563 1
328 6
176 2
477 5
470 5
698 3
763 4
154 4
401 2
638 6
40 1
93 3
179 2
79 6
46 3
282 6
152 3
236 5
705 6
145 2
794 1
387 1
661 5
60 4
426 6
670 3
463 3
482 5
445 4
514 3
643 3
755 2
735 6
439 4
241 2
357 3
738 3
692 1
726 3
452 3
394 3
85 3
80 2
662 5
303 3
614 2
748 5
461 2
712 3
719 3
768 4
423 2
537 5
633 2
733 2
312 2
389 4
229 3
581 6
250 3
327 5
797 4
341 5
624 1
659 2
511 1
749 7
655 1
793 2
86 5
290 2
94 2
171 5
790 3
582 5
151 5
216 3
422 6
11 3
693 5
5 5
184 4
202 1
685 6
578 1
406 7
219 6
433 4
302 4
740 3
189 2
200 1
349 3
97 5
428 1
228 3
360 2
358 4
306 2
411 4
640 4
509 3
591 3
9 1
451 3
758 3
442 4
27 5
517 3
273 4
374 4
375 4
59 2
436 5
489 3
501 3
604 1
542 4
332 2
47 4
339 4
622 5
345 3
126 6
757 2
135 6
248 3
275 3
48 3
280 3
365 3
507 4
677 3
513 1
468 3
522 2
185 1
103 1
307 2
500 4
538 2
400 2
669 2
786 1
467 4
33 5
676 3
741 1
732 4
96 4
125 7
476 5
589 2
750 2
742 1
588 2
498 4
435 4
249 2
641 4
456 2
54 1
773 2
2 2
168 2
371 2
203 2
595 2
310 6
293 3
144 9
338 4
687 2
380 6
573 4
378 2
133 2
373 5
170 4
431 4
723 3
174 2
780 3
147 2
322 2
504 4
765 3
166 1
346 3
336 3
355 2
50 5
143 2
475 5
485 1
432 3
340 3
305 3
570 2
369 2
123 2
128 4
25 4
721 3
82 4
29 4
756 2
785 2
744 3
657 2
367 3
141 7
552 4
57 1
527 3
490 3
496 4
264 3
243 1
239 3
173 5
678 2
715 2
781 2
766 1
700 1
717 5
503 3
679 4
148 4
598 6
71 2
258 2
158 3
376 2
321 1
784 2
478 4
417 2
15 2
139 2
226 3
260 5
634 2
421 4
16 1
743 4
526 2
201 1
484 1
136 3
747 3
108 3
91 4
455 1
76 2
122 3
551 1
319 1
540 4
193 3
30 2
84 3
505 3
313 6
142 4
69 5
683 2
713 2
28 5
270 3
261 5
87 1
639 2
615 2
178 1
448 1
458 4
317 1
472 2
674 1
671 2
295 2
680 3
444 6
361 3
352 3
610 1
689 2
172 6
621 1
314 2
140 1
214 2
434 2
180 3
315 3
102 3
632 3
294 3
231 4
446 4
618 2
382 2
408 5
535 4
521 2
267 3
395 3
600 2
576 1
686 1
425 2
767 2
559 5
157 1
350 5
149 4
586 4
52 3
605 4
728 1
368 1
548 2
397 2
601 5
546 6
440 3
53 2
21 4
492 4
251 4
177 2
402 4
672 3
289 2
362 3
56 1
348 4
281 2
42 3
736 2
623 4
262 2
597 1
99 1
697 2
645 6
181 1
769 1
121 2
354 3
132 2
32 3
771 1
718 2
252 5
107 2
628 2
438 1
592 4
457 2
681 1
606 1
253 3
658 2
691 3
343 2
83 4
285 2
523 2
608 1
737 3
599 2
263 1
487 2
575 1
777 2
384 1
617 2
516 2
90 3
197 4
612 1
508 2
330 2
344 8
393 2
569 5
568 2
519 3
296 2
134 2
396 3
759 1
370 1
156 2
215 1
418 2
648 2
66 4
762 2
627 1
316 2
112 1
257 2
449 1
518 2
98 2
779 2
480 4
550 5
620 4
798 2
491 1
272 5
795 1
117 3
92 4
561 4
347 3
116 1
169 2
299 3
120 2
206 2
233 3
553 3
405 2
572 1
58 3
137 3
746 1
291 1
4 2
642 2
190 3
515 1
320 5
195 5
19 2
751 1
278 2
105 2
539 2
667 1
413 1
776 2
611 1
673 2
130 3
787 3
329 1
654 3
209 3
308 2
714 1
163 3
731 1
635 1
138 1
377 3
110 1
198 1
37 1
688 2
706 1
709 2
427 1
534 1
232 2
789 1
199 1
245 1
225 1
724 3
708 2
497 2
12 1
536 1
529 2
636 3
49 1
210 4
259 1
646 3
51 2
167 2
530 1
292 1
36 2
398 3
616 1
386 3
594 1
734 1
703 3
565 1
651 2
237 1
613 2
704 1
788 1
560 2
430 1
547 3
351 1
146 1
207 1
277 2
437 2
286 2
555 1
301 1
462 2
626 1
609 2
716 3
162 2
479 2
562 3
208 2
459 3
453 2
665 1
131 1
663 1
567 1
450 1
471 3
298 2
18 1
696 1
675 2
571 3
342 2
240 2
155 1
392 1
690 2
153 1
557 1
469 2
702 1
353 1
41 2
323 1
220 2
486 3
81 1
727 1
359 2
660 1
256 1
283 2
602 2
68 2
649 2
17 1
254 2
465 1
183 2
318 1
61 1
160 1
499 1
410 2
43 1
664 1
558 2
412 2
164 1
182 1
512 2
217 1
653 1
224 1
792 1
722 1
390 1
473 1
799 1
3 1
337 1
235 1
218 1
45 1
14 1
520 1
753 1
379 1
493 1
772 1
745 1
725 1
109 1
player: 13 Individualist
605 2
421 4
419 2
543 2
383 6
102 3
255 4
493 6
158 1
385 5
721 2
500 2
501 3
243 4
166 3
428 3
564 3
706 4
507 2
622 4
399 7
745 2
145 3
247 6
418 2
443 2
683 2
769 2
325 8
148 1
774 3
287 5
783 2
336 4
124 3
516 7
404 8
503 10
558 4
720 3
637 3
447 2
59 4
362 6
394 6
77 1
579 5
242 3
524 2
489 5
89 5
46 5
542 7
125 1
365 4
229 3
130 6
444 2
663 4
344 3
646 5
69 7
182 2
58 4
555 5
796 3
337 3
572 3
175 2
522 4
388 4
698 2
692 6
155 2
92 3
483 4
753 3
37 2
789 5
269 3
737 2
678 2
693 3
473 1
375 2
533 3
57 5
587 4
24 2
197 3
13 5
797 7
23 2
141 2
377 3
348 2
368 3
513 3
397 3
70 1
55 3
495 3
118 4
285 1
760 4
633 4
402 3
4 3
765 2
475 7
539 4
80 3
341 4
51 3
18 5
88 2
236 2
675 2
472 2
213 4
334 4
94 3
592 4
10 3
759 4
146 3
135 5
537 3
305 4
491 3
270 4
787 2
623 2
29 1
451 6
560 3
408 4
585 2
504 6
272 3
674 4
82 1
595 4
11 6
390 4
718 3
108 3
460 3
307 6
378 5
423 5
701 3
248 4
568 4
216 1
138 5
726 2
17 7
795 2
72 5
573 1
136 4
40 3
156 2
559 3
506 3
546 3
91 3
257 2
203 4
464 5
412 4
355 3
497 1
318 2
288 2
743 1
603 2
466 2
346 3
21 5
12 2
625 3
53 2
729 2
417 3
432 6
459 3
548 3
450 3
758 3
611 3
329 3
97 3
186 3
312 2
330 3
160 1
49 3
161 5
20 1
672 5
484 4
627 4
150 3
177 3
794 2
39 5
178 3
249 2
746 2
52 4
187 6
373 4
84 3
327 2
705 1
256 3
159 6
710 2
454 3
790 5
234 4
488 3
405 5
264 2
773 3
16 1
662 3
566 2
238 4
131 3
563 7
207 1
785 3
515 3
658 3
593 2
695 4
403 1
667 3
748 2
604 2
196 4
113 2
63 6
240 5
478 2
79 3
117 6
76 1
297 3
74 2
357 2
134 4
306 7
252 1
792 2
363 4
620 1
98 2
28 3
742 1
19 2
345 3
31 1
291 4
208 4
164 2
226 4
430 2
137 3
749 2
479 2
223 4
266 4
669 4
682 2
398 1
181 4
324 4
290 3
551 4
393 2
265 3
438 4
300 4
381 2
200 3
157 2
214 4
799 3
317 2
411 3
335 3
476 2
315 4
367 3
68 1
316 4
201 1
25 2
508 2
218 4
30 2
738 4
107 3
732 2
778 1
293 3
8 3
358 3
139 3
492 2
292 4
535 3
538 2
6 2
649 3
490 5
33 1
64 4
320 4
407 5
439 4
446 3
456 1
99 3
352 8
67 1
361 7
261 3
244 4
767 3
78 3
704 1
461 3
477 4
619 3
171 5
400 3
106 3
431 1
333 4
618 2
342 2
575 3
635 3
712 1
498 1
584 1
528 3
677 1
163 2
295 2
670 3
629 1
609 4
708 1
296 4
233 4
180 1
754 1
725 2
210 6
415 4
246 4
576 1
339 2
647 1
552 1
347 2
435 6
370 3
62 3
606 2
289 1
359 6
719 1
66 2
205 4
762 2
442 2
282 3
445 4
310 1
174 1
276 2
505 1
425 4
61 2
372 3
48 3
616 1
283 2
433 4
728 1
96 3
634 3
54 1
686 3
591 2
83 4
395 2
202 5
235 1
661 4
734 4
371 6
259 3
626 1
225 3
494 3
206 6
328 7
671 2
101 3
470 3
119 2
510 2
612 3
75 2
237 2
780 2
722 2
308 4
770 3
115 1
714 5
366 1
577 2
413 3
709 2
681 5
382 3
628 3
697 1
374 5
636 3
437 1
782 3
100 3
132 3
215 6
463 4
93 3
775 3
532 3
392 3
354 3
561 2
550 1
602 2
541 3
127 2
309 3
610 3
462 3
588 3
422 2
34 1
153 3
184 6
322 4
254 2
763 3
679 2
251 3
120 1
230 2
680 3
702 1
511 1
258 3
179 3
544 3
427 2
343 2
245 2
294 6
112 2
222 1
109 4
465 2
281 3
217 4
147 1
571 2
562 2
90 1
260 2
239 1
172 2
703 1
143 1
638 1
526 1
752 1
60 4
666 2
747 2
441 7
429 1
267 1
111 2
231 2
103 3
653 1
766 1
523 3
586 2
420 1
613 3
253 2
87 2
188 2
449 2
436 1
424 4
664 3
190 4
733 1
596 4
724 2
349 3
590 4
321 2
338 1
557 1
567 4
167 2
15 7
32 5
301 2
641 4
389 1
598 2
414 2
401 2
696 3
65 2
652 2
520 3
302 3
512 3
193 3
340 4
168 2
786 4
199 2
162 1
614 1
129 1
643 1
195 3
730 4
350 4
434 2
657 2
448 3
482 4
379 5
170 1
480 3
1 1
621 2
152 2
757 1
154 1
38 2
304 3
580 3
554 2
280 3
211 3
81 3
565 1
735 1
531 3
250 3
676 1
617 2
351 2
326 2
183 3
105 2
529 4
311 4
549 2
700 1
771 3
713 2
474 2
426 2
228 2
673 1
360 3
691 3
779 3
303 1
645 2
273 2
198 1
527 3
711 3
723 2
227 1
356 4
648 1
73 1
279 1
104 4
44 1
481 2
798 2
14 2
277 2
144 2
630 3
452 4
457 1
469 1
644 2
499 2
650 3
71 1
169 3
416 2
114 1
209 2
123 1
777 3
764 2
95 1
744 3
9 2
332 1
530 2
655 1
219 3
502 1
660 1
192 4
553 1
519 1
262 5
142 1
275 4
772 3
133 3
45 2
776 2
521 1
471 3
391 3
194 1
121 2
165 1
687 2
47 2
699 1
140 1
2 1
640 1
224 1
220 2
85 2
540 3
323 2
781 1
43 1
694 1
409 2
274 3
739 1
768 2
597 1
110 1
793 2
314 1
654 2
384 1
685 2
467 3
517 1
740 1
570 3
271 3
364 1
35 2
496 2
601 2
176 1
581 2
221 2
41 1
241 1
380 2
665 1
656 2
525 1
149 1
396 1
331 1
659 2
27 1
518 1
651 2
204 1
788 2
86 1
717 2
299 2
286 1
319 2
514 1
569 1
128 1
582 1
468 2
126 1
784 1
56 1
741 2
369 2
26 1
761 1
263 1
731 1
689 1
387 1
7 1
440 2
751 1
5 1
298 1
212 1
455 1
player: 9 Individualist
471 2
346 3
65 3
783 4
749 4
335 1
499 5
49 4
253 4
728 3
30 3
704 2
352 3
776 3
294 4
592 6
198 4
444 3
534 1
557 4
476 6
433 4
415 7
38 5
250 4
623 2
243 2
394 2
531 4
517 5
522 3
441 3
489 2
195 4
357 3
682 4
15 4
136 4
321 1
4 3
554 4
133 2
423 6
194 1
127 5
71 6
247 3
432 2
571 1
99 4
627 1
95 2
500 3
265 4
578 2
43 3
566 4
687 5
516 3
447 5
586 5
90 2
487 4
793 1
312 2
80 3
637 2
457 2
62 3
570 7
451 4
183 5
182 4
88 6
284 4
696 2
189 5
173 6
110 1
572 3
690 3
691 3
530 4
524 2
404 4
743 2
148 5
54 2
590 1
376 1
79 3
723 3
533 6
686 5
645 3
297 2
657 3
145 4
701 5
364 6
719 2
750 1
780 4
514 6
399 2
340 2
600 5
382 6
692 3
740 4
309 5
327 4
89 3
330 3
379 6
178 3
654 6
527 2
203 3
765 2
113 3
569 3
165 1
503 3
86 1
785 2
248 2
465 7
360 4
773 1
662 2
799 6
480 5
256 4
263 2
482 1
2 3
442 5
362 3
777 5
52 2
57 5
429 3
180 3
106 1
255 2
244 3
766 5
390 3
721 1
144 4
329 5
436 2
460 4
167 5
350 4
787 4
757 1
272 6
470 2
583 3
484 1
715 2
212 3
225 5
463 7
580 3
301 4
325 4
282 3
298 2
539 3
333 4
175 5
130 1
788 2
39 3
716 8
37 1
543 3
771 3
236 2
732 1
544 3
84 3
306 4
597 2
319 4
603 3
650 5
215 2
230 3
129 4
132 2
631 2
48 1
370 5
386 2
190 2
185 2
363 1
739 3
207 3
428 6
556 3
380 3
577 2
290 2
648 3
246 5
639 3
26 4
688 1
55 4
214 3
87 1
366 3
384 2
74 2
402 2
528 5
609 2
796 3
358 3
328 5
66 2
450 4
41 2
419 2
279 7
458 3
437 2
486 3
320 2
299 3
707 3
135 2
634 8
40 2
758 4
232 4
454 3
271 5
752 2
756 1
774 3
98 2
249 1
162 1
228 2
496 2
418 3
160 2
407 5
626 3
117 3
76 4
242 3
367 6
341 2
392 4
261 2
641 2
427 3
267 5
291 3
553 1
161 4
751 8
201 5
754 4
729 1
794 3
251 5
21 2
733 3
128 2
342 3
153 4
629 2
200 6
505 6
506 2
672 4
33 2
473 2
191 4
720 1
85 2
790 2
349 2
262 4
607 2
551 6
289 5
610 2
703 2
174 3
689 2
760 3
761 4
385 2
316 1
565 5
613 2
422 2
28 2
334 2
373 3
20 2
481 6
111 7
123 1
424 1
676 4
206 2
280 2
344 2
619 2
797 6
671 1
104 5
240 5
616 2
121 4
635 4
377 6
478 3
6 1
594 3
656 1
596 4
164 2
792 2
521 6
493 2
315 2
97 6
116 3
512 1
485 4
608 7
258 5
573 2
59 3
103 3
122 2
759 1
601 2
159 2
101 3
675 3
462 4
108 4
495 2
114 4
120 3
275 3
126 1
310 5
574 2
762 3
502 3
100 1
445 2
229 2
490 3
568 2
134 1
163 1
509 5
184 3
472 4
747 3
332 1
515 5
630 3
318 2
440 2
393 3
438 2
401 6
337 6
109 3
763 3
453 4
92 5
599 6
768 1
398 4
575 3
615 2
477 2
591 3
209 1
146 2
75 3
525 1
138 4
699 2
718 2
795 3
413 3
724 3
425 2
181 2
646 2
222 4
508 3
519 2
82 2
166 1
36 3
218 4
658 2
652 4
717 2
567 4
620 1
408 6
213 5
537 4
492 2
339 2
507 5
295 1
680 6
143 3
498 4
547 4
542 3
269 2
245 1
602 4
31 3
448 2
713 2
67 1
741 1
412 4
644 1
313 2
286 3
706 3
141 2
137 4
322 4
288 5
670 2
612 4
365 2
61 4
659 3
767 3
468 5
564 2
217 1
501 1
112 1
731 4
156 4
588 1
193 4
621 2
60 2
655 2
400 1
474 2
523 5
23 4
548 1
264 5
681 4
63 2
338 2
375 3
536 1
738 1
96 4
368 3
546 3
187 3
3 6
561 1
292 3
270 5
34 2
220 2
336 2
140 2
331 1
107 3
252 1
595 5
241 3
131 2
587 2
550 2
323 2
711 3
221 2
237 1
25 2
56 3
361 4
93 1
598 2
197 3
102 2
210 5
584 1
238 5
64 3
389 1
403 5
35 2
22 3
439 1
705 3
605 3
149 1
353 5
311 4
753 3
58 3
24 3
744 1
369 4
710 2
420 3
356 2
351 2
152 2
593 1
693 1
748 2
782 3
625 4
314 4
643 3
266 2
388 5
260 2
781 3
78 1
196 2
305 4
268 4
42 3
764 2
431 1
730 2
1 4
552 1
308 4
235 1
177 2
154 2
46 2
663 1
53 1
372 4
32 4
409 2
18 3
317 1
483 1
91 2
661 2
234 1
755 1
125 2
347 3
491 1
27 1
276 1
698 2
273 2
582 3
118 1
725 2
581 1
205 2
11 1
354 2
778 2
8 2
12 2
685 2
618 1
296 2
105 2
219 2
576 2
278 6
488 3
307 3
115 1
29 2
617 3
233 2
359 2
735 1
171 3
9 2
529 2
274 1
417 4
345 2
632 2
50 3
540 2
406 1
224 1
348 2
504 1
343 3
745 2
667 1
150 3
742 1
371 1
45 2
68 1
411 3
456 2
789 5
211 3
614 2
179 2
726 3
684 1
510 1
69 2
624 4
549 1
563 2
674 1
786 3
158 3
378 3
712 1
202 3
169 3
283 3
10 2
227 1
791 1
47 1
13 2
226 1
664 2
414 1
430 1
736 3
746 1
381 2
396 1
560 1
77 2
405 1
5 2
147 2
784 1
611 2
770 1
520 2
459 2
192 1
426 4
541 3
7 1
139 2
239 1
518 2
374 1
435 2
479 1
647 3
151 1
326 1
660 2
188 1
277 1
119 1
51 2
421 3
677 1
455 1
604 1
665 1
702 1
355 2
775 1
669 2
633 2
606 1
94 1
302 2
449 3
642 1
678 1
513 1
651 1
558 2
461 2
653 1
772 2
199 1
81 1
216 1
443 1
72 1
259 2
467 1
636 2
779 1
304 1
254 1
204 2
638 1
186 1
383 1
70 1
579 2
416 1
257 1
727 1
446 1
395 1
player: 15 Individualist
308 4
592 1
444 5
673 6
119 4
256 2
628 4
271 2
225 1
261 2
699 6
333 9
123 4
226 3
669 3
538 3
518 4
604 5
785 2
432 3
599 1
352 3
116 3
509 3
55 2
149 5
208 5
621 1
210 4
23 4
726 4
245 4
404 4
402 3
58 2
454 7
237 3
646 2
18 2
473 4
155 2
319 4
506 4
284 5
157 5
196 5
765 2
71 5
34 3
369 1
251 3
537 1
633 4
213 5
590 6
103 2
383 3
137 2
272 1
642 5
124 5
559 4
527 4
654 1
467 2
563 2
70 4
6 5
331 3
511 1
575 2
747 1
545 4
539 1
316 4
472 6
626 3
14 5
297 7
535 2
81 2
766 2
323 4
153 4
350 4
492 3
259 5
315 4
121 3
273 2
594 2
428 2
659 2
459 3
476 3
513 2
79 1
105 3
257 1
530 1
728 3
711 2
176 1
203 8
343 3
433 6
147 3
182 4
419 3
488 3
525 5
64 2
274 4
606 6
276 3
366 4
249 3
367 3
395 2
475 4
298 3
799 3
134 2
706 4
275 5
441 2
241 5
487 3
204 4
587 5
125 4
679 1
582 7
413 2
390 3
317 2
418 5
442 6
50 6
106 4
752 3
748 3
680 1
46 8
188 2
524 1
760 3
521 2
165 3
498 6
503 2
17 3
37 4
133 5
434 3
643 4
417 3
347 2
209 1
384 6
338 2
776 2
253 6
373 2
431 3
175 6
593 2
363 3
187 4
243 3
185 4
244 3
120 2
630 3
130 3
411 2
627 2
784 2
266 5
113 3
30 1
612 3
718 5
526 5
730 10
584 1
519 4
676 3
570 2
401 4
89 4
126 1
692 3
374 2
300 7
184 2
767 6
480 3
688 3
394 6
279 5
19 4
581 4
32 3
329 5
778 1
51 3
541 1
24 4
469 2
380 1
416 3
286 2
109 2
700 5
8 3
218 7
388 3
744 3
143 3
482 4
268 5
83 4
407 2
520 4
26 3
553 2
452 7
38 2
250 2
578 1
278 4
161 4
77 3
43 1
684 2
151 4
205 4
42 6
635 2
510 3
560 5
145 3
451 3
194 2
681 3
715 5
391 3
470 5
389 1
400 4
775 1
502 4
216 2
788 1
658 4
85 2
460 3
758 4
353 1
387 4
710 3
486 4
724 5
554 2
328 5
332 2
693 4
236 5
190 1
589 1
740 2
15 4
53 2
549 3
45 1
239 3
697 3
22 4
92 3
438 3
430 4
320 1
354 2
107 6
13 1
496 4
596 3
686 2
481 3
704 2
289 3
263 5
211 1
56 2
334 2
179 3
154 2
41 1
550 2
501 5
258 2
494 2
779 5
749 4
735 2
504 3
457 4
115 4
348 3
264 4
701 4
636 2
420 2
306 6
792 1
10 3
102 1
47 2
96 1
171 2
382 5
439 3
110 4
712 2
393 5
368 3
396 7
500 3
516 4
662 3
474 3
483 3
122 4
326 4
415 1
296 1
302 5
632 2
220 2
136 2
82 4
671 1
422 3
321 8
786 2
325 3
235 4
698 1
189 3
664 3
4 3
651 2
307 2
178 1
798 3
141 1
609 2
619 3
631 2
260 3
217 6
16 4
458 6
490 1
344 2
586 1
449 3
61 3
567 2
738 2
346 3
173 3
265 2
181 2
678 3
548 6
787 4
288 2
49 3
773 2
75 4
772 2
311 3
358 2
601 3
202 2
614 1
339 4
577 3
324 3
534 3
9 3
248 6
796 3
95 2
183 2
231 2
641 2
585 4
479 4
174 3
292 2
269 2
295 3
682 2
561 4
613 3
721 5
657 1
100 2
733 1
719 3
341 4
21 1
73 3
78 2
573 3
478 3
356 5
132 5
647 2
294 5
485 2
531 3
377 3
207 2
424 4
86 1
427 2
768 3
771 1
723 3
327 2
445 3
495 1
745 3
112 4
381 3
192 1
781 1
335 2
31 2
739 1
36 3
637 7
167 2
489 5
611 3
88 2
246 3
291 5
228 1
443 1
98 4
731 6
661 1
791 4
616 1
574 5
505 2
450 5
591 3
84 5
650 2
63 2
717 1
227 2
794 2
28 4
677 1
242 1
756 4
138 3
405 4
370 7
351 1
421 3
453 1
471 4
378 3
186 4
360 2
556 1
101 1
780 3
653 3
303 4
522 2
468 3
222 4
128 2
108 4
406 6
610 4
729 2
702 2
287 2
497 2
104 3
734 2
233 1
790 4
293 2
477 1
426 2
412 2
340 4
11 2
523 3
345 3
429 4
67 1
313 4
644 2
166 1
595 1
689 4
572 5
163 2
40 2
685 1
629 3
376 2
20 2
379 2
725 4
668 3
349 4
716 2
761 1
52 1
547 2
197 3
224 2
281 3
170 3
280 4
751 2
398 2
355 1
737 2
365 3
164 1
25 1
603 3
283 5
3 2
448 2
69 1
466 1
142 3
118 2
238 2
375 2
514 3
255 4
414 4
757 7
66 3
555 1
48 2
602 4
322 3
90 3
789 2
44 1
461 3
713 2
267 1
39 2
736 1
440 2
27 3
301 3
312 1
330 1
753 2
770 1
229 1
359 3
759 2
491 1
566 2
512 3
200 2
87 1
146 2
463 1
1 1
562 1
299 2
33 3
435 1
57 1
568 1
569 4
410 4
159 2
219 1
690 2
639 1
357 2
793 2
797 5
600 2
618 1
397 3
144 5
746 1
499 3
60 2
540 3
131 3
543 2
703 2
743 2
117 1
215 3
683 1
270 3
691 2
605 1
667 3
515 2
129 1
80 2
342 3
277 2
386 2
111 5
597 1
762 3
91 2
638 2
705 1
290 1
168 1
696 2
12 2
162 2
625 1
232 1
199 1
97 2
403 1
624 3
72 3
709 1
576 4
135 3
754 1
465 3
371 1
598 3
156 5
695 1
727 1
336 1
583 2
423 1
672 1
774 2
94 2
615 2
364 1
655 1
177 1
608 1
670 2
191 1
372 2
769 1
462 1
620 1
645 2
65 1
7 1
362 2
337 1
193 1
447 1
172 3
722 2
783 2
54 2
409 2
544 2
764 2
579 1
304 1
675 1
285 2
59 1
169 1
656 1
529 2
5 1
588 1
674 1
750 2
446 1
29 1
74 1
262 1
732 1
720 1
230 1
99 1
508 1
93 2
663 1
640 1
252 1
425 1
565 1
558 1
392 2
623 1
437 1
455 1
741 1
309 1
436 1
399 1
2 1
127 1
665 1
617 1
150 1
player: 14 Individualist
547 4
246 2
429 4
767 4
119 2
356 2
149 1
255 4
83 2
302 1
719 2
217 3
490 4
422 7
2 1
383 5
191 2
631 3
203 3
692 3
770 5
70 3
137 4
537 3
365 2
635 4
528 2
271 4
42 1
416 3
178 4
208 6
15 4
3 3
161 3
476 2
80 4
415 7
28 3
454 4
470 3
449 4
702 3
321 3
630 1
199 4
352 3
380 2
411 5
387 3
773 2
442 5
787 5
620 3
532 2
75 2
451 2
73 2
590 2
497 5
455 2
174 2
135 2
138 4
176 6
609 3
68 5
254 3
751 2
350 4
391 5
188 1
235 3
118 3
336 2
215 3
283 2
458 5
286 7
527 3
14 2
85 3
684 3
251 4
445 4
511 4
377 2
307 4
247 4
428 5
619 2
167 2
304 2
460 4
154 2
774 5
58 3
34 2
169 4
655 5
114 3
432 3
729 6
734 4
570 1
423 1
190 6
524 3
446 7
775 5
110 2
519 5
604 7
534 5
164 2
522 3
794 5
248 1
431 3
546 4
746 3
565 5
347 2
594 1
796 2
333 7
575 4
33 4
605 2
464 2
489 3
285 5
744 4
747 3
731 1
584 3
1 3
268 3
726 3
569 3
514 2
676 1
486 3
210 5
410 4
165 3
504 6
133 4
581 3
189 3
139 2
162 5
200 3
799 4
26 4
211 3
21 1
529 3
281 2
277 6
60 3
99 6
104 1
72 2
320 5
65 5
491 1
403 2
29 3
483 4
481 1
194 3
175 1
11 2
120 2
677 4
566 5
116 6
541 2
441 3
554 5
708 5
252 4
185 3
466 6
440 4
222 5
172 1
41 2
303 1
330 5
98 2
672 4
553 3
591 6
699 2
545 4
469 2
108 4
512 5
638 3
507 3
721 2
292 2
412 4
435 5
394 1
323 4
698 2
551 2
146 4
22 5
749 3
297 6
386 4
256 3
86 2
398 2
63 6
610 2
204 3
673 1
171 6
338 4
563 5
718 6
289 1
420 2
245 2
700 3
282 2
147 4
102 5
599 1
395 5
231 4
642 3
196 5
762 4
94 1
97 2
652 4
685 3
611 2
761 4
506 4
390 3
671 4
421 4
471 1
379 2
265 5
284 4
439 1
12 2
542 4
644 1
508 3
540 6
626 3
413 4
16 1
667 3
766 2
198 1
467 4
518 5
782 1
488 3
745 2
8 1
740 5
396 2
54 3
272 6
780 2
212 4
31 5
788 3
257 3
738 2
317 3
258 1
735 4
91 1
123 3
349 1
158 3
69 1
259 1
373 3
436 5
617 5
150 3
739 3
358 3
705 3
153 3
600 3
513 5
360 5
494 3
433 3
340 3
276 1
530 4
603 3
177 2
641 1
353 3
375 3
648 3
608 3
107 2
417 3
233 4
100 2
478 1
181 3
105 1
313 5
322 3
649 1
662 4
351 5
324 2
214 3
765 2
56 2
593 3
769 4
614 1
791 2
274 2
637 1
425 7
679 2
687 4
355 3
64 1
295 4
404 5
223 1
241 6
392 5
376 7
717 3
434 4
293 2
221 1
784 5
669 4
397 4
622 2
115 3
755 1
122 3
55 1
639 2
660 3
325 2
496 2
595 3
587 2
84 4
474 1
159 5
712 1
482 2
205 2
327 2
134 6
157 3
92 6
475 2
742 3
484 4
35 1
126 4
242 2
585 2
426 2
127 2
131 3
362 2
234 7
574 3
343 3
278 4
572 3
456 2
308 2
44 5
578 3
743 2
499 5
305 2
306 3
664 1
539 5
777 2
4 1
438 6
228 5
53 2
296 3
668 3
414 3
562 4
786 2
568 8
202 2
634 2
229 3
45 3
82 1
521 1
318 1
629 2
768 3
237 4
219 4
588 1
301 2
485 1
152 6
160 3
463 3
753 1
785 1
339 1
525 2
733 2
106 2
316 1
71 5
480 1
678 4
130 3
589 1
334 2
155 4
555 6
81 2
300 6
7 1
9 2
151 3
79 4
249 2
39 2
728 4
50 3
239 2
683 3
748 2
645 2
393 4
723 1
103 1
309 4
88 2
601 2
407 1
111 2
345 2
690 2
62 5
793 2
374 3
741 2
187 2
722 2
225 1
59 1
280 3
408 2
294 1
74 1
452 2
37 2
227 4
674 5
6 4
366 1
498 3
798 3
492 1
250 4
243 1
389 4
675 2
27 1
473 2
556 5
517 3
25 1
128 3
650 1
148 3
129 3
267 3
299 4
552 3
670 2
52 5
364 1
240 2
357 3
319 2
369 2
264 1
764 2
96 3
709 3
691 2
402 1
142 3
797 2
725 3
141 2
760 4
758 2
329 3
548 4
266 3
523 1
43 2
38 5
218 3
197 3
328 4
666 2
663 1
409 2
493 4
448 3
531 1
314 4
220 2
510 1
616 2
756 1
783 2
342 3
193 2
312 4
688 1
195 2
592 2
450 2
182 4
468 2
183 3
430 2
93 2
232 1
315 1
701 1
49 1
682 2
571 1
418 2
526 2
465 4
695 4
332 3
558 1
694 2
405 2
384 2
77 3
346 1
385 1
586 1
612 2
457 3
168 1
472 1
597 2
201 1
503 2
495 2
344 2
192 2
543 3
206 3
714 1
288 2
580 4
707 2
640 4
583 3
461 2
367 2
51 3
186 4
561 3
57 2
778 1
382 3
238 2
335 1
627 2
24 2
477 2
727 3
704 2
359 1
443 3
47 4
326 3
795 1
752 1
658 1
536 3
273 1
78 1
216 2
269 1
689 1
144 3
5 2
535 1
163 2
378 2
579 4
399 2
95 2
36 1
792 3
406 2
166 2
101 2
67 1
706 1
732 1
730 2
479 2
13 1
236 3
549 2
370 3
287 2
636 1
30 1
538 2
643 3
516 1
331 4
90 2
23 1
261 2
143 1
582 4
559 1
771 1
623 1
337 4
270 3
371 2
61 1
136 2
140 4
573 1
447 2
453 2
763 2
156 3
772 3
577 2
564 1
291 2
262 2
533 1
419 1
754 1
363 1
567 3
388 2
618 2
341 3
279 1
613 1
170 2
776 1
424 2
19 2
20 3
487 2
275 3
113 1
125 1
401 4
310 1
621 2
651 1
372 3
646 1
625 1
132 1
757 1
606 1
681 1
502 1
654 2
789 1
710 1
427 1
544 2
557 1
632 1
124 1
354 1
184 2
615 1
750 1
437 2
444 1
17 1
515 1
121 2
173 1
781 1
693 1
661 1
368 1
720 1
348 1
40 1
226 1
361 1
230 1
736 1
381 2
48 1
697 1
209 1
400 1
260 1
724 1
10 1
18 1
656 1
501 1
player: 1 Altruist
77 6
489 1
21 5
96 6
534 2
551 3
645 3
703 6
88 4
680 3
81 3
162 3
26 4
606 2
610 3
669 3
138 1
396 4
216 1
377 7
509 3
604 3
173 3
110 4
261 6
296 4
743 1
271 5
545 4
205 3
376 2
616 3
327 2
655 3
292 4
647 3
768 2
383 1
177 3
208 4
207 2
392 6
48 4
188 3
125 1
775 4
22 3
526 2
13 4
285 3
678 2
190 4
547 2
540 3
522 1
63 4
580 6
628 2
78 1
651 3
322 8
247 4
553 2
621 2
443 3
102 4
60 1
357 4
440 2
472 5
108 2
614 4
49 4
590 2
530 4
345 3
226 4
512 2
744 3
427 3
588 4
61 2
473 3
150 3
104 4
95 2
596 1
630 4
245 2
725 3
422 3
594 2
480 5
797 2
417 5
280 3
699 2
632 2
536 3
267 7
180 8
532 2
197 3
335 7
330 3
307 1
236 2
511 2
289 4
184 5
711 3
430 2
152 4
371 3
344 3
337 4
58 2
50 8
785 4
287 7
331 5
9 2
217 4
403 9
778 1
438 4
626 4
760 5
421 2
179 4
25 2
279 6
263 3
32 2
44 3
159 4
573 3
266 3
259 2
387 5
790 5
258 6
276 1
477 2
406 3
527 2
563 3
273 6
555 3
229 3
496 5
723 2
249 3
121 4
717 3
548 3
704 1
581 3
766 2
41 3
774 5
395 4
474 6
363 4
448 1
248 6
793 1
142 2
362 3
225 4
113 3
10 3
619 2
351 4
165 5
316 3
792 2
313 3
439 5
389 7
250 6
354 5
310 2
405 4
193 2
268 2
89 4
609 4
185 1
11 2
691 3
499 3
764 3
686 4
139 4
53 2
494 3
270 6
359 7
241 1
794 3
187 6
539 2
75 3
649 1
398 4
484 4
154 1
293 7
18 4
378 4
198 5
301 2
492 5
557 1
76 3
275 6
767 4
465 1
365 3
42 6
513 4
379 4
731 4
122 3
549 3
43 2
461 2
98 4
772 3
414 3
625 1
411 5
476 3
147 1
314 5
349 4
375 1
442 4
386 3
237 5
329 1
787 5
163 4
470 4
585 1
196 6
20 4
710 2
4 2
134 2
479 1
624 7
112 3
791 5
319 3
452 2
300 2
455 6
390 1
544 4
3 4
272 1
745 2
171 3
688 2
781 2
416 3
372 2
434 3
340 5
166 3
570 3
35 2
103 3
401 3
338 2
339 5
701 3
483 1
286 1
308 3
529 4
23 4
603 2
572 2
55 4
143 3
253 1
716 1
742 3
52 1
660 2
167 3
773 2
748 4
409 2
673 3
799 2
584 2
566 3
504 6
482 1
290 5
543 5
498 2
516 3
72 4
200 3
780 2
746 4
620 3
168 3
45 4
97 1
656 4
587 2
318 4
220 4
119 4
256 4
582 1
223 3
243 5
126 2
235 1
698 1
262 4
2 2
283 3
457 4
602 3
739 4
454 4
15 3
348 2
583 3
342 7
682 2
515 2
282 4
468 1
129 4
437 2
487 2
672 1
506 1
148 4
418 4
639 3
507 2
500 4
741 2
643 4
700 2
592 4
503 3
158 2
770 2
238 2
432 2
556 3
356 2
175 2
435 2
568 3
155 4
12 1
510 1
281 3
346 5
294 3
303 2
640 5
130 4
611 2
750 4
17 2
535 3
497 3
779 3
191 3
232 2
277 1
311 3
315 3
505 2
321 2
144 4
627 1
239 2
776 4
607 1
593 4
100 4
471 2
373 5
328 2
428 2
577 5
123 1
298 5
213 5
740 3
211 4
623 2
726 1
490 3
309 1
34 5
752 3
106 2
352 1
550 2
264 3
662 3
380 3
82 2
789 6
541 2
493 4
93 2
19 3
644 1
131 4
214 2
642 2
234 5
546 3
732 4
495 3
101 2
450 4
174 5
696 2
591 3
646 1
24 3
334 2
306 3
192 5
578 3
393 4
7 2
631 3
305 2
777 2
675 2
90 2
6 2
135 3
754 4
433 3
485 5
399 3
183 3
558 3
172 5
618 4
615 1
164 3
151 2
769 1
33 1
400 3
28 2
514 4
370 5
257 5
420 3
576 3
302 6
629 2
786 1
665 1
137 4
753 3
685 2
617 1
274 1
297 4
56 1
469 3
463 6
206 2
462 2
145 1
347 3
605 4
368 2
295 1
518 1
705 2
788 3
360 5
57 2
265 1
27 1
133 4
571 2
424 1
542 4
612 2
637 2
654 3
586 2
246 5
517 3
671 2
735 2
46 1
201 2
407 2
91 3
361 3
709 1
565 2
244 3
94 3
475 1
595 2
714 1
762 1
178 3
721 2
233 3
227 3
633 4
240 3
203 2
99 2
299 3
560 4
708 2
677 3
569 1
85 3
444 2
478 2
40 4
51 2
636 1
364 4
369 3
136 5
460 3
59 4
37 1
231 1
83 2
160 3
156 1
559 4
757 2
199 1
107 1
657 1
695 1
402 3
467 1
441 2
410 1
242 4
153 1
54 2
782 1
622 2
67 3
693 3
62 4
120 2
66 1
486 1
118 3
429 4
269 4
720 1
763 2
552 1
218 2
111 2
692 1
47 2
79 3
39 6
210 1
408 1
367 1
758 2
215 4
706 1
69 3
291 2
324 4
635 2
8 2
749 1
525 3
260 2
524 2
765 2
520 1
702 2
784 2
87 4
30 1
795 1
68 1
115 2
783 1
697 1
796 2
176 3
181 3
350 2
325 2
140 2
355 1
798 2
670 1
567 1
65 2
575 1
562 1
394 2
36 2
132 4
650 3
288 1
431 1
579 1
449 2
84 2
459 2
221 1
326 3
533 1
727 3
74 1
589 1
689 1
209 1
674 1
86 1
436 1
574 1
366 2
690 1
219 2
659 1
599 1
638 1
481 2
252 2
447 2
117 2
658 3
332 1
224 3
169 1
756 1
5 1
194 1
564 1
730 2
31 3
124 3
146 4
738 1
38 3
694 1
404 1
451 2
737 1
70 4
488 1
664 1
353 2
719 1
653 2
255 1
320 1
127 2
312 2
676 1
519 1
755 1
222 3
734 1
641 1
29 2
747 2
687 1
523 1
598 1
14 1
419 2
508 1
385 3
157 1
358 2
114 2
109 1
382 1
634 2
491 1
202 1
600 3
1 1
317 1
116 1
445 1
446 1
323 2
453 1
728 1
228 1
554 1
212 2
341 2
456 2
502 2
16 2
652 1
663 1
149 1
251 1
64 1
128 1
384 1
423 1
684 2
715 1
759 1
707 1
538 1
336 1
681 1
413 1
724 1
713 1
712 1
player: 6 Altruist
785 6
303 4
284 3
630 1
45 7
326 2
697 3
289 5
665 2
216 1
359 3
130 4
207 4
334 3
584 3
367 4
400 2
416 6
191 1
437 3
430 6
406 5
634 3
190 3
386 5
512 5
268 2
143 3
46 2
6 2
311 9
456 4
322 6
140 3
259 2
450 3
108 3
389 3
361 1
214 3
507 4
209 1
178 4
66 7
514 3
427 5
22 3
59 3
112 7
528 4
599 1
337 3
643 3
613 5
385 5
379 4
425 3
158 3
647 2
394 1
196 4
362 5
219 3
70 5
396 2
113 3
60 3
699 7
199 3
508 5
306 3
224 3
52 4
253 2
192 2
82 1
698 4
705 3
120 6
35 2
576 1
426 7
156 2
438 6
759 6
774 1
664 3
292 4
388 4
688 1
531 3
615 3
345 3
26 3
552 2
281 3
685 4
237 5
625 3
83 5
302 3
714 2
142 1
459 2
309 4
125 6
782 1
197 4
248 3
272 3
660 1
252 4
440 5
588 3
756 5
555 4
617 2
301 5
403 2
703 1
413 5
506 3
713 2
62 3
739 3
276 2
40 2
181 1
11 3
590 4
17 4
225 4
335 2
174 5
3 2
637 1
539 3
189 4
119 3
738 2
486 4
102 3
72 1
737 1
128 3
283 1
123 2
79 2
672 1
291 3
69 5
569 1
313 3
766 2
249 5
640 5
783 2
529 1
765 1
633 3
151 3
304 3
13 2
4 1
129 3
263 3
760 2
734 2
497 2
595 2
184 6
134 3
373 5
330 1
94 2
570 4
298 7
179 2
355 2
767 2
391 4
635 2
513 4
351 3
233 2
266 2
265 3
87 5
487 2
401 4
419 5
92 3
541 3
282 4
240 3
18 3
604 2
610 3
415 1
711 2
551 3
228 2
148 3
418 3
710 3
150 4
511 6
329 3
100 3
591 4
340 5
449 2
286 3
267 1
439 3
790 1
722 2
71 3
691 3
126 2
157 4
573 2
653 2
316 3
593 5
152 3
762 4
489 2
395 2
567 3
63 3
153 5
623 2
715 2
636 5
598 4
194 3
562 5
193 4
390 5
733 6
234 2
383 5
53 1
206 5
651 2
297 2
182 4
753 1
144 4
502 2
404 3
78 3
700 3
344 7
642 6
769 1
709 2
106 6
447 2
147 2
245 5
720 1
341 8
387 3
30 3
12 2
518 2
605 4
273 1
251 3
480 3
614 4
494 4
778 3
258 3
632 2
349 3
314 1
498 3
565 4
586 2
348 5
275 2
530 6
213 4
470 2
242 3
611 3
463 3
138 7
372 3
627 2
376 5
432 5
370 4
115 3
639 1
411 5
74 3
84 1
657 4
262 1
676 2
43 1
571 4
239 3
791 4
264 3
93 3
350 8
538 3
200 3
270 2
212 3
490 4
527 4
582 4
116 3
443 3
537 3
745 3
363 5
771 2
460 3
793 2
105 4
743 2
338 7
294 2
177 4
729 2
461 4
10 1
172 4
39 2
607 4
320 3
455 2
360 6
346 2
392 2
600 3
561 1
475 2
366 2
410 3
594 3
107 1
290 4
231 6
770 3
257 4
496 1
139 1
247 3
692 4
296 2
510 3
519 3
47 2
354 4
683 2
318 3
117 2
121 1
220 4
149 6
629 2
377 3
624 2
20 2
526 1
777 2
525 2
236 1
451 4
77 7
442 3
85 3
796 6
14 3
580 3
742 2
202 1
690 2
288 3
9 2
757 2
226 4
16 1
556 6
423 2
198 2
612 2
500 4
462 2
689 1
332 3
127 2
408 4
619 3
554 4
749 3
287 2
397 2
42 2
679 4
484 4
88 2
445 5
602 1
433 1
548 2
444 4
75 2
728 3
677 4
684 2
476 5
260 3
481 3
592 1
324 3
723 1
217 4
221 3
509 1
358 2
457 3
114 1
471 5
51 6
369 3
24 4
353 3
752 1
429 4
300 2
741 4
44 4
347 2
254 2
522 4
589 1
717 3
380 6
638 3
104 2
417 4
516 2
357 4
99 5
631 2
186 1
48 4
175 5
755 3
724 2
211 4
485 1
38 2
205 3
393 3
274 1
364 1
587 3
91 3
331 4
23 4
453 2
375 2
402 2
168 3
540 4
278 3
628 3
271 1
621 1
67 4
655 2
204 4
674 1
731 3
399 1
210 2
606 2
504 4
716 1
654 2
412 5
241 3
725 1
356 1
64 2
758 3
493 1
579 3
203 6
384 3
596 3
477 2
622 1
41 1
176 2
708 2
110 4
431 3
159 2
472 1
118 2
467 4
365 3
29 1
478 1
145 2
693 3
553 2
27 4
122 5
763 2
124 3
764 3
546 3
215 2
751 1
310 8
333 2
342 3
448 1
577 2
564 1
374 1
649 2
222 2
503 1
694 1
670 2
464 2
675 1
488 3
414 1
523 4
662 1
73 2
794 2
185 5
775 2
542 6
434 1
747 1
616 3
727 2
339 2
750 3
620 1
458 1
7 1
382 1
285 1
170 6
235 2
246 1
161 3
568 2
521 2
34 2
773 2
21 4
328 3
293 4
702 1
279 4
483 2
55 2
505 3
317 3
167 3
585 3
146 2
131 2
666 1
520 3
223 3
325 3
183 2
405 3
583 3
229 2
420 2
701 2
409 5
422 1
730 3
671 1
515 2
469 1
446 2
652 2
788 1
533 2
466 1
482 2
454 1
704 2
718 1
89 3
495 4
787 2
740 1
160 4
371 5
748 2
195 4
305 2
566 1
321 2
28 2
101 3
65 1
789 2
545 1
578 2
378 2
618 2
558 1
250 1
243 3
641 2
141 1
719 1
154 3
468 1
524 3
312 1
659 2
97 2
336 3
25 2
201 2
398 2
343 2
768 2
650 2
560 5
473 3
754 3
544 1
173 2
547 1
776 2
54 4
323 1
646 4
424 1
352 2
779 1
428 2
474 2
549 1
452 2
678 2
673 2
135 3
517 2
532 1
180 1
407 2
81 1
280 1
706 2
32 2
797 1
15 2
648 3
744 1
499 1
49 1
162 3
645 1
155 4
663 1
609 3
137 4
572 1
19 1
50 2
668 2
269 2
5 1
534 1
255 1
218 2
786 1
536 2
58 1
327 2
31 2
68 1
95 1
166 1
319 1
687 1
441 3
57 1
736 1
563 1
109 1
169 1
244 1
61 1
550 1
421 2
80 1
33 1
721 2
164 1
232 1
603 1
712 1
277 1
746 1
735 2
656 1
726 1
111 1
772 2
136 2
132 1
557 1
543 1
368 1
501 1
187 1
535 1
597 1
669 1
player: 8 Altruist
668 5
481 5
164 4
288 4
99 3
37 1
798 4
459 3
64 1
284 4
430 2
166 6
704 4
185 3
587 6
529 1
43 4
104 4
429 3
520 2
380 2
701 1
497 3
13 6
603 5
519 5
478 6
203 1
97 5
537 2
84 2
232 3
516 4
132 5
2 2
685 3
571 3
342 3
58 3
611 1
600 4
413 4
169 2
200 3
590 3
228 6
252 3
703 6
68 3
165 4
596 3
572 1
732 3
534 3
660 3
22 4
599 2
424 3
168 4
506 5
646 4
475 3
728 4
659 3
425 5
219 4
230 2
107 4
407 5
797 8
121 3
420 2
12 2
93 5
794 7
609 4
196 4
628 5
301 2
170 2
542 2
149 5
745 3
576 4
74 3
80 2
294 4
530 2
456 3
59 5
564 4
6 4
87 3
141 5
472 5
643 4
110 2
634 2
298 2
652 7
683 1
592 3
505 2
302 3
249 3
57 8
199 2
11 4
584 3
47 3
512 1
783 3
31 2
62 2
381 2
300 2
308 2
368 6
261 1
715 3
153 5
209 2
756 5
363 3
406 5
325 3
158 1
253 4
262 2
330 5
543 3
462 4
296 3
195 3
159 6
218 4
183 2
348 4
120 2
115 3
90 2
61 5
784 2
723 2
748 3
781 4
210 3
118 3
613 4
274 3
493 3
379 2
25 4
597 4
410 5
321 2
416 4
666 2
356 6
198 5
758 5
317 4
795 2
384 4
309 3
69 3
161 4
346 2
173 1
573 4
354 8
421 3
154 4
303 2
299 6
30 4
394 3
180 2
674 4
236 1
92 5
150 5
359 4
292 5
328 1
272 3
630 4
215 1
152 1
375 5
681 6
349 5
521 3
82 4
86 6
83 3
192 2
271 3
119 4
389 1
352 6
3 5
555 5
186 1
607 1
518 4
286 4
432 5
56 2
541 4
38 4
16 1
51 6
442 2
341 4
686 1
197 4
618 6
470 1
337 5
524 2
718 4
239 4
747 4
419 2
598 1
49 1
4 2
216 3
525 4
94 3
247 3
287 4
127 2
175 7
759 3
669 3
579 4
357 2
687 2
642 4
412 4
510 2
259 4
277 2
682 2
662 1
580 7
322 3
225 2
188 6
395 2
193 2
95 2
332 4
319 3
76 1
690 4
282 5
569 2
691 2
494 4
550 2
790 4
207 2
409 4
619 1
36 2
148 4
740 1
620 4
532 5
778 2
636 3
160 3
324 1
350 5
791 3
100 5
615 1
469 3
593 4
661 3
777 2
444 3
649 2
370 6
511 4
257 2
125 3
716 2
320 3
552 4
335 2
113 4
483 1
111 4
670 4
316 3
684 2
54 7
238 3
246 4
632 1
452 2
772 2
764 2
369 3
53 5
396 1
227 2
503 2
754 3
263 2
144 3
752 5
362 6
403 2
466 6
267 3
482 3
688 3
130 5
741 5
344 5
101 5
436 3
129 3
281 6
439 4
539 4
719 2
779 4
414 3
187 2
242 3
463 5
313 2
102 4
548 5
586 1
233 6
364 1
557 2
440 3
786 1
664 3
498 4
17 2
582 4
291 2
581 2
182 2
126 3
41 2
208 6
477 2
678 3
761 3
237 6
714 2
367 3
676 2
293 4
502 2
42 4
351 1
653 3
739 2
29 2
577 3
744 3
265 3
318 1
464 2
447 3
633 2
248 3
81 2
377 2
415 2
178 4
378 2
85 3
570 4
140 1
226 3
315 5
289 3
355 3
508 3
780 1
513 2
401 3
793 2
333 2
675 2
323 4
694 2
108 1
726 3
455 2
428 2
399 4
417 1
446 3
191 3
565 2
679 3
266 5
123 6
117 1
122 3
28 2
353 2
15 3
312 7
212 2
258 3
18 6
438 5
213 3
306 2
105 6
327 2
768 3
184 3
562 4
622 3
206 3
334 10
698 1
343 3
635 1
629 2
133 1
624 1
558 2
60 3
733 3
667 4
408 2
23 3
172 2
426 1
602 2
304 1
721 1
418 1
616 4
96 3
471 2
374 4
568 4
44 5
641 1
435 7
202 2
737 2
696 2
504 2
441 4
278 4
251 2
46 8
114 1
545 6
404 4
709 2
268 3
270 2
713 1
34 2
234 3
499 2
535 2
566 1
146 2
145 2
295 2
45 6
627 2
588 6
746 2
751 1
736 2
536 3
311 2
78 4
162 3
743 3
554 2
480 1
211 1
610 2
589 3
437 3
730 1
244 2
112 4
131 3
329 6
73 1
757 5
500 1
256 3
174 3
776 3
617 2
347 2
88 4
750 2
527 2
48 3
220 1
155 4
488 1
373 2
614 6
544 1
98 1
156 3
553 2
705 1
774 1
128 5
491 3
474 1
729 2
563 2
55 2
706 4
594 2
181 3
24 1
787 3
727 1
5 1
338 4
314 1
1 2
458 2
501 2
386 3
283 3
204 4
454 1
222 3
177 1
273 1
124 3
366 3
487 1
771 1
397 2
680 1
39 2
638 3
290 1
171 3
583 2
269 4
72 2
393 1
507 2
578 1
71 2
106 2
724 2
390 3
755 2
673 2
400 2
551 2
766 1
770 3
433 4
360 5
650 1
139 6
245 2
710 1
749 1
465 4
134 3
391 1
427 2
167 3
326 2
361 2
574 1
547 3
591 1
157 2
531 2
229 4
190 2
431 2
742 1
176 1
540 1
560 3
201 1
450 3
241 1
305 1
526 1
453 3
631 4
143 2
533 2
495 1
509 3
731 2
626 3
336 1
231 4
8 1
138 2
40 1
423 1
434 3
657 2
762 1
665 2
559 2
448 2
26 2
279 1
27 1
243 2
692 3
194 1
496 2
606 2
711 2
9 1
382 2
179 2
476 2
699 1
65 3
549 1
285 4
264 3
625 1
307 1
7 3
358 1
468 3
66 1
489 1
782 2
383 2
331 1
147 1
637 4
460 1
763 1
142 1
35 1
546 5
372 1
769 2
655 1
734 2
205 1
136 3
722 2
514 1
658 2
677 1
79 1
671 2
137 2
585 1
556 1
799 1
467 3
151 2
411 1
775 1
608 1
310 2
702 1
91 1
773 2
32 1
103 1
276 1
575 1
601 1
767 1
672 1
654 1
612 1
640 1
21 1
461 2
796 1
648 1
485 1
392 2
523 1
422 3
789 1
365 1
387 1
50 1
19 1
717 1
339 1
217 1
443 1
77 1
697 1
457 1
player: 10 Individualist
515 2
50 5
97 3
731 3
598 4
492 3
710 3
18 2
576 5
151 2
637 3
4 4
215 4
408 3
449 3
719 5
720 4
569 3
403 3
650 3
114 4
158 3
85 7
401 3
521 2
363 2
374 4
134 1
204 2
2 2
446 4
64 3
143 4
233 3
30 2
503 4
227 2
550 4
779 4
536 2
396 2
175 5
790 4
416 3
745 5
180 5
195 6
115 5
135 2
32 4
152 3
751 3
298 4
395 3
560 7
162 3
377 6
211 4
712 2
65 1
346 6
231 3
771 2
146 6
318 1
303 3
762 5
319 3
103 3
565 5
257 5
513 4
427 3
543 3
136 3
465 6
71 5
727 2
283 3
79 2
672 4
625 7
247 3
433 3
116 4
497 1
384 4
426 3
194 2
293 6
488 6
769 3
767 2
723 2
698 5
58 2
169 3
537 7
360 2
430 3
494 5
489 5
394 5
83 3
240 3
95 4
490 5
527 5
226 2
107 4
347 2
302 1
124 1
772 3
495 3
644 2
235 3
26 5
768 3
337 2
716 2
41 3
172 4
34 1
605 3
587 4
25 2
458 2
613 3
19 5
5 2
98 5
44 5
796 3
241 3
45 5
553 4
584 3
733 2
624 3
568 2
164 3
573 3
326 6
493 3
201 2
474 3
328 4
782 5
516 5
228 2
59 2
140 2
572 1
388 3
352 4
295 1
614 2
367 1
544 4
706 3
461 6
112 2
398 4
471 5
315 3
668 2
467 3
9 5
288 5
749 4
287 1
748 3
618 2
104 2
432 4
332 7
399 4
6 2
684 5
216 4
365 5
179 2
253 3
473 5
542 6
110 6
523 2
591 3
616 2
173 2
454 3
316 2
675 5
53 3
61 2
409 3
612 2
577 6
266 3
191 3
744 2
556 6
117 5
381 2
212 3
652 2
661 2
518 4
284 2
547 3
14 2
531 4
578 3
566 4
738 3
148 5
651 3
575 4
62 7
437 6
633 1
353 3
220 3
434 1
548 2
342 4
455 2
307 3
529 5
392 4
155 5
545 5
522 1
478 4
383 5
217 5
451 5
671 4
359 5
428 3
535 3
281 9
695 3
219 1
354 5
599 4
290 6
667 3
336 2
10 5
17 3
84 3
22 3
234 1
72 6
413 6
129 4
159 2
472 1
94 2
681 3
156 2
177 6
278 3
120 2
504 1
102 3
305 5
373 4
581 2
265 3
424 4
314 4
275 3
111 5
422 3
743 2
608 3
144 2
794 3
736 1
604 1
705 3
312 6
331 2
756 2
188 2
325 4
400 1
476 1
797 4
385 2
594 5
333 4
153 2
389 2
499 1
439 4
213 4
245 1
345 2
641 3
268 2
176 1
294 3
588 2
453 3
634 2
184 3
24 3
192 2
509 3
183 2
280 2
687 3
249 3
491 4
292 1
100 4
339 2
636 2
402 5
479 3
452 4
533 2
658 3
445 3
63 5
655 2
406 6
463 1
754 2
457 2
659 4
517 3
596 1
530 3
709 4
777 4
372 4
66 1
435 5
708 4
418 4
90 2
448 2
692 4
431 5
741 1
69 5
746 3
783 4
118 3
130 5
589 3
785 1
663 3
145 3
574 2
379 2
338 6
189 8
75 2
758 4
549 3
54 2
635 2
622 2
242 3
597 7
362 3
789 1
193 2
160 3
157 4
186 2
147 4
23 3
484 4
654 1
170 5
229 4
483 2
632 2
165 5
49 5
532 2
31 3
507 2
583 2
86 4
676 3
481 3
421 2
541 3
450 2
557 1
438 3
466 2
682 2
669 3
688 1
74 2
366 3
310 2
462 3
429 5
208 5
277 2
264 2
131 2
620 3
122 3
259 3
600 4
514 2
108 1
262 1
380 2
181 3
13 3
649 2
254 2
382 3
89 3
230 2
436 7
123 1
232 4
722 3
508 4
412 3
520 2
498 2
271 2
645 1
586 2
595 2
243 2
276 5
528 1
167 3
423 2
37 2
343 7
713 3
665 3
707 1
414 2
734 4
443 2
730 4
761 2
267 1
643 1
161 4
163 4
737 5
296 3
717 3
43 1
87 3
417 4
766 2
105 4
125 1
246 2
464 2
221 5
780 2
639 3
482 3
580 2
442 2
788 3
36 3
561 4
760 3
282 4
46 5
728 2
76 2
364 4
361 4
279 1
674 2
647 3
137 1
370 1
273 5
570 2
248 4
500 2
77 2
35 2
348 4
781 5
185 3
205 2
506 2
512 2
286 1
787 1
747 1
697 3
662 1
724 1
349 2
261 1
190 1
209 1
300 3
419 2
551 2
138 5
214 3
470 3
715 2
778 4
447 1
739 2
526 2
441 2
371 3
786 2
178 2
640 5
660 2
673 2
309 1
91 1
410 1
369 2
70 3
615 2
260 3
752 2
121 3
113 3
171 4
29 5
304 3
126 3
8 2
732 1
601 4
411 2
670 1
174 1
459 3
68 2
602 2
391 3
397 2
689 2
585 2
753 4
690 3
440 1
101 3
554 3
128 5
725 3
525 2
678 1
198 3
611 3
626 2
238 1
415 1
1 2
606 1
519 1
96 2
149 2
579 2
774 2
358 1
628 2
239 1
505 2
757 1
38 1
301 3
475 1
88 3
468 2
139 2
329 3
685 3
664 1
657 2
610 3
341 5
631 1
256 1
764 3
55 3
311 2
127 4
274 3
324 1
699 1
603 2
99 2
607 2
81 3
142 2
460 2
200 2
313 2
335 2
693 2
207 3
404 2
740 2
202 1
480 3
340 2
683 1
119 3
12 2
52 1
456 1
168 4
477 1
677 1
291 1
289 2
250 2
750 1
407 4
322 1
617 2
562 1
793 2
405 2
3 2
252 2
375 2
40 1
590 1
196 1
571 2
546 1
540 2
629 1
770 3
646 2
297 2
317 3
16 1
558 1
609 1
666 1
272 1
784 3
539 3
559 3
642 2
593 1
308 2
776 1
206 1
704 1
368 2
92 1
327 1
236 1
656 1
486 2
387 2
798 1
485 1
700 1
223 2
775 1
350 2
510 1
653 1
166 1
67 2
11 1
619 2
582 2
351 2
538 1
323 1
420 1
759 2
222 2
773 1
425 1
48 1
263 2
15 1
534 1
224 1
696 2
27 1
621 1
726 2
502 1
444 1
106 2
386 2
154 2
56 1
487 1
627 1
225 1
320 1
141 1
82 1
555 1
795 1
552 1
33 1
321 1
51 1
390 1
799 1
763 1
player: 5 Altruist
405 6
383 6
204 4
249 4
539 2
649 3
103 4
444 4
739 3
336 3
231 3
147 3
630 3
288 5
556 3
736 4
83 2
605 1
402 4
94 2
313 9
398 6
395 2
211 6
532 3
552 3
599 1
500 2
662 2
89 4
109 7
533 3
440 3
338 7
464 4
659 4
197 4
362 3
116 3
293 1
368 3
372 4
282 3
761 3
686 3
66 7
756 1
32 3
201 5
468 6
345 5
537 5
172 3
642 1
696 3
763 3
141 3
574 3
273 1
426 4
129 2
708 2
88 3
179 3
490 1
407 1
394 2
145 3
356 2
343 3
703 2
178 1
396 1
469 1
783 5
253 4
318 2
77 3
284 5
237 2
460 3
163 2
734 4
797 4
71 8
714 4
488 2
187 2
325 5
534 2
610 2
722 1
530 5
143 4
202 4
47 3
729 1
466 3
45 2
353 2
454 1
527 6
623 2
542 2
341 6
449 3
668 3
20 6
654 2
275 3
24 5
648 1
495 4
157 3
221 3
65 1
390 4
250 3
419 5
453 1
458 1
647 4
189 3
544 5
535 3
142 1
377 4
16 6
304 3
19 2
682 2
387 2
776 2
385 4
710 1
92 4
413 6
240 2
7 2
674 2
441 5
573 1
586 4
631 2
529 2
53 4
81 5
689 2
150 1
122 7
289 3
384 3
29 4
758 4
382 3
333 3
639 3
320 8
663 3
651 5
283 1
151 3
678 2
676 3
347 5
730 2
665 6
711 3
456 2
485 5
406 3
243 3
412 3
554 3
380 3
433 4
3 4
391 7
516 2
369 3
190 5
337 4
452 7
188 3
762 3
136 3
266 2
457 2
564 3
361 4
675 4
370 3
747 2
664 2
102 1
350 5
576 3
268 2
206 3
87 2
298 3
515 3
701 2
241 3
217 4
414 2
56 3
715 2
565 2
706 3
133 5
305 3
563 3
502 1
26 4
737 2
159 4
108 2
82 4
692 2
436 2
346 4
759 4
392 3
567 1
504 3
474 6
112 2
208 3
424 1
580 4
528 5
93 3
183 1
263 2
38 5
479 4
175 4
418 3
25 3
640 3
604 3
526 3
363 2
431 6
430 4
181 6
173 1
62 4
68 4
661 3
55 5
48 4
455 4
789 3
335 4
409 4
389 6
669 1
121 3
591 1
475 3
254 4
348 3
473 3
85 6
523 5
728 3
104 5
1 2
465 1
677 3
191 3
49 1
592 2
695 6
614 2
546 4
185 2
410 2
731 2
95 2
272 2
303 1
218 3
223 1
153 5
332 3
482 2
296 1
166 1
360 3
321 5
650 3
244 5
566 2
324 2
755 1
339 2
106 1
766 4
447 1
450 3
277 3
641 1
110 4
299 3
727 2
781 2
717 1
588 3
15 3
787 2
11 3
291 3
311 4
445 3
144 2
720 4
697 4
162 2
239 4
770 2
788 4
37 3
511 1
155 2
780 3
315 7
670 2
794 4
513 2
127 4
52 5
494 5
257 3
578 2
585 4
581 1
246 3
451 2
764 2
355 4
693 2
140 3
629 6
684 1
616 2
75 3
517 3
60 3
753 1
207 2
557 2
215 4
210 4
245 5
637 5
357 7
743 6
269 5
742 3
306 4
606 5
23 4
514 2
481 2
98 2
344 5
376 3
214 2
373 2
17 2
168 3
316 5
506 2
200 3
570 3
125 1
408 2
707 1
209 2
34 2
259 2
673 3
748 3
148 3
397 4
767 4
326 1
496 2
100 4
242 1
680 1
270 1
608 7
279 2
621 1
300 2
626 2
79 4
751 4
130 2
274 1
509 2
340 3
520 2
74 3
230 4
351 3
522 1
575 2
561 2
772 4
757 2
438 2
643 2
39 1
568 3
105 3
416 1
199 2
276 10
152 3
132 1
64 2
329 3
779 1
308 6
735 3
251 1
161 1
483 3
54 7
286 1
70 1
330 2
491 1
69 2
480 3
618 4
31 3
388 2
118 6
261 3
393 5
33 3
721 6
226 1
328 5
774 2
545 2
547 4
792 2
512 8
559 3
134 4
309 5
471 2
613 2
302 3
425 3
508 2
503 1
139 2
428 2
225 3
446 3
265 4
158 5
182 2
597 2
224 3
584 1
702 3
9 3
415 1
790 2
773 4
160 1
635 2
435 1
164 5
560 3
331 4
126 3
78 2
97 1
198 2
505 5
439 2
21 4
232 3
252 3
518 2
461 2
477 3
550 2
262 3
603 3
63 4
227 2
625 5
519 2
399 2
177 2
219 2
264 2
577 2
726 2
765 1
67 4
437 2
667 1
417 4
704 2
386 2
501 2
633 1
349 2
123 2
645 3
371 1
600 2
57 1
258 3
86 4
154 2
432 1
35 1
124 2
281 6
216 2
359 2
768 1
593 3
598 2
694 2
624 3
716 3
42 4
691 2
374 3
44 3
448 4
617 2
632 2
381 2
562 3
463 2
507 4
101 2
138 2
652 2
301 2
146 3
712 3
167 1
205 1
719 2
582 2
41 1
627 2
111 4
165 2
489 5
612 2
536 2
442 2
184 2
531 1
51 1
595 3
59 2
543 3
687 1
170 4
120 3
238 3
540 2
671 3
149 4
28 2
174 2
203 2
700 1
754 4
713 1
248 4
744 3
521 1
718 1
525 2
193 2
61 1
278 3
12 2
745 2
379 1
50 4
107 5
171 4
594 3
549 2
705 1
364 5
287 1
615 3
679 1
476 3
117 2
688 1
267 2
156 3
740 1
611 2
498 1
233 1
782 2
115 2
342 3
294 3
571 2
796 1
572 2
46 3
96 2
462 2
128 1
13 1
256 6
799 2
229 1
653 2
334 2
312 3
90 1
590 3
327 2
36 2
212 1
628 1
176 3
709 3
84 3
470 3
192 1
40 1
5 2
784 1
609 2
769 3
404 1
472 3
569 1
235 3
72 1
131 2
195 1
551 1
366 1
777 2
30 2
429 4
499 2
73 1
741 2
434 2
285 2
541 1
660 1
725 1
497 2
427 3
644 1
6 2
310 3
478 1
655 2
699 1
119 1
317 2
746 1
724 1
778 1
683 1
137 1
666 1
690 1
319 1
795 1
135 2
236 1
375 2
354 2
646 2
247 1
421 2
314 2
58 2
553 1
114 3
634 1
401 1
220 1
459 2
365 1
358 1
583 1
290 1
681 1
620 2
411 1
510 1
22 2
685 1
99 1
619 1
596 1
80 1
602 1
292 1
601 1
636 1
723 1
400 1
367 1
186 1
638 1
4 1
8 1
607 1
579 1
656 1
786 1
738 1
307 1
213 1
486 1
91 1
732 1
113 1
280 1
323 1
492 1
422 1
player: 7 Altruist
287 2
464 5
552 1
94 4
174 1
232 2
242 4
284 3
291 2
496 3
39 5
546 3
487 3
246 3
15 4
59 4
31 4
533 3
130 2
248 6
28 1
412 2
135 2
452 2
126 6
780 4
56 2
19 3
385 3
290 4
431 2
508 3
197 4
614 3
393 4
240 6
224 3
394 2
257 2
775 2
570 5
505 1
129 6
647 2
460 5
756 1
32 4
277 4
10 4
262 7
162 3
491 4
231 1
3 2
534 2
588 3
34 2
449 4
575 4
9 4
338 3
441 3
456 4
167 3
121 6
155 2
253 5
389 5
196 3
424 3
286 3
270 3
406 3
168 4
701 2
214 1
236 4
381 1
422 2
25 4
377 8
235 5
113 2
298 2
735 3
484 3
256 3
239 3
360 3
476 3
517 3
470 4
93 5
797 1
340 4
376 3
29 1
643 3
216 2
4 4
182 3
247 7
744 3
475 2
550 6
453 2
746 4
375 3
594 2
140 4
211 4
511 3
380 7
397 3
524 4
87 2
371 2
670 3
611 4
370 7
163 4
46 3
421 4
602 5
407 2
603 4
711 4
14 2
752 2
53 4
178 3
215 5
352 3
408 7
436 5
423 6
267 4
689 4
540 2
506 1
58 3
569 4
486 2
172 5
512 3
8 1
674 2
383 4
154 7
765 1
418 6
50 3
203 3
684 5
442 6
390 6
725 3
733 5
429 4
107 1
437 1
252 3
668 3
766 6
399 4
351 2
228 6
404 4
749 1
448 4
362 2
233 2
605 4
428 2
728 2
173 4
306 4
326 2
542 6
742 5
479 5
192 3
433 4
315 8
89 7
11 1
208 3
413 4
353 5
263 4
703 3
337 2
648 1
621 4
700 3
105 5
131 3
350 3
760 2
463 3
373 7
661 1
781 4
543 3
144 4
693 4
443 4
166 4
722 5
85 3
499 3
177 4
521 4
118 2
347 2
723 2
583 5
363 3
501 5
271 2
498 4
555 3
664 5
296 2
474 5
330 3
730 4
478 2
764 2
598 1
592 3
495 4
727 3
473 6
317 3
358 2
13 6
617 2
535 5
41 4
109 4
530 2
147 4
391 4
388 1
432 4
455 2
458 3
241 3
221 3
66 2
414 4
265 2
426 3
656 2
738 5
382 3
127 1
518 2
103 3
251 2
136 1
115 2
76 3
619 3
609 2
37 2
210 1
320 1
396 2
83 2
344 5
403 1
288 2
20 3
180 4
411 4
537 5
698 1
283 3
209 3
529 4
480 1
254 3
36 2
566 2
68 4
753 3
51 3
472 2
319 2
660 3
776 2
97 1
554 4
688 1
307 3
356 6
128 3
553 3
357 3
313 6
392 5
573 1
731 1
724 1
568 3
151 5
348 1
650 2
243 3
559 1
157 2
584 3
255 2
355 4
528 4
662 2
440 5
745 2
748 1
494 3
114 2
629 2
513 3
571 5
199 4
410 3
667 1
179 2
183 4
595 2
416 5
579 5
497 5
653 2
329 3
736 3
280 4
615 2
30 5
72 2
622 1
294 1
663 2
706 3
466 5
195 5
504 2
644 3
40 2
133 2
562 2
54 3
101 2
483 5
148 4
639 1
481 5
26 4
557 4
789 2
161 2
378 2
124 2
680 3
427 4
572 2
522 3
273 4
679 2
714 2
212 1
675 2
309 3
762 4
626 3
632 1
145 4
796 3
515 2
666 4
576 2
558 3
638 2
536 4
790 3
300 2
509 9
718 3
590 5
43 4
434 2
275 1
336 3
625 2
439 3
510 2
102 4
361 2
732 2
301 8
420 6
304 2
99 3
295 4
220 7
282 1
341 6
467 4
690 2
310 5
146 2
116 2
52 3
21 2
12 1
223 1
405 4
181 1
260 3
779 4
17 2
191 2
374 4
750 5
683 2
631 3
303 4
741 5
503 2
616 5
585 3
60 4
587 1
62 2
532 4
281 3
274 6
465 4
606 5
201 1
623 2
95 4
477 4
523 2
229 2
187 2
122 4
289 4
469 4
1 3
705 1
258 1
226 1
266 2
635 2
269 2
657 2
415 6
624 4
774 1
763 4
691 1
237 2
5 1
311 3
150 4
438 2
322 2
234 2
292 4
111 3
563 2
44 2
142 4
81 4
339 2
67 2
364 2
276 4
451 2
207 3
100 3
153 3
78 3
641 1
18 2
654 2
409 3
86 1
702 3
777 2
189 3
272 4
447 4
577 1
91 4
758 1
137 3
778 5
527 2
386 4
634 4
49 2
170 3
48 4
620 2
368 1
84 3
402 3
567 2
489 3
139 4
768 3
346 2
227 4
141 1
618 2
55 1
574 3
345 3
379 2
613 4
384 2
545 3
98 2
649 3
772 2
198 3
519 1
225 1
547 2
156 2
652 4
117 1
747 4
188 2
686 2
96 3
565 1
112 3
692 2
630 2
213 2
42 1
185 5
120 2
544 3
488 3
699 3
578 6
316 2
200 4
471 2
335 2
279 2
798 3
325 1
600 3
194 1
143 2
682 1
526 2
343 1
125 2
514 4
607 1
184 1
372 2
633 1
204 3
799 2
323 2
586 2
327 1
767 1
721 1
132 1
152 4
444 1
669 2
493 3
35 4
678 1
400 3
551 3
149 4
737 2
165 3
261 3
342 1
525 3
104 1
367 1
538 3
259 4
531 2
659 2
354 1
57 2
401 3
222 3
365 1
709 2
539 2
63 3
417 2
419 1
677 1
425 1
468 2
47 2
696 1
70 1
556 2
665 2
593 3
333 1
695 2
755 2
321 1
106 2
672 3
561 4
171 2
175 2
238 3
591 2
64 3
757 1
387 1
715 1
190 1
520 1
685 3
331 3
297 1
754 1
193 1
395 1
445 1
264 2
219 1
457 2
482 1
80 1
74 1
751 1
22 1
610 1
158 2
369 1
159 1
720 2
770 2
564 1
787 1
244 1
6 2
334 2
794 2
658 2
783 1
82 1
507 1
596 1
245 1
79 1
548 2
164 1
708 1
560 1
160 1
712 2
349 2
278 1
77 2
430 5
640 1
285 3
398 2
299 2
694 2
636 1
516 2
740 2
217 3
293 1
704 2
138 1
435 2
302 3
707 1
205 1
27 1
490 2
75 1
33 1
65 1
461 1
108 2
608 2
92 1
38 1
69 1
134 1
24 1
305 1
492 1
589 2
332 1
314 2
580 1
582 1
743 1
186 1
713 2
176 1
761 3
446 1
308 1
player: 17 Individualist
133 3
580 3
538 2
306 4
612 2
457 3
29 1
495 3
484 4
469 3
69 5
767 3
231 3
465 2
592 4
603 4
35 1
577 1
466 4
16 2
776 4
703 2
281 2
109 2
558 1
749 3
650 5
228 6
149 1
634 3
758 7
541 4
257 6
41 3
66 2
430 1
176 3
386 3
655 5
195 5
646 3
229 4
144 3
446 2
234 2
504 5
596 2
187 1
155 3
720 3
724 3
652 3
104 4
341 4
688 3
660 2
50 4
218 3
216 4
276 5
373 4
293 3
332 4
298 2
75 5
46 5
225 4
267 5
260 5
275 3
501 4
374 4
26 1
270 3
352 4
605 2
492 3
551 3
222 7
71 2
429 2
631 4
487 6
539 5
644 3
450 6
783 2
746 6
326 6
183 5
409 3
585 3
608 3
540 3
665 2
797 2
132 2
518 6
732 1
296 6
436 6
543 2
394 3
491 2
471 5
348 2
561 6
462 4
611 1
277 5
259 4
367 1
635 6
460 2
544 3
325 5
287 3
54 4
182 2
158 5
142 4
590 1
562 4
554 3
175 4
97 4
571 2
722 3
438 2
782 3
286 5
617 4
34 3
98 3
506 2
417 4
168 2
781 2
425 2
556 3
705 4
317 1
366 1
92 4
314 3
452 4
595 2
361 4
23 3
186 2
654 4
483 5
548 6
643 1
328 4
200 3
443 3
741 2
489 4
710 3
602 3
196 2
473 4
3 4
90 3
505 1
170 5
189 3
424 2
496 4
757 5
598 2
358 4
441 4
755 4
145 6
403 4
32 2
649 1
517 2
143 2
511 5
389 7
764 3
247 2
22 1
31 3
449 4
372 5
323 4
559 2
641 2
407 2
338 6
6 1
204 3
382 2
588 2
129 2
344 4
119 2
157 3
564 3
772 2
316 5
502 1
390 5
405 4
739 1
687 3
667 4
522 4
206 1
201 3
625 2
537 4
406 5
675 4
761 1
619 1
733 4
599 2
40 3
283 4
711 6
402 4
27 4
461 4
415 5
95 2
587 3
197 4
486 2
475 2
122 2
118 1
205 2
573 7
672 3
689 4
11 7
184 3
774 2
745 3
591 1
600 4
673 2
702 3
363 5
172 4
721 2
379 2
676 1
474 3
18 5
621 4
19 1
411 2
236 4
99 2
534 2
401 4
437 4
258 5
679 1
12 1
567 5
520 6
318 4
57 7
681 1
572 3
219 5
393 6
514 1
435 4
735 4
586 5
730 3
113 1
351 3
678 3
292 1
789 3
476 4
96 3
89 2
763 2
251 5
589 2
440 4
13 3
188 6
560 1
380 2
454 1
416 1
214 2
245 2
584 3
165 1
699 2
319 2
233 1
707 2
398 1
211 5
53 4
330 4
381 4
278 1
59 4
226 2
2 4
141 3
528 2
88 2
431 4
370 5
274 4
324 3
510 5
622 2
107 3
91 4
78 2
731 1
456 3
434 5
191 3
706 3
563 1
725 2
336 2
33 3
350 3
48 3
552 4
734 3
515 3
94 2
728 3
468 1
555 1
399 3
365 4
523 3
86 2
73 3
760 3
268 4
488 3
770 5
279 3
503 2
477 3
333 5
5 2
669 3
213 2
44 3
329 4
485 3
179 4
28 2
181 3
159 2
712 4
640 4
135 2
692 2
369 3
754 3
614 4
303 3
81 3
704 2
696 3
513 5
566 3
146 4
297 2
530 4
709 1
15 3
616 6
148 4
337 6
765 4
47 2
360 5
723 1
383 2
311 2
615 2
385 5
263 6
444 1
714 3
49 3
227 7
295 1
695 2
769 3
110 2
340 1
239 3
727 3
618 2
630 3
345 4
744 6
448 1
223 2
310 2
442 6
574 2
237 4
320 3
420 3
290 5
282 3
799 3
648 1
481 1
428 3
312 1
20 2
250 3
664 3
116 1
788 1
713 1
140 3
414 2
408 3
357 6
244 3
45 1
152 4
771 2
794 3
8 3
542 3
756 2
670 1
62 6
102 2
83 3
759 1
138 2
349 3
134 3
729 1
636 1
24 2
597 5
639 2
785 3
347 6
545 2
629 2
388 3
269 7
305 2
500 2
156 3
4 6
418 4
613 5
294 3
354 1
255 2
509 1
773 1
194 2
30 4
620 2
166 2
125 1
547 2
671 2
80 3
79 5
519 3
209 4
524 4
207 3
752 1
701 2
391 3
716 3
221 1
593 3
743 2
308 3
594 2
202 1
128 2
321 3
400 2
169 2
173 4
10 3
76 4
77 4
70 3
464 3
521 4
626 2
58 3
784 1
160 1
192 3
362 2
271 4
533 1
604 3
742 2
768 2
387 4
569 3
447 2
131 3
453 2
208 5
334 2
458 6
750 1
335 2
527 1
526 1
680 2
266 2
532 1
787 2
171 2
413 4
42 1
694 1
404 2
242 2
642 3
55 1
624 2
740 1
262 2
241 1
215 3
737 2
291 4
137 2
762 1
364 1
507 3
124 3
480 2
565 2
536 2
656 1
674 5
1 3
248 2
161 2
777 4
193 4
115 1
647 1
106 3
43 3
525 2
581 3
535 1
700 2
353 2
421 2
299 3
265 1
243 2
280 2
185 2
392 1
791 1
289 2
633 1
36 2
606 1
779 1
482 2
793 1
726 1
150 1
356 2
412 3
246 3
164 1
472 2
313 5
439 2
463 2
37 1
93 3
235 1
546 3
395 2
112 1
445 3
422 2
101 1
68 1
220 1
718 3
273 3
583 1
662 1
331 2
499 1
653 4
371 2
479 2
715 2
549 1
9 3
256 3
343 3
272 1
451 2
684 3
249 2
697 1
111 2
163 2
753 1
685 2
751 1
663 1
628 2
459 1
550 3
253 2
576 4
162 1
87 2
123 3
719 4
224 3
100 2
84 1
378 3
632 4
199 1
470 2
60 1
423 3
432 3
151 2
339 1
300 1
63 1
52 1
778 1
627 2
397 1
512 2
578 1
254 1
65 2
601 1
108 1
309 2
212 1
117 2
198 1
516 2
610 2
39 2
359 2
238 1
747 1
232 1
264 1
284 3
147 3
682 1
570 1
796 1
230 2
410 2
154 2
375 1
795 3
288 1
508 1
736 1
302 2
127 1
174 2
786 1
493 2
637 3
342 1
529 1
579 1
17 2
661 2
607 1
315 1
72 2
178 2
307 3
377 1
498 1
748 1
426 1
180 2
575 2
327 2
190 2
766 1
103 1
427 1
490 1
121 1
261 1
85 1
368 2
609 1
21 1
139 2
177 1
433 1
67 1
130 1
657 1
210 1
322 1
683 1
668 1
553 1
301 1
126 1
136 1
rank player: 2 Altruist
15 119
14 97
18 96
10 121
8 126
16 91
5 99
12 122
2 96
4 104
3 135
7 123
6 114
17 108
9 106
1 108
11 126
13 109
rank player: 11 Individualist
5 123
18 114
8 108
9 134
7 113
12 118
10 105
15 114
11 111
17 104
4 116
6 96
13 106
2 113
1 111
16 100
14 113
3 101
rank player: 0 Altruist
7 116
9 114
6 130
11 114
17 99
18 98
1 110
13 98
14 117
12 130
3 108
4 115
15 107
16 95
5 112
8 112
10 114
2 111
rank player: 4 Altruist
18 94
17 108
3 98
9 80
1 132
16 108
10 119
13 111
15 122
4 100
2 147
12 103
8 122
14 106
6 110
11 94
7 113
5 133
rank player: 12 Individualist
13 117
2 113
9 114
15 107
6 117
4 116
17 110
12 99
18 121
8 98
5 116
16 119
11 121
7 98
3 100
10 110
1 120
14 104
rank player: 3 Altruist
16 112
3 116
12 121
4 114
14 100
8 108
10 95
5 112
17 117
11 120
15 109
18 119
2 112
9 104
6 98
7 126
13 97
1 120
rank player: 16 Individualist
3 110
7 113
11 115
5 104
13 115
9 122
2 100
1 114
18 117
10 78
6 104
8 118
16 116
4 121
17 108
14 119
12 106
15 120
rank player: 13 Individualist
12 103
10 125
13 132
2 113
8 121
14 116
5 99
9 108
17 95
6 120
7 118
15 111
11 110
18 119
4 93
16 102
1 108
3 107
rank player: 9 Individualist
9 115
6 126
2 114
18 140
10 116
11 111
4 90
7 104
17 107
1 103
16 115
8 116
14 120
13 99
12 100
3 104
15 124
5 96
rank player: 15 Individualist
6 110
16 116
15 113
14 126
4 120
13 129
7 103
5 93
9 115
17 102
12 110
18 125
11 95
8 98
2 109
3 117
10 107
1 112
rank player: 14 Individualist
11 111
4 107
14 124
17 113
3 101
6 105
2 107
7 114
16 116
12 108
1 100
8 128
5 109
10 113
9 107
13 110
15 112
18 115
rank player: 1 Altruist
1 119
13 89
2 102
11 89
14 107
17 109
3 125
16 121
7 116
4 109
5 117
6 127
10 115
8 113
9 120
12 103
18 116
15 103
rank player: 6 Altruist
17 126
5 118
10 111
13 108
1 94
9 124
15 103
16 103
4 111
3 123
11 102
6 121
14 113
7 114
12 113
8 107
2 110
18 99
rank player: 8 Altruist
14 111
12 109
5 111
7 104
2 112
1 129
18 99
13 107
6 91
10 110
11 117
3 112
8 120
15 118
17 109
4 123
16 121
9 97
rank player: 10 Individualist
10 119
1 101
4 98
16 119
15 102
13 125
3 125
12 116
6 91
11 107
17 140
9 111
14 105
7 99
8 105
2 114
5 113
18 110
rank player: 5 Altruist
8 96
7 106
6 126
12 91
15 101
3 108
11 105
18 96
16 118
13 117
4 116
2 118
5 117
10 110
14 110
9 113
17 130
1 122
rank player: 7 Altruist
4 120
11 132
17 111
1 104
5 113
7 115
8 104
14 96
2 96
13 123
3 108
10 110
12 128
18 102
15 103
9 104
6 116
16 115
rank player: 17 Individualist
2 113
15 112
16 113
8 100
12 120
14 116
13 108
6 98
17 104
7 105
1 93
18 120
10 122
5 115
4 127
9 112
3 102
11 120
