player: 4 Altruist
634 2
248 4
558 4
437 5
429 3
698 5
323 3
702 5
363 5
496 2
573 2
546 2
143 3
535 2
216 3
642 3
674 3
526 5
181 3
337 5
441 6
349 5
733 2
779 2
100 3
81 4
587 2
275 6
338 8
196 3
524 3
262 5
575 5
632 5
35 5
789 5
193 4
673 2
543 1
657 2
694 5
65 4
569 3
157 4
88 5
125 2
595 3
545 3
525 3
687 4
152 5
341 3
772 1
782 2
515 7
306 3
438 7
690 3
151 1
570 2
720 2
734 2
503 3
688 4
284 9
335 6
315 3
477 2
59 5
364 5
425 2
394 7
127 3
94 1
729 2
15 2
576 4
84 1
169 6
554 2
347 4
217 7
121 2
345 7
640 5
547 5
3 2
320 2
75 3
497 4
762 6
48 4
47 5
508 3
430 7
62 3
37 3
346 5
41 4
385 4
263 5
369 3
107 4
398 3
307 4
214 2
132 5
260 6
24 4
241 1
20 3
658 1
316 2
427 2
374 3
791 1
6 1
33 3
622 5
797 2
624 7
597 4
541 4
279 3
582 2
520 2
277 4
319 3
276 5
606 4
18 3
590 8
469 3
799 2
11 3
510 3
651 4
713 4
185 3
512 4
471 3
599 3
744 1
291 5
767 2
402 1
367 4
292 6
368 2
584 5
629 2
386 4
40 5
266 4
549 3
486 3
286 2
675 4
581 3
735 3
301 4
529 1
473 3
9 4
244 3
180 2
318 4
752 1
95 5
186 5
149 4
226 8
392 3
68 7
51 2
741 1
761 2
365 1
457 5
228 3
413 4
614 2
69 4
238 4
327 2
221 2
556 4
232 4
405 4
296 3
583 3
227 2
257 3
245 3
736 3
224 1
536 1
488 5
211 5
236 4
746 3
404 3
303 2
727 4
440 4
382 5
701 2
219 2
780 5
462 1
76 2
431 3
366 3
305 3
253 4
103 2
99 4
414 3
136 3
502 3
357 6
172 1
505 4
551 2
781 3
133 4
239 4
444 3
732 2
109 2
518 4
412 4
754 3
478 2
638 3
417 5
373 3
273 6
333 4
739 2
771 3
494 7
396 3
646 3
611 2
669 2
375 5
66 3
672 2
721 2
44 4
130 2
101 4
29 3
175 3
184 2
692 3
113 3
361 1
148 3
443 3
134 3
389 6
166 2
187 5
415 5
258 3
610 5
271 4
126 3
592 4
334 2
677 3
504 2
178 6
685 6
742 1
426 7
58 2
332 3
421 1
73 2
489 2
330 4
93 2
756 3
407 4
119 1
86 2
350 5
722 3
158 4
416 6
397 3
507 3
516 1
352 2
265 3
645 3
16 3
321 4
288 6
784 1
312 2
128 3
479 1
578 1
483 3
164 2
237 4
74 5
173 2
436 2
14 5
220 7
786 6
267 3
98 4
281 2
147 9
747 2
26 3
10 5
54 2
704 1
331 1
255 2
146 3
798 6
790 2
500 2
120 3
52 2
342 5
453 5
778 2
612 2
314 5
153 4
215 2
110 7
370 2
188 4
78 1
108 1
617 1
324 2
123 2
764 3
562 2
278 2
358 3
92 2
730 1
308 3
572 1
176 2
22 3
652 1
542 2
254 3
56 2
664 2
748 2
531 4
322 4
298 2
336 3
156 2
261 5
371 1
565 3
30 3
563 4
758 4
290 1
691 4
686 1
663 4
383 5
23 2
408 3
693 2
636 2
474 5
410 1
190 1
198 3
487 2
668 4
793 3
83 3
372 5
116 5
310 6
406 2
201 4
602 4
539 3
376 3
264 4
566 3
87 2
139 1
36 4
654 1
740 3
460 3
770 2
648 2
521 1
792 4
2 5
498 2
667 7
561 2
513 4
222 3
660 1
79 2
206 2
391 2
519 2
696 2
249 2
235 4
191 2
703 2
433 4
104 6
112 1
400 2
540 4
200 2
768 1
344 4
411 6
484 2
106 1
268 3
537 2
796 1
135 4
783 2
60 3
242 2
250 3
199 2
311 4
511 2
773 1
618 2
280 2
716 4
418 4
57 5
124 3
705 2
213 1
163 6
359 2
616 2
482 2
450 1
598 2
401 2
623 1
633 2
351 3
586 1
442 2
293 4
302 7
360 4
326 2
183 1
446 3
197 4
49 3
97 5
639 1
424 2
710 1
131 1
755 1
4 2
794 2
493 3
309 3
299 1
218 3
700 2
7 3
434 3
230 3
208 2
274 4
763 2
603 1
205 1
458 2
159 1
485 4
207 2
203 3
240 3
580 3
114 2
681 1
533 1
472 2
340 5
145 1
355 3
225 5
270 1
343 3
631 3
348 3
607 1
530 1
403 6
399 4
655 3
787 3
61 2
231 1
567 1
300 1
165 2
456 1
63 1
204 3
749 2
671 1
468 3
210 2
202 3
5 1
719 3
294 3
447 1
34 2
548 2
168 2
625 1
522 5
476 1
161 3
409 3
449 3
706 2
718 2
557 1
709 2
745 1
708 2
420 1
91 3
788 1
588 1
39 4
454 1
256 1
212 3
171 2
448 2
795 2
329 2
317 1
585 1
422 3
682 1
31 1
656 2
247 3
776 1
13 2
353 2
649 1
387 3
313 2
150 2
647 2
50 2
246 2
785 2
695 1
544 1
96 4
28 3
122 3
85 4
499 1
553 2
89 3
738 2
661 4
105 1
777 2
728 3
627 1
463 2
229 3
560 1
194 3
670 1
25 2
155 3
1 3
750 2
45 2
289 2
467 3
287 2
419 2
765 2
192 2
297 3
138 6
251 1
189 1
552 1
21 2
243 2
142 5
662 2
600 2
653 1
465 2
769 2
42 3
328 2
620 2
71 2
527 2
665 3
555 4
43 1
179 1
753 1
621 1
77 1
601 1
678 1
751 1
759 2
12 1
459 1
182 1
495 1
295 2
591 1
470 3
233 3
445 2
528 2
144 1
177 1
117 1
509 1
491 1
160 2
689 1
461 2
568 1
283 2
72 1
608 2
605 2
32 2
223 1
393 1
19 2
697 1
481 1
8 1
395 2
111 1
714 1
637 1
82 1
707 2
514 2
506 1
775 2
643 1
650 1
378 1
760 2
726 1
384 2
167 2
680 2
534 1
609 2
699 1
195 2
67 1
428 1
285 1
377 1
53 1
641 3
304 2
683 1
362 2
272 1
380 1
731 1
55 2
455 1
141 1
325 1
170 1
589 1
162 1
381 1
439 1
234 2
90 1
743 1
388 1
player: 16 Competitive
48 3
595 4
619 3
742 3
189 4
145 5
75 6
430 4
482 5
330 4
215 4
320 5
359 1
350 3
749 4
410 3
646 1
461 3
67 3
17 7
592 2
506 3
378 1
207 1
617 3
102 5
569 6
554 3
172 4
783 2
446 1
675 4
773 2
29 4
169 4
347 3
490 3
124 2
315 2
3 2
604 5
176 4
658 5
8 1
369 3
338 6
148 4
32 2
103 7
327 3
786 5
434 5
222 4
396 1
16 3
162 5
317 4
611 9
546 4
550 5
276 7
186 2
179 1
466 5
275 2
615 5
311 1
57 4
379 4
242 5
441 3
93 2
680 3
14 3
151 5
252 2
335 3
678 4
44 2
254 1
586 5
632 3
607 4
285 3
136 2
793 5
295 4
100 6
305 3
289 3
729 4
653 2
332 3
633 3
353 5
424 2
192 3
545 3
622 4
390 3
316 2
101 3
382 3
343 3
324 2
442 5
565 7
150 4
414 4
351 5
138 3
538 4
775 2
388 3
217 2
498 3
741 4
487 5
323 5
263 6
314 5
455 4
341 5
56 1
488 2
391 1
518 4
231 4
705 1
180 1
443 6
513 3
366 5
623 2
778 7
69 5
753 4
558 6
120 2
280 1
98 3
193 3
695 4
352 7
465 2
224 5
426 1
127 3
171 3
27 5
597 1
787 3
672 3
152 1
542 6
648 5
738 1
431 3
483 3
432 3
22 5
453 3
70 1
444 3
530 3
128 4
142 4
376 4
88 4
745 3
794 4
115 3
10 3
703 2
117 1
479 6
673 2
630 1
578 1
692 4
606 3
273 3
402 3
689 1
306 4
63 1
722 2
80 2
784 5
40 5
122 2
118 2
473 1
228 2
194 2
643 3
631 3
644 5
184 4
555 2
95 2
734 4
511 3
761 2
214 3
581 4
139 3
66 3
381 1
714 5
743 2
26 4
309 2
593 4
499 2
168 1
346 5
750 5
211 2
368 4
375 7
438 4
494 2
425 3
294 4
549 3
419 5
706 1
50 4
448 3
173 4
694 3
208 5
723 4
24 6
399 1
618 6
167 2
30 3
608 4
435 3
68 2
308 5
759 2
740 1
501 1
704 2
719 2
202 1
304 3
449 3
728 3
270 4
182 3
440 2
768 5
785 2
112 2
155 1
170 6
657 4
732 2
15 4
744 3
771 2
447 2
130 5
766 3
650 4
108 3
90 2
187 3
693 5
677 2
64 3
84 2
278 5
688 5
463 3
72 4
684 2
131 2
454 2
737 3
110 2
85 3
392 4
257 1
96 1
726 3
47 2
274 2
589 2
721 2
470 2
524 1
635 3
344 4
262 5
134 3
504 3
244 3
188 4
523 1
528 5
11 7
2 1
250 5
503 3
99 4
312 2
468 4
795 5
261 3
682 5
157 3
540 3
492 4
788 1
690 5
380 1
271 1
605 4
183 5
733 3
111 3
563 2
123 3
529 2
255 1
797 4
269 2
517 3
491 9
735 1
259 3
651 3
534 1
655 2
33 2
288 5
210 2
20 5
73 3
310 3
249 4
372 1
628 3
4 1
489 1
345 3
267 2
364 4
106 2
577 2
114 2
196 6
243 4
543 3
445 4
356 2
385 1
662 5
667 1
238 2
746 1
409 2
62 5
433 3
86 3
234 1
394 6
82 4
156 3
427 2
132 1
205 4
286 3
458 2
583 3
663 4
713 2
754 2
683 3
720 3
557 1
572 4
495 4
81 4
225 2
676 3
739 2
408 3
307 2
49 1
34 3
591 4
185 3
213 6
51 1
223 3
751 5
747 4
588 2
46 2
293 2
796 2
405 6
762 3
153 4
559 1
537 3
53 5
561 4
264 3
232 2
321 3
319 1
329 2
59 4
469 4
54 2
602 3
28 2
464 1
620 5
702 2
560 1
772 2
467 2
340 1
60 2
92 3
552 1
439 6
197 7
582 2
649 3
31 4
724 2
674 2
708 3
547 2
460 3
687 3
397 6
497 3
752 2
486 2
709 2
544 4
418 2
520 2
301 1
91 3
94 2
626 4
19 4
336 1
412 1
386 1
25 2
765 5
421 3
35 3
161 4
603 2
711 4
204 2
291 2
296 3
387 5
283 1
158 3
500 2
159 1
590 3
328 2
636 2
163 4
277 1
365 3
614 2
78 2
707 2
400 2
562 3
701 3
535 4
339 4
125 3
536 4
527 2
109 1
105 1
297 2
299 4
450 3
696 1
303 1
654 1
6 3
334 3
268 5
664 2
480 3
508 7
258 1
780 3
349 1
647 2
763 2
791 1
553 5
712 5
199 2
318 3
564 1
799 2
496 2
570 1
472 2
178 4
325 2
493 3
730 2
522 2
798 2
154 4
531 4
668 2
616 5
485 2
362 1
609 4
716 2
279 3
284 1
141 2
476 1
755 1
230 2
247 2
219 3
160 2
781 4
670 3
585 2
457 3
195 1
770 3
146 2
363 3
107 1
248 2
512 3
782 3
567 3
290 3
360 2
7 2
625 1
23 2
451 4
42 3
198 2
717 1
113 3
769 3
514 2
521 2
681 2
764 1
666 3
627 2
137 2
38 2
436 4
41 1
13 2
417 4
383 3
748 2
79 2
9 1
227 2
355 3
147 2
515 1
548 3
292 1
779 1
642 4
601 4
624 2
241 2
456 1
587 1
471 3
760 1
533 4
574 2
1 1
661 1
371 4
556 1
700 1
710 2
736 2
539 2
679 4
462 2
77 1
337 1
218 1
83 3
416 1
229 1
87 1
656 2
203 3
245 1
97 2
551 3
239 3
133 1
613 4
507 3
287 2
313 1
201 2
166 3
792 3
216 1
21 3
221 3
697 4
516 1
65 3
477 5
144 3
260 2
422 2
637 2
665 2
505 3
126 2
135 2
429 1
415 2
89 2
246 1
326 1
206 2
200 1
212 1
401 2
641 1
659 2
36 1
428 1
731 1
265 1
5 1
191 1
300 2
374 1
459 2
638 1
373 4
758 1
484 1
121 1
58 1
621 1
510 3
407 1
634 2
598 1
698 2
525 1
776 1
226 2
233 2
437 1
331 1
149 2
669 1
143 1
282 4
253 1
541 2
393 2
52 1
691 1
240 1
165 1
116 1
398 2
532 1
164 2
686 1
361 1
652 1
403 2
789 3
610 2
596 1
129 1
413 2
209 1
45 2
302 1
367 1
174 1
104 1
757 1
37 1
43 1
411 1
71 2
478 1
342 1
594 1
140 1
526 1
774 1
player: 2 Altruist
663 4
450 2
628 2
117 3
49 2
102 6
74 5
678 3
764 4
759 1
453 2
365 3
203 5
381 6
349 4
651 5
236 3
205 5
394 7
593 2
90 4
553 3
527 3
200 1
589 3
400 3
411 5
460 5
649 1
25 4
470 2
392 5
345 2
778 4
145 5
749 6
245 5
295 2
279 4
434 1
61 2
82 9
220 3
255 10
86 2
430 5
420 1
474 2
469 4
478 2
461 5
788 3
283 3
668 4
523 1
206 1
441 4
132 7
577 3
366 3
181 5
457 2
301 4
734 1
517 1
87 1
416 3
696 2
105 3
364 3
526 3
311 3
5 3
282 2
477 2
464 1
543 4
351 5
193 3
353 5
418 3
321 4
702 3
697 5
276 5
166 4
693 2
766 4
149 3
310 4
404 2
361 2
218 4
724 1
636 2
112 5
625 2
638 1
212 5
319 3
234 6
375 5
425 2
627 4
214 2
210 6
174 4
198 5
108 5
516 2
160 3
748 5
518 1
721 4
740 4
388 6
107 4
771 2
412 2
280 5
796 6
257 6
500 3
75 4
422 3
33 3
507 3
78 3
20 3
423 2
405 5
122 4
616 4
175 5
417 2
141 6
91 6
664 2
738 3
241 5
572 1
292 4
45 3
289 2
407 6
709 2
565 1
446 3
334 3
173 1
498 2
679 6
735 3
285 4
151 5
717 1
395 2
139 2
30 1
409 6
12 2
452 3
467 3
403 3
675 1
624 4
715 3
700 2
356 4
744 4
42 1
248 3
508 4
231 5
674 3
252 4
504 1
371 3
549 3
194 4
312 4
437 5
530 3
199 5
635 1
566 2
59 8
713 2
561 2
488 5
512 1
424 6
298 4
459 3
315 2
350 2
582 3
309 4
81 6
162 3
38 1
671 5
578 2
466 3
584 1
695 6
154 5
230 2
143 7
369 3
161 3
197 1
37 3
171 5
618 3
119 3
202 7
741 3
178 3
691 2
605 4
413 3
211 2
225 3
36 3
100 3
712 2
619 2
303 4
769 3
567 4
362 5
704 5
768 5
426 5
537 3
540 4
131 2
83 2
189 2
120 4
63 3
64 2
130 5
253 3
184 6
128 6
277 2
164 4
376 6
706 2
204 7
728 3
397 3
313 4
338 4
360 3
439 1
739 3
776 3
123 4
69 1
617 2
503 5
196 4
544 1
80 3
611 2
288 8
513 2
443 2
463 4
89 2
783 4
27 4
548 2
532 1
613 4
491 4
793 3
591 4
110 4
263 2
232 4
6 1
410 2
687 4
259 4
286 1
681 4
399 3
726 6
363 2
777 5
79 8
377 1
514 4
308 2
449 4
676 4
251 4
659 4
528 3
322 3
692 4
736 5
753 1
614 2
4 7
240 3
385 2
1 5
698 2
256 2
127 4
650 2
126 2
557 1
481 2
224 2
573 3
188 2
482 2
29 2
701 2
157 4
658 2
344 3
209 6
752 3
465 3
742 3
655 2
23 1
490 2
348 4
621 3
222 3
448 3
729 1
440 2
323 3
76 4
94 2
339 4
612 1
326 4
368 3
511 1
359 2
506 1
414 3
142 2
290 4
522 1
641 3
754 2
541 1
260 5
343 5
305 4
55 4
509 3
2 4
598 4
587 3
645 3
24 2
586 2
789 2
284 5
576 3
71 2
746 1
216 3
720 1
493 3
761 1
372 2
662 3
109 4
379 2
46 9
270 2
243 2
65 5
382 3
215 1
329 4
116 2
596 1
191 5
331 3
96 4
221 4
610 2
254 3
798 4
121 3
7 2
35 2
261 7
536 3
18 2
355 1
386 2
268 3
14 2
393 6
227 2
475 3
727 1
485 4
708 3
357 4
631 2
324 2
719 3
683 2
13 1
39 3
396 4
201 3
597 3
472 3
53 5
52 3
757 1
647 1
98 1
442 2
562 3
134 4
103 1
632 3
799 2
233 5
648 4
168 1
772 4
703 2
629 4
427 4
300 2
521 2
21 3
428 4
327 3
147 3
152 4
535 1
626 1
228 1
770 4
401 2
265 6
447 4
499 2
167 7
782 1
293 2
387 1
630 4
124 2
737 1
11 3
569 5
176 4
550 1
775 3
608 3
275 4
538 1
330 2
765 1
8 1
669 1
438 2
570 4
156 2
340 3
226 2
150 2
95 1
755 2
235 4
479 3
643 4
54 2
640 2
370 2
328 2
367 2
41 2
732 3
192 3
341 4
560 2
213 3
118 2
432 3
97 4
207 1
242 3
299 2
333 3
239 2
751 1
547 4
34 3
480 1
68 1
454 3
249 3
660 2
296 1
186 2
238 3
302 1
486 1
93 3
17 4
455 2
317 2
165 1
634 2
163 4
169 2
711 2
136 2
694 3
652 2
554 2
374 5
138 1
747 2
750 2
383 5
60 4
594 1
269 2
763 1
307 2
10 4
44 1
28 1
287 1
471 3
332 2
148 2
580 1
787 1
101 2
682 1
170 2
16 1
180 2
421 1
654 1
237 4
314 2
794 3
564 3
325 1
497 2
229 5
247 2
183 2
795 2
707 2
568 3
780 1
699 3
306 4
390 3
217 1
492 2
653 3
373 3
50 1
70 3
406 2
555 1
111 1
519 2
445 4
714 2
661 2
40 1
281 2
585 1
451 2
62 2
77 1
639 2
223 1
489 2
590 1
644 1
642 3
294 1
688 1
48 3
686 5
539 2
208 2
792 3
785 2
342 1
47 1
84 2
533 2
431 4
462 1
402 2
135 1
32 2
336 3
278 1
656 1
318 4
716 2
476 2
784 2
185 1
684 1
73 3
546 1
571 1
115 1
274 2
468 1
264 1
297 1
104 2
67 1
633 3
473 3
495 2
579 3
520 2
501 2
563 1
581 1
602 2
195 2
622 2
346 3
273 4
304 2
177 3
85 1
316 1
389 1
718 1
219 3
250 2
680 5
19 2
607 1
670 2
262 1
657 1
496 1
384 3
66 2
378 2
551 2
722 2
779 2
22 1
182 1
146 4
600 1
786 2
246 2
603 1
575 1
595 1
606 1
408 3
43 1
484 1
615 1
271 1
505 1
358 1
760 2
51 2
637 1
354 2
88 1
272 3
137 1
15 1
588 1
133 2
144 1
429 1
774 2
159 3
529 1
743 2
762 1
601 1
444 2
685 1
179 2
705 2
531 1
710 2
140 1
187 1
646 1
797 2
172 1
419 1
494 1
502 1
415 1
665 1
106 1
9 1
153 1
player: 8 Altruist
459 3
583 3
134 4
639 3
520 1
431 6
240 4
223 2
357 1
243 4
59 3
233 5
546 5
271 6
442 1
746 1
665 2
74 2
101 2
195 5
495 2
263 4
148 3
1 2
177 2
33 5
154 1
310 4
236 6
766 1
471 1
497 6
575 2
182 3
594 4
55 2
706 6
221 4
84 4
659 2
503 3
3 1
779 3
53 3
275 7
274 5
666 3
122 2
449 2
193 4
95 2
366 3
419 1
647 1
147 2
365 5
320 3
482 4
349 3
796 5
602 3
54 2
527 2
573 3
544 1
741 2
298 4
614 2
290 5
478 2
479 4
380 4
165 4
619 4
638 2
70 5
40 3
372 5
571 2
529 1
724 1
250 3
145 3
23 5
318 4
542 2
107 1
242 6
350 2
696 4
150 3
346 3
437 4
420 4
186 3
219 4
785 3
181 4
238 7
781 1
210 4
418 4
693 2
601 1
739 6
733 5
793 1
436 3
239 3
293 4
715 1
259 3
701 3
767 4
689 3
370 6
216 2
356 5
697 1
708 3
208 5
624 1
56 2
769 7
303 2
17 2
694 2
109 6
403 4
26 4
158 4
468 1
175 5
700 4
89 1
282 5
604 8
414 1
670 1
677 3
149 5
658 5
597 1
631 5
77 3
66 3
657 3
321 2
91 4
20 3
771 3
794 3
155 3
791 3
6 3
52 4
228 2
234 4
654 3
757 4
304 5
73 4
736 2
783 7
452 4
502 4
337 8
261 2
284 7
19 2
778 3
322 4
212 5
249 2
48 1
129 3
292 3
592 1
409 7
214 4
398 5
103 3
144 2
142 4
273 3
646 4
768 3
565 1
202 2
389 3
76 4
686 3
789 1
179 3
28 7
171 5
528 3
550 2
374 3
295 3
307 5
170 3
207 2
758 4
603 2
377 5
609 4
72 5
530 2
652 3
42 2
792 4
581 2
610 5
551 2
660 2
15 2
360 3
173 4
367 2
102 3
361 3
353 2
402 3
343 3
412 3
465 4
82 6
272 6
661 3
378 5
83 1
80 3
139 7
63 6
537 5
504 2
204 4
653 4
451 5
728 3
776 5
433 4
786 3
441 2
266 4
470 4
500 4
650 3
411 4
172 4
447 1
126 3
606 2
248 3
308 5
124 4
369 6
363 3
692 3
446 6
323 3
784 4
194 3
311 6
355 3
276 4
549 4
485 2
745 1
625 4
10 2
716 2
427 2
299 4
312 3
140 4
732 3
313 4
118 5
434 4
225 2
777 3
191 3
116 2
413 2
119 3
663 2
725 2
47 3
200 3
428 4
754 5
538 1
277 5
547 1
267 2
88 5
435 4
333 3
586 1
774 4
410 4
362 1
637 1
121 6
564 2
38 5
790 1
185 4
213 5
174 5
348 3
711 2
138 1
555 5
203 2
512 3
62 5
342 4
400 4
797 2
327 1
67 3
510 1
289 2
675 1
770 3
247 2
762 3
141 1
629 2
566 6
217 4
557 4
587 1
283 2
721 2
178 8
426 4
358 4
524 1
231 3
113 3
393 4
699 3
81 1
93 5
627 2
211 6
222 3
681 1
709 7
545 2
577 2
588 2
664 2
127 3
461 2
192 4
687 3
100 1
690 3
218 2
60 5
611 2
719 3
775 3
265 6
5 3
516 2
46 2
395 5
294 4
570 2
291 4
553 2
501 3
480 3
123 4
201 2
131 3
326 3
183 1
90 1
532 3
268 3
391 1
12 2
159 1
96 5
591 2
534 2
404 1
114 3
9 4
29 4
390 2
467 3
798 4
117 4
297 1
599 4
137 1
518 3
44 2
499 1
330 3
253 3
106 4
24 3
463 1
641 4
75 1
226 2
278 3
626 2
254 3
205 2
64 2
285 4
50 2
490 3
97 1
252 5
220 4
143 1
198 2
160 3
302 3
324 1
246 3
621 2
445 3
521 1
2 2
788 2
765 3
156 3
580 5
317 2
430 3
300 3
352 4
671 2
491 4
260 3
331 5
679 1
645 3
334 2
190 3
598 2
723 4
280 2
729 1
381 2
505 1
656 4
375 2
772 1
691 1
718 4
406 1
507 3
163 2
399 3
613 2
270 6
494 4
227 4
133 2
707 3
714 3
25 3
481 4
668 2
396 4
748 1
717 2
517 1
787 6
486 1
722 4
477 1
206 8
269 3
306 3
49 1
548 4
509 3
720 3
782 2
484 1
215 3
279 4
373 5
596 1
41 2
130 2
108 2
744 1
519 3
339 1
162 4
241 4
737 2
780 1
635 1
132 3
164 5
523 3
751 1
515 3
605 5
45 2
251 5
264 4
608 4
684 2
111 2
705 1
199 2
371 2
764 3
354 3
526 2
730 2
735 3
703 4
11 4
319 2
415 2
474 2
14 2
453 1
169 2
87 1
475 2
685 2
567 2
506 1
209 3
262 4
136 4
755 3
612 1
287 5
397 4
345 2
32 2
35 2
408 1
336 3
78 2
65 2
153 1
726 2
37 3
633 1
682 1
466 2
457 1
535 1
151 2
383 3
761 2
112 3
328 3
440 1
31 3
683 3
628 5
184 3
332 1
167 2
492 1
643 2
224 3
496 3
392 3
256 1
196 2
450 1
756 2
57 1
257 2
394 1
561 1
476 2
747 1
161 2
229 2
552 2
533 3
456 4
710 1
773 3
424 2
620 6
698 1
325 4
341 2
281 3
85 2
27 1
16 1
382 2
245 1
232 2
695 1
799 1
128 2
237 2
197 1
376 4
115 1
368 1
309 3
152 2
489 1
120 2
166 4
401 2
607 1
623 3
669 3
30 1
125 1
753 2
338 2
359 1
740 3
568 1
79 2
286 2
188 2
94 1
180 2
713 2
574 1
388 4
39 1
578 1
760 3
379 1
384 2
255 1
417 2
522 2
344 1
448 3
258 3
454 1
364 3
469 3
8 1
235 1
316 3
244 4
288 2
385 2
540 2
622 1
351 2
616 2
464 3
92 1
493 1
734 2
444 1
673 1
488 1
425 2
642 3
460 1
387 2
296 2
556 1
590 1
18 1
688 2
405 4
531 1
69 1
649 2
98 1
562 1
615 1
439 2
648 1
644 1
314 2
582 2
187 1
146 1
105 1
71 1
4 1
135 4
21 1
511 1
329 1
563 1
104 3
569 1
593 2
157 1
61 2
742 2
727 1
632 1
51 1
301 1
576 1
423 1
487 1
58 1
662 1
22 1
189 2
455 1
514 1
651 1
player: 0 Altruist
527 3
207 6
657 3
461 5
585 2
170 3
101 4
710 1
559 1
122 4
410 4
159 5
377 5
35 5
141 5
385 1
117 5
79 4
183 5
783 2
218 3
277 4
337 7
47 5
683 3
404 2
738 1
670 5
551 7
81 3
600 6
65 1
256 4
303 2
441 2
66 2
108 7
394 4
776 2
83 3
292 4
203 5
373 2
784 3
647 4
533 7
152 5
497 4
3 2
313 3
348 3
68 4
214 4
651 4
252 5
2 9
612 4
402 4
301 1
407 5
414 3
195 5
254 3
28 4
325 3
93 3
251 3
630 2
16 3
260 1
354 4
603 1
535 6
201 6
700 5
637 2
121 3
487 3
156 1
406 4
388 4
38 3
223 3
731 3
269 7
359 1
718 3
220 4
96 2
172 4
294 7
678 2
451 3
774 4
258 6
387 3
742 5
206 3
681 4
434 2
607 2
513 2
625 1
102 2
76 6
632 3
781 2
145 7
317 3
327 4
413 1
74 7
352 4
82 4
235 5
494 4
486 2
291 3
205 5
336 3
544 2
321 3
213 5
217 3
489 3
187 5
472 2
448 2
467 4
241 3
24 7
605 3
797 4
87 6
574 4
283 3
749 1
49 3
329 2
100 4
729 2
438 2
690 2
168 3
473 3
274 4
391 5
376 4
646 2
153 3
36 3
435 4
284 2
257 5
281 3
502 7
177 3
680 4
766 3
71 3
242 2
127 2
270 4
131 3
396 4
21 1
789 3
215 2
14 2
332 1
126 5
112 4
350 7
539 3
278 4
685 6
356 2
29 4
665 4
567 2
50 5
347 4
224 3
128 5
706 3
27 2
369 2
282 6
571 3
525 2
73 4
261 4
103 1
531 3
368 4
64 3
755 3
132 4
84 5
553 2
4 5
618 3
302 3
401 4
330 2
370 2
364 5
17 2
58 3
768 2
785 3
464 3
342 3
288 5
721 2
118 2
614 4
398 4
483 4
662 2
713 3
62 8
363 2
39 3
642 3
751 3
318 6
307 6
460 3
20 2
243 6
474 3
12 3
393 4
759 3
227 4
226 1
566 1
138 3
69 3
164 6
140 4
649 2
454 1
199 7
750 1
129 3
184 4
188 5
653 3
415 5
255 5
455 2
216 4
161 2
758 2
165 3
529 1
200 5
619 4
319 2
555 2
792 3
520 2
641 2
148 1
638 1
639 3
536 1
357 3
462 4
425 5
395 5
466 1
629 3
526 7
280 4
427 2
144 2
289 1
421 2
296 4
94 2
405 4
482 4
46 2
174 6
80 6
338 4
44 5
548 4
538 2
573 2
654 2
635 3
365 5
299 4
198 4
264 2
166 4
308 3
552 1
498 2
8 3
565 3
382 3
445 1
180 7
157 1
436 1
510 4
423 3
355 2
297 2
416 2
26 3
311 4
491 5
447 5
488 2
608 1
56 5
517 5
588 2
219 2
33 2
424 3
433 3
351 5
572 5
98 3
746 2
786 4
230 4
295 3
275 8
285 4
528 2
99 3
790 3
745 2
346 3
480 3
769 4
602 6
534 4
740 5
240 4
741 3
696 3
119 1
204 3
344 3
386 4
592 3
314 3
360 8
725 2
31 1
390 1
151 5
358 3
692 2
97 3
439 2
179 3
155 4
475 1
250 3
384 4
324 2
583 1
666 4
173 3
265 2
748 2
747 1
300 4
272 3
671 2
67 2
113 1
556 2
182 1
130 3
339 2
383 4
190 2
253 2
782 3
754 4
381 3
609 2
287 3
506 4
793 3
764 3
85 2
701 5
63 2
695 6
762 4
408 5
661 2
40 3
735 1
581 2
228 2
149 4
249 5
471 4
263 2
268 3
340 3
232 1
430 1
732 3
323 4
244 2
72 4
595 2
196 3
78 2
169 2
222 3
77 2
237 4
158 5
189 5
233 3
306 5
13 3
495 2
753 3
75 2
767 4
775 3
450 5
511 2
271 3
509 2
11 1
645 1
52 3
192 3
367 4
499 2
550 2
41 5
310 2
276 1
449 3
739 5
229 3
353 3
114 1
193 3
437 6
597 2
562 3
697 1
389 3
591 1
496 1
458 1
503 2
712 4
621 3
197 2
61 1
623 3
45 6
469 2
57 3
211 4
429 2
714 1
726 2
691 3
689 1
584 2
515 2
304 2
238 2
576 3
514 2
139 7
259 2
477 1
209 3
672 4
443 2
476 1
554 2
444 2
730 3
620 2
15 1
116 4
771 2
540 2
640 2
459 2
341 3
791 2
134 3
18 2
135 2
176 4
110 3
717 3
570 2
677 2
418 1
593 1
453 2
601 2
6 3
51 1
221 1
582 4
380 3
59 2
104 1
142 2
225 3
91 1
594 1
326 3
780 1
679 1
442 1
501 1
794 6
403 1
163 4
366 1
682 2
715 2
763 2
542 2
664 1
92 2
521 1
796 3
305 6
34 4
309 3
88 2
687 2
610 3
70 2
316 1
181 1
658 1
167 2
160 2
516 1
611 4
693 1
504 2
320 2
10 2
711 2
361 4
54 2
175 4
420 1
522 2
446 1
615 1
723 2
186 2
634 2
463 2
493 1
465 1
245 4
154 1
765 5
470 1
586 1
587 2
136 4
32 2
558 1
400 2
675 2
720 3
262 3
643 3
428 3
411 1
673 3
698 1
702 3
397 2
231 1
613 3
212 2
178 1
89 3
624 1
55 2
733 1
577 2
622 2
663 2
543 3
770 2
343 3
507 2
694 3
519 1
772 3
452 1
481 1
419 1
185 2
752 2
124 2
105 2
708 1
722 4
202 3
468 3
716 3
236 2
86 3
374 3
334 2
686 1
19 2
545 2
652 1
143 2
312 2
25 1
530 1
492 1
150 1
773 1
676 1
627 1
194 2
335 2
412 2
279 3
208 3
523 1
22 2
777 2
162 2
500 2
42 1
417 2
659 1
267 1
247 2
575 3
322 2
371 1
795 2
7 1
524 2
290 2
667 1
37 2
349 2
728 1
315 1
756 1
30 2
171 3
23 2
107 1
644 1
362 3
422 1
628 1
246 1
248 2
378 2
328 2
137 1
799 1
580 1
432 1
699 2
560 2
479 1
146 1
109 1
298 1
568 1
626 1
409 1
787 1
426 1
5 1
579 1
518 1
293 1
719 1
633 1
484 1
345 1
704 1
707 1
player: 9 Competitive
462 3
745 3
625 3
509 3
772 5
665 4
521 2
4 4
429 3
396 4
797 1
775 5
17 4
636 9
179 3
38 3
561 3
79 9
685 4
520 5
695 4
232 2
444 7
252 3
582 4
106 1
400 5
381 7
116 2
263 7
633 2
315 2
627 1
529 4
507 4
54 4
457 2
257 3
555 5
171 4
44 2
317 4
549 3
449 3
223 3
309 2
343 2
123 4
767 5
142 2
43 3
565 4
299 3
353 3
482 4
178 3
379 1
553 3
732 4
706 1
519 2
558 4
380 3
781 3
256 2
733 3
675 3
764 4
16 2
510 4
402 3
342 6
132 1
568 3
172 4
759 3
645 2
307 4
722 1
694 2
600 3
547 1
728 3
469 5
260 4
586 2
708 2
9 1
704 4
130 4
87 2
384 3
271 2
99 3
133 4
134 4
215 4
488 6
82 3
662 3
208 2
612 7
63 1
407 3
281 2
139 4
455 2
210 2
603 7
436 4
128 2
122 4
287 3
66 8
199 4
430 2
245 3
466 5
494 3
51 2
754 3
757 1
213 4
580 2
672 2
29 3
479 3
671 3
508 5
34 3
222 3
644 2
522 5
336 3
276 4
786 4
42 5
674 1
146 5
729 4
502 4
506 4
634 2
148 4
545 3
243 1
121 1
793 2
193 1
218 5
266 6
585 2
576 3
710 3
339 1
33 5
467 2
366 3
500 2
185 1
609 3
744 4
216 3
670 4
651 2
302 3
57 2
52 1
327 3
376 2
283 2
471 3
692 6
26 6
765 3
798 2
532 8
752 2
291 4
403 2
422 4
378 1
31 3
251 4
357 3
290 3
579 2
250 3
401 2
275 2
286 4
355 3
386 3
382 2
225 2
161 3
426 3
652 4
533 3
417 4
303 3
663 5
456 1
362 2
637 5
693 2
630 3
112 3
340 1
649 3
35 2
539 2
187 2
495 3
755 2
567 2
120 2
774 6
446 5
730 2
563 1
267 3
174 2
528 4
313 4
635 5
301 3
167 2
331 4
673 4
27 8
657 1
485 5
688 2
268 5
703 1
447 5
20 3
424 2
2 6
406 3
583 4
527 2
408 2
212 3
28 2
6 3
769 1
497 5
272 2
613 3
760 3
75 5
254 5
207 3
15 5
156 5
398 3
770 4
249 1
240 2
761 2
771 1
619 3
762 2
739 3
573 4
64 5
84 5
328 1
39 2
310 4
702 4
238 2
97 3
98 3
105 4
658 5
390 1
5 1
23 1
126 2
758 2
546 7
526 3
102 5
304 3
163 3
96 4
24 3
108 3
333 1
420 3
8 6
596 1
137 2
72 4
470 2
548 3
581 3
746 6
664 4
158 3
373 4
554 4
118 2
70 5
738 4
285 3
505 3
196 2
486 3
575 2
1 3
329 1
160 1
188 2
214 4
551 3
713 1
270 2
237 3
712 4
298 3
186 2
779 2
560 2
45 2
584 5
61 2
32 4
141 5
543 3
184 1
569 4
90 2
574 2
46 3
360 1
181 1
443 3
681 3
59 5
110 2
481 2
175 3
743 3
624 2
778 3
155 4
162 3
345 1
465 1
453 3
648 2
682 2
389 1
537 2
766 4
289 4
164 1
492 2
322 1
92 3
56 3
305 6
58 3
182 2
566 4
641 2
697 3
111 4
409 2
661 3
593 4
387 2
74 4
418 1
119 3
483 7
40 1
610 2
614 8
159 2
177 5
274 1
605 4
231 3
679 3
47 6
715 4
440 4
91 2
439 1
473 2
518 1
153 1
265 3
62 2
611 3
288 2
335 3
154 1
195 5
244 1
678 3
253 1
311 2
280 3
427 6
435 3
150 1
358 3
617 3
138 3
464 2
463 1
742 4
476 3
83 5
773 1
205 2
12 2
371 5
173 7
656 3
113 3
680 5
127 2
700 2
326 2
363 2
410 2
513 2
441 2
776 3
71 1
361 1
220 3
318 5
684 3
640 2
190 3
660 2
136 4
489 1
525 2
570 4
788 1
753 3
414 2
279 5
86 4
735 3
367 2
484 3
496 2
76 5
234 3
523 3
799 1
501 2
451 1
536 2
147 3
514 5
615 5
653 2
273 3
709 3
151 1
683 4
370 1
472 2
475 5
650 3
687 3
696 4
248 2
183 5
255 2
103 4
115 2
166 2
698 3
293 3
321 2
152 4
55 3
180 4
621 3
397 1
104 1
259 4
224 1
421 5
319 3
461 1
550 2
731 4
789 4
626 1
50 1
718 3
452 2
21 3
230 3
145 4
391 2
540 4
284 2
474 2
168 2
571 2
11 3
598 1
524 2
750 3
724 1
632 3
282 3
458 2
669 3
236 2
308 1
22 2
369 2
601 4
434 3
780 1
203 2
608 1
763 3
300 2
80 1
618 1
49 1
325 1
620 2
690 2
425 2
372 3
504 3
68 3
393 2
705 1
374 4
14 2
454 1
354 2
604 1
751 3
599 3
511 6
552 2
204 2
411 2
655 4
639 1
194 1
748 2
597 3
623 1
564 1
392 3
229 2
714 1
487 4
503 3
296 2
544 3
677 1
445 2
25 4
239 1
117 4
294 1
219 2
734 2
235 3
269 2
78 1
242 4
89 3
794 4
314 2
81 2
100 2
716 1
67 3
562 5
94 2
41 2
233 2
295 2
144 3
351 2
377 1
459 1
364 2
591 2
787 2
654 2
217 4
783 1
796 2
365 2
480 4
741 2
101 1
531 1
460 1
530 1
107 3
643 1
368 1
247 3
341 3
517 2
385 1
135 4
737 3
241 2
768 5
428 1
516 3
324 1
723 3
13 1
332 1
642 2
515 1
261 2
419 3
638 2
3 1
124 2
405 1
587 3
557 3
77 2
129 2
227 1
711 3
344 1
448 1
602 2
756 3
646 2
535 1
450 3
262 1
356 3
140 1
477 1
395 1
498 2
490 1
578 2
606 1
131 1
556 2
423 1
352 1
383 3
691 1
297 1
95 1
316 2
717 2
330 1
53 2
577 4
149 1
60 2
206 2
348 1
88 3
622 3
192 2
394 1
69 2
699 1
277 2
478 3
165 2
334 3
30 1
785 1
37 2
19 2
85 2
228 2
143 3
499 3
347 1
416 2
442 2
595 1
631 2
720 1
359 1
211 1
512 5
594 4
157 2
73 1
413 1
306 1
18 2
226 1
109 1
412 1
588 1
629 3
375 1
559 2
125 1
246 1
7 1
719 1
350 1
491 1
572 2
197 1
668 2
740 1
198 1
221 2
202 1
607 1
349 1
48 3
534 1
792 2
628 1
727 1
93 2
589 1
736 2
493 1
437 1
176 1
721 1
749 1
468 1
player: 17 Competitive
484 3
302 3
524 1
475 4
440 5
467 5
221 3
480 2
497 2
124 3
43 5
663 4
547 4
752 3
630 2
758 3
120 4
98 6
303 2
432 2
123 2
512 4
96 3
105 5
383 5
95 6
587 2
757 3
150 2
198 3
616 4
6 2
561 4
479 3
239 3
644 5
76 3
429 6
49 3
254 5
235 5
31 4
326 3
549 1
47 4
570 3
541 2
699 3
627 6
736 4
781 4
755 3
218 3
14 4
523 2
160 2
738 4
636 3
143 2
611 2
139 4
175 2
255 2
610 3
207 3
417 4
12 8
793 5
93 5
114 3
735 4
110 1
615 2
18 3
648 5
545 3
578 2
66 3
137 4
111 3
562 4
639 6
88 3
197 3
649 4
237 4
157 3
306 2
581 3
48 2
344 4
348 1
205 4
296 2
798 3
285 4
577 3
542 4
704 3
700 4
668 4
420 2
345 3
727 3
555 3
588 4
469 2
215 2
787 5
343 2
718 5
571 5
276 1
46 3
44 1
295 3
15 2
29 5
390 4
277 1
449 3
439 7
70 2
703 2
293 1
64 5
135 4
79 1
455 2
458 3
478 2
623 1
505 3
572 4
253 3
397 1
428 4
586 2
621 6
333 4
268 4
507 5
304 3
421 4
327 4
761 3
481 4
22 2
422 5
53 3
330 3
453 1
790 5
240 3
362 5
569 3
77 2
219 5
265 6
662 1
389 2
681 1
250 2
526 2
138 3
280 1
71 6
346 3
658 5
115 3
797 2
626 2
168 5
554 1
454 3
118 3
638 5
307 4
370 3
209 4
186 3
774 7
177 6
544 4
552 4
641 2
686 2
604 3
509 2
741 4
539 3
401 6
656 4
522 3
573 4
762 2
640 4
637 4
680 1
576 2
133 3
702 1
324 4
189 3
83 2
144 3
744 5
57 2
715 4
192 2
595 3
721 3
754 4
356 4
674 3
483 3
725 4
311 3
684 2
27 2
759 5
631 5
359 5
99 3
746 3
190 3
283 6
234 4
622 3
592 4
78 2
785 2
2 6
788 2
515 3
500 4
564 3
377 1
617 3
163 4
58 3
217 5
122 3
528 3
760 1
25 7
487 3
328 3
386 7
501 2
461 3
322 2
470 1
92 2
433 4
697 3
463 5
412 4
232 2
369 4
717 3
498 1
403 4
331 5
62 4
443 1
159 5
770 1
740 3
714 4
162 1
325 1
468 5
769 1
91 3
340 4
313 2
323 2
108 3
187 5
212 5
39 5
482 3
391 2
126 2
372 3
533 1
691 3
682 3
297 1
109 1
534 1
37 2
499 2
683 3
178 4
448 2
632 3
381 4
673 1
618 4
271 2
241 3
199 2
224 3
223 3
529 2
713 5
647 2
520 4
286 1
434 2
657 3
778 3
619 4
594 4
281 3
352 3
196 1
462 1
773 2
353 1
11 3
176 2
86 1
274 1
248 5
337 4
690 4
251 6
679 4
299 2
242 3
748 5
771 2
38 2
510 1
387 5
775 4
659 2
17 4
102 3
667 4
782 6
36 2
660 2
230 2
750 4
161 2
229 4
430 5
166 2
182 1
317 1
154 3
338 4
447 2
174 2
51 1
574 2
257 6
33 2
582 5
287 4
784 2
267 2
701 2
288 2
400 2
329 3
765 1
473 1
226 3
152 2
431 5
423 2
654 1
665 4
50 3
72 1
73 2
634 3
677 4
388 4
24 4
107 5
543 2
450 3
171 2
341 4
709 7
551 3
19 5
290 4
643 3
675 4
65 4
580 3
426 5
567 5
233 2
382 5
26 2
80 5
671 4
536 4
4 4
493 3
724 1
737 5
244 3
357 5
559 1
613 1
419 1
427 3
537 3
687 1
525 1
361 4
350 2
517 3
106 4
437 5
380 2
598 3
87 1
495 3
506 2
169 4
445 1
476 2
74 1
575 8
743 2
147 2
396 4
32 2
308 1
55 1
266 3
591 8
282 4
358 2
491 3
127 1
669 5
314 1
399 3
67 2
16 5
131 5
763 1
789 4
446 2
494 4
532 2
695 3
214 2
489 1
203 3
245 2
319 1
8 1
568 3
384 3
104 5
28 1
206 4
518 2
726 3
134 5
706 3
68 4
722 1
566 3
60 2
195 4
411 1
710 1
474 1
220 5
729 2
298 3
606 3
170 3
100 2
655 7
477 2
410 6
407 2
89 2
796 3
94 3
194 6
404 3
603 4
614 4
666 1
696 2
503 2
791 2
689 4
263 1
451 1
688 5
779 2
792 5
733 3
101 3
188 2
645 3
21 2
81 3
366 3
148 2
378 6
548 1
624 1
321 3
734 1
694 3
272 2
334 3
210 2
749 3
90 2
300 1
392 6
415 2
492 1
13 2
620 3
556 2
799 5
367 1
201 1
128 3
780 4
180 2
141 4
155 1
502 1
794 6
601 1
406 2
301 3
45 3
698 4
540 1
117 3
310 3
413 1
35 2
69 2
511 1
538 1
732 2
151 2
425 2
373 2
273 4
360 2
41 4
772 1
291 4
708 1
279 1
508 1
23 1
776 2
584 3
97 1
59 2
485 3
5 3
405 2
504 2
153 2
652 4
385 1
318 4
593 3
777 2
289 5
519 1
216 1
418 2
278 2
739 4
456 4
85 2
238 2
246 1
531 2
530 2
460 2
181 1
247 2
363 3
471 2
149 1
642 2
438 3
452 2
52 2
34 3
113 1
513 1
395 2
558 1
54 4
466 3
472 1
535 1
129 2
121 2
339 1
661 1
730 2
165 2
75 2
719 2
3 1
723 1
146 6
200 1
745 2
84 4
742 1
275 3
208 3
795 2
514 2
347 2
635 2
294 1
336 1
354 1
653 1
546 3
585 1
589 3
184 2
261 1
116 1
249 3
565 1
211 1
252 1
376 4
783 1
764 1
685 1
650 3
521 2
720 2
442 2
599 2
119 2
260 1
374 1
751 2
646 3
236 1
112 2
563 1
349 3
56 1
312 1
20 2
486 1
398 4
379 1
600 2
164 2
550 2
444 3
402 1
63 1
173 1
262 1
707 1
213 1
457 1
424 3
692 1
605 1
103 1
270 1
227 1
712 1
527 1
193 1
612 3
42 1
409 2
355 2
228 1
225 1
609 2
145 2
7 1
786 1
416 3
693 1
414 1
371 1
629 1
256 1
1 1
342 1
560 1
459 1
716 1
185 1
40 1
628 2
222 1
172 1
320 1
332 1
30 1
465 1
768 1
125 1
284 1
705 1
player: 6 Altruist
184 5
135 4
317 2
794 3
245 6
497 3
734 4
323 5
485 4
280 5
346 5
206 1
656 4
77 2
31 2
152 3
655 9
294 1
158 2
58 1
710 1
199 4
2 3
740 2
63 3
66 3
179 3
646 1
569 2
254 4
510 2
461 3
786 3
71 2
775 5
617 2
133 3
147 5
305 5
270 2
44 4
750 1
260 4
504 1
361 3
24 5
420 3
208 4
721 4
714 1
53 1
624 7
395 3
192 1
12 1
81 9
390 5
527 6
571 4
49 3
262 2
306 2
434 5
338 3
207 3
193 2
368 4
474 3
339 2
259 5
221 5
669 2
33 3
713 2
75 3
337 2
16 3
7 5
320 3
764 3
220 2
210 8
744 2
524 3
171 5
751 3
451 3
243 1
636 2
246 8
136 4
447 3
736 2
679 2
412 3
455 3
293 10
48 3
61 3
745 3
490 4
627 4
104 4
188 5
360 4
130 4
422 1
659 4
723 3
314 4
752 1
760 2
332 4
312 5
609 2
438 7
119 4
373 4
374 3
94 3
275 5
500 3
741 2
738 3
668 2
396 2
277 2
599 3
247 3
471 2
409 8
172 3
701 2
110 4
468 2
173 5
493 4
289 2
356 2
665 3
682 4
494 3
597 3
697 5
573 2
477 2
693 4
154 1
535 1
712 4
282 1
454 5
143 3
228 3
746 4
128 3
495 1
688 3
251 6
681 6
350 6
234 6
216 2
457 1
284 4
756 2
600 3
212 2
285 1
204 2
330 3
731 5
398 6
15 5
633 1
155 3
116 7
347 6
431 2
620 1
186 4
310 3
637 1
416 2
269 2
551 3
581 2
407 2
73 3
106 2
735 3
266 5
21 5
84 2
226 4
59 5
505 2
647 1
217 1
661 5
518 2
68 3
391 5
23 5
118 2
237 6
439 1
488 4
288 6
153 4
166 1
89 3
511 4
257 4
370 9
388 7
69 3
727 6
720 4
631 1
91 5
689 2
652 4
418 2
503 5
235 5
378 2
628 4
200 2
542 3
405 4
399 2
87 3
345 4
389 5
469 5
673 2
157 4
359 3
114 2
56 5
507 4
74 2
408 3
380 3
363 3
555 2
565 2
645 4
182 4
653 1
98 2
684 2
658 8
423 8
304 1
426 5
240 1
32 5
567 1
753 2
496 2
730 1
6 3
286 4
436 1
530 1
739 2
134 4
297 7
543 3
354 3
404 4
419 6
588 4
96 6
296 7
309 3
137 6
264 5
799 2
324 1
765 4
159 4
748 3
51 6
575 2
472 3
111 4
433 2
231 3
249 3
568 3
698 1
334 3
80 4
491 1
610 4
287 2
649 3
466 4
302 4
782 3
197 2
695 2
557 2
129 4
109 3
364 4
253 4
776 3
272 1
672 2
190 2
517 1
578 2
35 3
107 4
690 2
548 1
219 2
638 2
629 2
621 3
78 2
198 3
616 5
459 2
242 1
541 1
576 3
536 2
547 1
402 4
28 4
19 2
14 3
95 3
365 7
218 5
394 2
93 1
747 1
319 6
686 2
292 3
450 3
113 6
142 3
671 2
311 2
643 2
677 3
604 3
719 1
349 5
501 3
34 3
783 4
46 3
725 2
244 2
64 5
122 6
42 4
521 2
139 1
538 2
558 3
82 5
331 3
92 2
376 3
9 4
156 2
83 6
788 1
290 2
150 4
121 3
532 2
303 1
654 1
694 4
387 3
798 4
177 2
443 2
499 3
358 6
473 1
683 3
202 1
406 3
383 2
770 5
17 5
512 6
307 2
403 4
322 3
163 3
222 2
276 10
149 5
676 1
258 4
148 3
357 3
45 7
72 1
39 2
176 1
146 5
362 3
325 4
400 1
169 3
203 6
230 3
528 1
117 3
667 4
340 8
634 1
397 2
767 3
328 4
757 3
687 1
379 3
4 2
283 1
125 1
784 2
717 2
470 2
108 5
680 1
101 2
160 3
170 1
602 4
375 4
563 3
377 2
737 5
789 2
180 2
201 4
590 2
556 2
664 1
99 4
151 4
315 3
127 1
225 3
18 4
763 5
707 1
13 1
644 1
278 3
648 3
62 1
612 4
279 1
437 1
480 1
233 3
733 3
445 1
453 5
618 2
708 2
452 1
460 2
579 2
348 2
205 7
793 1
131 3
351 2
189 2
641 2
191 3
195 1
706 2
241 1
371 3
537 1
215 2
248 2
540 1
795 3
353 2
595 3
768 1
514 2
115 3
562 3
386 2
211 4
489 4
5 2
227 5
787 2
796 1
583 2
539 4
486 4
549 1
100 4
138 3
463 5
318 3
333 1
630 2
523 1
273 2
79 1
456 4
481 2
603 1
762 1
291 1
462 1
430 2
754 1
566 1
608 2
343 3
126 3
525 2
298 3
502 1
446 5
561 4
385 2
85 2
635 1
308 3
224 3
55 5
582 1
144 2
601 2
103 3
766 2
709 3
236 2
780 1
589 1
209 6
344 3
213 2
411 3
553 1
381 3
413 3
623 1
369 5
577 2
614 1
229 1
124 2
335 4
255 1
90 5
769 2
642 1
52 3
605 3
550 1
256 2
674 3
29 2
271 1
194 2
102 2
321 2
367 1
790 3
570 4
141 4
183 2
326 2
112 1
70 2
174 1
670 2
728 3
513 2
675 2
265 2
239 1
27 4
479 4
428 2
771 2
622 1
429 2
410 2
26 2
718 1
711 4
164 2
274 1
336 2
534 1
432 1
384 2
586 1
657 1
57 1
742 2
607 3
585 1
10 2
758 1
372 1
299 1
425 2
458 1
529 2
685 1
424 3
238 2
700 1
181 2
120 4
639 1
476 3
704 4
401 1
572 1
214 2
749 2
342 3
132 3
11 1
295 2
442 1
560 2
417 2
772 2
554 2
261 2
187 2
729 1
584 1
755 1
162 2
178 2
88 1
250 3
516 2
691 1
702 2
329 1
415 3
341 2
544 2
145 1
161 1
327 4
611 1
352 2
519 1
1 1
781 1
531 2
705 1
613 1
67 1
25 2
54 1
509 2
594 1
366 2
440 2
478 1
692 2
196 1
632 1
464 3
467 1
666 1
759 1
267 1
716 1
492 1
427 1
8 1
316 1
263 1
300 2
625 2
508 2
773 1
591 1
232 1
140 1
97 1
546 1
791 2
20 1
268 2
777 1
47 2
715 1
22 1
552 1
522 1
761 1
313 1
105 1
414 1
465 1
779 1
475 1
662 2
778 1
724 1
703 1
185 2
587 1
483 1
626 1
30 1
774 1
123 1
60 1
player: 13 Competitive
404 4
704 4
741 8
343 2
433 2
344 2
277 2
365 2
696 4
583 3
775 3
355 2
63 5
512 2
1 3
245 5
236 2
368 3
288 5
604 4
421 6
367 6
153 2
420 5
660 2
132 1
142 4
747 1
62 5
545 2
767 3
578 1
226 2
243 1
729 3
106 2
776 2
314 4
568 3
40 3
588 6
632 3
689 4
65 4
627 7
144 4
486 6
145 2
676 5
93 5
232 2
338 3
609 4
129 3
18 4
622 2
626 1
745 3
633 3
403 3
123 1
126 5
16 3
84 2
200 3
172 3
418 3
174 1
571 6
244 5
671 1
119 4
46 2
154 5
584 2
97 2
769 3
640 4
157 4
780 2
781 3
439 3
674 3
511 2
384 2
57 2
43 3
721 3
536 3
61 3
661 3
507 2
44 4
313 3
759 1
96 1
125 3
309 3
194 3
273 4
469 3
371 4
447 7
614 5
462 3
388 3
709 1
630 5
237 2
540 2
534 3
453 5
219 3
492 3
503 2
594 1
223 3
389 2
83 3
109 7
753 4
543 5
179 5
495 4
74 3
362 4
10 5
184 3
169 1
416 4
173 3
702 6
36 6
698 4
485 4
34 6
673 3
455 4
748 3
112 3
526 3
784 4
2 3
574 3
506 4
445 2
23 1
405 3
700 2
20 2
108 6
260 2
133 3
152 7
299 4
182 2
412 5
589 6
437 3
666 1
774 5
80 4
649 2
81 5
370 4
148 4
509 3
621 4
50 2
623 3
742 1
203 3
357 4
211 1
461 3
715 1
341 2
615 1
410 3
68 1
127 6
770 4
85 3
329 3
186 5
428 4
134 2
31 5
480 4
652 7
198 2
297 1
360 3
471 2
374 3
284 1
72 5
515 5
39 1
735 3
79 1
688 1
235 1
92 5
33 4
216 4
294 1
448 3
548 4
669 8
396 2
330 2
100 3
168 5
246 1
323 4
162 2
252 5
390 4
251 3
429 2
677 2
143 3
708 3
217 4
264 3
538 2
782 4
417 5
14 3
786 2
510 2
791 3
256 5
375 2
628 3
185 4
317 4
524 4
719 2
710 1
665 4
222 3
318 1
766 2
559 4
117 5
654 5
436 3
777 5
798 4
440 4
662 3
547 4
47 4
516 1
265 4
714 3
349 3
335 3
475 2
693 3
337 2
755 2
393 1
691 5
178 4
304 2
35 2
795 4
75 2
116 4
427 2
629 2
653 4
532 3
87 2
496 4
664 5
24 4
113 3
22 1
124 3
697 4
438 3
598 2
724 1
234 1
544 2
401 3
581 2
730 2
231 5
497 4
442 2
694 1
395 3
631 4
163 4
192 3
502 4
406 4
147 5
726 2
242 3
636 3
67 4
521 2
522 5
637 2
655 1
505 2
275 2
535 6
136 2
500 4
772 2
53 2
98 2
752 2
711 4
783 5
718 4
259 4
452 4
180 2
799 5
230 4
518 2
413 3
434 4
557 2
32 3
282 5
105 3
382 4
193 2
790 3
587 5
593 5
281 5
55 3
692 3
188 2
166 4
346 3
464 2
562 2
175 3
327 1
268 1
672 1
570 4
131 2
647 2
426 2
727 4
359 4
269 2
789 3
493 1
347 4
459 2
196 3
450 3
499 4
311 1
215 3
372 4
490 2
607 3
397 1
616 2
303 2
227 3
363 2
381 3
160 1
52 3
659 3
155 1
668 2
542 3
319 2
90 1
792 5
88 4
4 4
104 5
699 3
3 2
725 2
463 3
130 4
86 1
449 2
151 3
624 2
648 5
619 3
379 3
6 2
213 2
387 3
712 1
27 3
60 4
89 5
383 3
302 1
358 2
705 7
114 2
76 1
646 4
229 3
77 4
220 2
64 1
58 3
258 2
295 2
146 3
41 5
71 2
271 4
339 3
111 3
489 1
254 3
634 1
488 2
210 1
141 2
267 5
120 1
308 3
161 1
26 3
342 3
411 1
199 2
326 3
760 1
19 4
773 2
331 3
582 3
298 3
316 4
49 1
596 2
408 3
751 2
591 3
352 1
78 2
250 3
290 3
424 4
56 5
241 6
728 3
639 3
706 5
201 1
690 2
796 4
301 6
504 2
380 3
554 2
356 3
283 3
771 1
458 2
618 3
158 5
28 5
788 3
350 3
239 4
566 1
364 5
756 2
137 7
385 3
779 3
763 2
457 2
586 3
11 2
54 2
121 1
289 2
552 1
739 2
398 3
402 3
635 6
525 4
333 2
764 1
553 3
91 2
378 3
658 1
474 4
681 4
432 2
484 3
643 3
183 2
21 3
95 2
5 2
228 3
687 2
30 2
430 2
208 2
460 2
8 2
292 2
48 2
612 3
9 3
209 2
479 1
537 1
377 2
641 2
204 2
684 2
520 1
563 4
466 1
425 3
45 3
218 5
286 3
189 1
285 2
523 2
82 2
191 5
620 1
332 3
481 3
556 4
207 1
517 4
595 5
513 2
613 5
580 3
736 2
644 1
482 1
212 1
435 2
572 3
399 2
478 2
348 1
723 3
206 4
171 2
221 4
37 2
392 2
743 1
645 1
73 2
569 2
139 3
446 1
531 2
415 2
602 1
733 3
682 3
291 1
564 4
138 1
423 3
785 3
716 2
642 4
754 3
66 1
15 3
501 2
701 2
451 2
334 3
573 2
473 5
670 2
296 3
762 2
12 2
59 2
110 3
257 2
325 1
170 2
533 1
541 2
255 2
560 6
605 2
51 2
38 1
761 3
470 3
617 2
280 3
625 3
732 4
722 3
29 3
394 1
224 3
328 4
675 1
514 2
70 1
276 3
214 2
94 2
315 2
656 2
195 2
300 4
293 2
118 1
270 2
750 1
793 1
585 1
519 3
749 1
176 3
539 2
498 1
225 2
679 2
734 3
575 1
99 3
103 2
678 1
262 1
274 2
69 1
407 1
156 1
441 1
312 1
468 3
707 1
444 1
717 2
778 2
150 1
600 2
527 2
386 2
738 3
599 3
128 1
443 3
177 1
787 1
746 2
305 3
266 1
409 1
529 1
345 1
590 1
167 1
477 1
610 2
247 1
321 1
456 1
695 3
422 2
601 2
351 1
487 1
720 2
25 1
205 2
667 1
757 1
561 1
240 2
758 3
287 2
592 1
577 1
476 1
685 1
261 1
737 1
483 1
576 1
340 1
391 1
650 1
555 2
686 1
115 2
546 1
324 1
253 1
567 2
491 1
376 1
508 1
794 2
233 2
165 1
366 1
663 2
181 1
467 1
249 1
683 1
101 1
202 2
472 1
272 1
player: 3 Altruist
15 6
218 3
668 3
797 2
701 3
571 7
100 3
534 2
98 3
699 1
226 6
477 2
714 2
457 4
322 5
298 3
185 2
29 3
475 2
474 3
179 7
68 4
750 4
299 3
312 3
123 6
384 2
173 6
751 3
774 4
598 5
460 4
222 4
538 1
419 4
581 2
660 3
223 1
476 3
467 2
519 5
734 5
139 6
463 7
189 5
381 4
603 3
444 2
711 2
458 2
220 2
726 7
60 1
398 2
555 7
128 3
346 3
597 1
33 2
261 3
263 3
391 2
63 3
307 7
689 3
209 6
341 3
461 5
583 3
240 5
366 6
259 6
27 1
62 2
290 5
158 2
91 1
162 7
308 3
785 4
203 4
445 2
252 8
224 3
318 6
262 4
243 3
229 6
370 3
20 4
41 2
278 5
303 3
702 2
425 1
772 2
327 1
9 2
107 5
364 5
143 2
401 3
204 5
306 3
700 5
233 4
61 6
58 1
344 4
360 5
382 3
418 3
637 4
254 2
193 4
744 3
227 5
273 4
359 4
410 3
389 4
427 5
328 6
175 2
253 5
491 2
565 4
268 4
742 2
487 1
94 2
133 3
503 4
490 4
622 6
24 5
681 3
397 1
368 2
192 2
302 4
799 1
357 2
514 1
528 4
531 3
288 6
414 4
296 8
406 5
279 4
373 2
468 2
325 4
300 5
755 1
723 1
147 3
578 4
596 1
10 3
408 2
754 2
207 6
421 5
736 2
549 2
166 3
84 1
31 3
197 2
485 2
99 2
640 2
53 3
589 3
712 3
44 2
452 3
454 3
115 1
605 3
574 1
513 3
683 3
417 7
388 4
690 5
315 2
71 3
577 2
200 2
313 2
217 2
636 3
188 4
140 3
559 4
13 5
403 4
85 4
756 3
375 2
499 2
145 5
682 2
371 4
608 2
181 2
724 5
442 2
270 3
195 1
455 2
337 6
625 2
320 2
377 4
161 4
251 3
453 6
12 3
673 1
748 3
16 5
546 6
46 2
735 2
576 6
285 5
165 3
283 3
633 3
66 2
648 4
127 2
443 1
696 1
241 3
14 3
627 2
671 2
543 2
96 5
88 2
479 5
301 1
767 5
666 2
25 5
387 6
106 2
379 3
745 1
645 4
108 3
32 1
670 3
153 5
125 2
563 4
142 2
214 2
219 3
372 3
798 4
309 4
537 4
1 3
245 3
486 2
4 5
564 4
113 3
235 5
336 4
560 4
64 2
428 2
358 4
330 2
148 4
493 2
617 3
271 4
570 6
11 4
663 2
524 2
90 2
264 2
137 3
130 6
116 4
764 2
353 6
551 4
415 2
169 5
599 1
8 1
114 4
135 3
634 4
675 1
260 4
39 2
766 2
339 6
433 3
51 3
257 2
790 1
276 2
281 4
275 5
566 2
48 5
795 5
160 1
250 1
688 2
602 3
729 2
228 3
102 4
590 2
781 2
747 2
163 3
628 2
295 5
110 4
352 2
351 5
74 2
42 2
449 3
760 2
615 3
77 3
249 3
342 2
126 2
676 4
441 3
402 3
231 3
93 4
749 2
758 1
272 1
331 7
687 2
540 2
438 2
182 3
321 5
691 2
722 5
75 2
293 4
591 3
674 2
643 1
547 1
304 3
76 5
248 4
779 2
164 2
768 3
297 7
473 2
483 4
369 2
782 4
136 2
710 5
426 1
720 3
109 2
291 7
176 5
437 3
274 6
170 2
206 3
383 2
236 4
741 5
97 1
647 4
289 2
343 7
679 3
465 2
423 4
172 3
146 2
208 4
65 3
155 3
350 1
611 4
761 1
409 2
630 3
392 3
183 2
424 1
739 2
405 2
282 2
413 1
23 3
86 3
319 3
783 2
21 2
202 3
447 2
156 4
267 4
120 4
258 5
464 4
550 1
390 1
376 3
678 1
539 3
494 2
316 2
256 2
186 2
432 3
407 1
36 1
242 1
159 1
632 1
535 1
484 1
482 1
771 5
582 4
151 4
776 5
561 1
105 1
380 1
201 1
669 1
685 4
79 1
239 4
37 3
416 4
221 3
216 2
394 2
47 1
180 2
34 2
365 4
95 2
544 1
83 2
19 3
593 2
612 1
314 2
512 1
138 4
614 4
618 1
237 3
523 2
28 4
361 3
558 4
719 3
567 6
225 6
35 3
284 2
246 2
152 3
7 2
651 2
154 2
434 2
329 4
334 2
55 3
333 2
530 1
119 2
144 2
335 4
778 1
456 2
385 6
70 3
658 3
763 1
287 3
515 2
338 2
355 2
472 2
412 2
796 2
495 4
187 3
396 3
520 1
430 5
80 2
777 2
496 2
656 1
244 3
215 3
400 3
311 1
600 2
642 3
511 2
693 4
332 5
59 2
122 2
431 4
607 1
569 1
527 2
738 1
654 3
429 1
448 2
451 1
5 1
792 3
684 3
167 3
586 1
715 2
492 3
134 3
422 1
525 3
211 3
255 4
56 1
367 1
572 1
212 3
541 1
728 2
439 5
111 1
450 2
348 5
395 1
694 3
52 4
89 2
677 2
580 3
374 4
529 3
657 4
568 2
532 3
770 2
6 1
174 2
18 1
601 3
727 1
404 1
507 2
340 2
497 3
194 1
557 1
49 1
198 3
787 2
623 2
501 1
554 1
286 5
266 3
324 2
411 2
613 2
190 3
349 1
466 3
740 6
641 2
129 2
101 2
124 3
446 1
704 3
57 3
621 1
78 2
280 4
470 3
609 3
265 2
345 2
363 2
171 1
732 3
698 2
713 2
717 2
103 2
440 2
650 5
178 3
533 2
362 2
664 2
40 3
562 1
552 3
592 1
2 3
536 1
706 1
386 2
177 3
30 3
488 3
436 1
626 2
500 1
81 4
323 1
393 1
104 2
789 1
762 1
730 1
588 2
294 2
67 3
653 2
585 1
780 2
118 1
667 1
50 1
631 1
230 2
644 2
73 3
399 2
652 1
510 1
708 2
478 1
784 1
132 1
481 1
150 1
703 2
347 1
775 1
92 2
575 1
659 1
157 1
672 1
247 1
646 1
661 2
731 2
131 1
356 1
459 2
45 2
17 2
573 3
3 1
791 2
69 1
54 2
72 2
234 3
786 2
733 1
595 1
310 3
326 1
213 2
649 1
205 1
692 2
504 1
695 1
587 1
184 2
604 2
788 2
517 1
199 1
773 1
526 2
420 1
87 1
317 1
548 1
232 1
149 1
292 1
686 1
620 1
471 1
506 1
680 1
player: 1 Altruist
184 4
532 6
45 3
177 2
302 3
216 3
640 5
189 2
389 5
326 4
473 3
413 5
307 3
43 10
408 5
250 5
230 3
718 4
341 4
394 5
743 2
681 2
18 2
585 1
652 5
573 3
576 5
217 4
421 3
90 2
197 3
178 6
402 5
4 3
201 2
509 4
422 4
605 2
741 4
488 2
214 4
77 5
544 8
163 2
231 5
416 6
120 3
482 1
76 2
453 5
304 3
241 3
187 3
784 1
477 3
283 3
160 4
387 1
265 2
374 6
746 1
604 1
328 4
208 6
311 6
226 1
107 5
725 3
379 1
291 1
260 3
351 4
349 6
53 3
59 3
682 2
203 3
462 2
46 2
286 7
70 3
781 6
759 2
790 2
552 2
710 3
340 5
293 6
381 3
794 2
472 1
403 4
459 4
690 3
346 1
678 6
244 4
676 4
305 3
101 1
21 3
338 3
273 2
661 6
93 4
20 6
370 1
335 7
199 5
270 11
397 5
17 1
611 2
677 1
301 5
623 3
732 3
105 3
524 3
334 3
687 1
110 3
629 1
582 3
173 1
587 1
442 4
455 1
233 3
470 4
102 2
684 1
543 3
772 2
522 3
57 3
620 5
655 2
117 5
467 3
386 4
749 4
264 5
256 3
599 4
405 5
92 4
108 4
309 5
528 5
327 5
222 5
242 2
331 2
176 5
675 3
58 5
700 4
192 9
200 2
204 7
780 2
130 4
616 2
118 4
592 3
245 2
297 5
799 3
373 2
752 1
736 4
545 5
770 6
190 2
410 5
580 5
662 2
272 7
457 4
47 2
701 2
339 3
29 2
360 3
452 3
218 6
8 3
248 4
792 2
139 2
74 3
234 2
705 2
411 2
647 4
221 5
6 3
384 4
32 7
502 3
742 1
469 2
593 2
123 6
122 5
767 1
170 6
581 3
529 1
632 4
296 3
560 1
719 2
783 4
766 4
726 3
465 6
111 2
579 1
686 2
30 1
288 2
167 3
145 7
227 3
444 5
135 1
451 2
144 1
695 3
607 3
517 4
56 3
400 1
446 2
456 2
330 3
500 2
310 5
667 1
356 2
779 5
2 2
240 4
14 3
195 3
162 2
207 3
52 3
298 3
44 3
258 5
253 4
285 1
313 2
98 5
153 2
538 1
193 6
332 1
519 3
744 2
255 2
16 9
271 4
13 4
570 2
534 4
238 5
584 3
481 3
127 1
785 1
295 2
11 4
24 2
83 3
417 2
164 2
89 3
229 6
181 2
308 2
202 3
213 1
548 6
292 3
191 4
104 4
613 2
393 2
589 2
134 1
630 3
186 4
86 1
566 4
284 3
61 5
364 3
182 2
665 4
350 3
205 1
169 3
504 5
369 4
324 3
140 4
27 4
694 4
508 4
133 6
621 3
709 1
215 3
535 2
447 6
50 1
425 5
345 1
321 5
48 4
391 3
236 3
378 7
344 3
87 3
129 3
188 3
663 3
342 3
711 2
798 3
363 7
610 3
537 2
776 1
367 4
788 2
359 2
235 5
773 2
693 1
577 3
533 2
608 3
224 4
418 2
119 2
731 2
440 3
641 3
591 2
698 3
361 2
79 3
635 2
527 4
427 1
760 1
747 1
136 2
723 2
354 2
179 3
103 2
546 2
211 3
281 4
649 5
401 4
474 2
166 3
114 7
796 3
66 2
437 3
648 2
600 2
434 4
49 2
33 2
583 2
707 3
171 2
174 5
691 1
376 4
404 3
380 5
22 1
94 2
312 2
571 1
575 1
180 4
597 4
333 4
64 5
396 2
269 2
348 3
78 4
712 3
555 1
278 2
424 2
266 4
431 2
125 4
688 6
268 1
329 2
165 3
325 5
745 2
55 1
754 3
769 1
257 4
735 3
659 2
715 2
383 6
568 2
196 2
692 1
276 3
95 2
355 3
737 3
314 3
439 4
588 2
561 4
185 4
631 1
448 4
158 2
634 3
362 3
353 3
38 1
658 1
274 1
36 1
26 3
680 5
82 2
121 3
399 1
510 1
606 4
75 5
347 2
124 4
88 3
550 4
267 5
320 5
617 2
542 3
172 3
499 3
729 4
586 2
480 2
316 2
319 4
9 1
352 3
563 4
97 1
639 3
220 8
626 3
479 2
41 2
485 2
461 2
239 4
249 3
279 5
514 1
722 2
138 3
209 3
618 4
463 2
385 3
237 1
62 2
357 2
183 3
414 1
31 5
716 5
429 3
368 3
113 2
748 2
501 3
152 2
775 5
484 2
275 2
35 2
42 1
287 2
377 4
739 3
521 2
96 3
572 1
210 5
771 3
515 2
246 4
243 1
567 3
206 1
263 3
478 1
375 2
337 1
146 4
128 4
109 2
141 4
60 2
262 2
198 4
689 1
609 1
433 2
306 4
714 2
526 4
612 2
390 2
289 3
764 2
458 1
590 2
751 2
67 3
727 1
34 3
516 2
432 2
423 3
294 2
259 2
445 2
733 3
323 1
142 5
37 1
644 4
435 4
194 3
251 3
71 4
12 2
277 1
371 3
763 2
721 1
619 1
443 3
116 1
466 1
551 3
492 2
497 1
724 2
343 4
388 3
372 3
602 3
756 1
430 4
778 4
476 3
150 3
636 3
252 1
154 1
670 2
392 2
498 3
642 2
673 2
19 2
491 2
793 2
643 2
523 1
65 1
406 2
219 3
518 1
300 2
85 1
706 2
789 1
468 1
149 1
489 1
565 1
419 2
795 1
72 2
757 2
558 1
318 2
674 1
336 2
553 1
1 1
650 1
506 2
5 2
531 1
28 3
398 2
601 1
137 1
15 1
627 1
660 2
63 1
290 4
734 5
51 2
541 2
520 2
317 3
232 1
556 2
536 2
159 2
69 2
261 1
507 2
454 3
513 2
428 2
175 2
512 1
668 1
657 2
713 3
54 1
574 1
80 5
683 1
471 1
39 2
679 1
525 1
81 1
740 1
395 3
436 1
212 3
777 1
148 1
494 1
228 2
247 1
696 2
7 1
768 2
762 2
303 2
703 1
486 2
704 1
638 1
483 3
637 2
569 2
547 1
449 1
322 1
68 1
730 1
126 1
708 1
412 1
671 1
728 1
132 2
614 1
493 1
115 1
603 1
540 1
787 1
223 1
280 2
438 1
407 1
717 1
155 1
450 1
595 1
157 1
666 1
490 1
23 1
625 1
720 2
99 1
282 1
750 2
420 1
738 1
791 1
131 2
664 1
161 1
player: 5 Altruist
694 1
575 3
335 5
44 4
670 3
790 2
731 4
122 4
50 5
2 6
52 5
62 2
352 10
364 3
534 7
331 2
549 2
531 6
54 7
791 2
134 3
624 5
186 3
257 6
300 6
14 2
175 6
468 2
90 3
376 5
99 2
328 2
497 3
661 4
197 3
513 1
70 2
53 1
82 4
45 3
486 3
458 4
166 6
751 3
737 3
220 2
187 6
108 4
277 3
265 4
673 3
332 3
660 2
358 2
392 6
18 4
377 4
222 5
380 4
727 5
354 6
574 2
608 1
744 1
119 4
233 4
519 2
270 5
79 2
693 2
491 2
539 6
647 2
93 3
543 3
558 2
299 2
532 4
275 3
306 3
111 3
104 6
788 2
244 4
467 6
321 2
110 1
740 6
776 2
65 6
515 2
715 1
247 5
17 2
349 3
564 1
231 3
581 7
609 3
517 2
136 5
571 6
582 5
388 3
443 2
419 5
780 5
323 4
359 4
411 1
703 3
679 3
142 2
118 5
628 4
796 2
692 3
319 4
293 8
49 3
676 3
120 4
34 4
475 1
260 4
230 4
680 3
153 3
27 2
285 2
798 5
709 5
32 4
298 5
41 6
103 2
324 2
516 2
431 2
677 3
410 3
496 4
368 3
327 5
271 5
482 4
336 4
503 3
23 3
71 4
382 5
40 3
606 2
20 4
570 1
59 1
763 2
489 3
243 4
452 1
178 4
794 3
572 1
689 3
340 3
589 2
379 2
216 7
406 6
304 3
785 1
451 5
16 2
60 6
508 2
253 1
289 5
591 1
373 5
225 1
91 2
541 3
251 2
447 6
158 5
246 2
141 3
530 2
397 3
28 1
683 3
569 2
140 7
416 2
184 3
234 3
320 5
372 4
375 2
229 5
714 2
655 5
206 5
393 2
121 3
238 4
415 3
263 7
317 3
146 3
448 6
218 2
66 6
249 4
741 3
686 2
742 2
480 1
436 4
476 4
35 4
601 5
594 3
487 2
518 4
148 2
312 4
57 3
339 2
183 4
391 4
707 2
143 2
759 1
191 3
126 1
797 3
51 4
636 4
95 4
307 3
245 6
473 1
209 4
555 4
432 2
724 4
179 3
344 1
772 3
193 3
147 5
322 4
681 2
623 4
189 1
123 3
770 2
619 3
417 5
597 4
168 3
242 3
565 2
412 2
553 1
86 3
698 2
613 2
357 4
203 1
294 2
400 2
125 6
205 1
427 3
453 2
643 3
279 3
650 6
94 3
248 3
424 1
757 1
766 3
351 3
423 2
510 2
420 3
124 2
584 2
127 3
181 5
395 4
672 1
588 3
704 3
43 2
149 3
75 4
649 4
668 5
215 4
29 3
687 6
733 2
512 2
422 3
792 1
729 3
68 2
176 4
61 4
47 1
384 4
63 2
554 2
435 4
188 4
235 2
616 2
262 4
132 2
87 4
414 6
706 1
78 5
469 3
254 4
590 1
470 2
483 4
278 3
282 1
58 3
8 4
261 2
195 4
284 2
128 7
311 2
627 4
463 6
542 3
640 4
117 4
657 1
593 3
386 2
439 4
505 2
708 2
292 1
113 4
337 4
658 5
232 2
721 2
201 2
573 2
596 1
360 3
280 2
180 5
678 3
639 4
735 4
252 2
290 1
37 3
394 3
408 3
204 5
88 2
566 2
237 3
500 3
296 3
36 3
152 1
521 1
315 2
405 2
172 2
511 3
768 2
39 2
250 3
669 1
550 3
434 6
219 4
631 4
576 2
256 2
409 4
22 5
559 5
314 3
675 3
418 4
151 3
101 4
726 1
199 4
6 4
568 2
695 2
399 4
355 2
651 4
494 3
365 2
717 5
461 2
771 2
362 2
663 2
635 1
662 2
200 3
745 2
162 1
478 2
363 4
338 1
240 1
348 3
214 1
556 2
620 2
291 2
26 3
462 3
221 4
495 5
492 2
137 3
437 1
702 3
396 3
429 3
585 1
366 5
369 3
756 3
305 3
241 6
13 2
444 6
258 1
498 4
464 2
227 3
19 4
133 3
131 4
522 3
4 2
313 2
782 2
24 3
578 2
73 2
287 4
283 3
295 6
56 3
421 4
524 5
528 3
762 3
102 1
112 3
67 1
440 4
786 2
196 2
753 3
390 3
346 2
255 2
194 1
303 4
457 1
367 2
586 2
430 4
156 3
433 2
64 3
722 1
548 2
493 1
691 2
485 2
716 1
170 3
562 3
552 1
758 1
157 1
607 5
342 2
747 2
84 3
106 2
130 2
699 1
267 1
587 2
671 1
630 1
769 4
618 2
600 2
579 3
297 1
398 3
77 2
767 4
370 4
460 2
605 1
644 2
787 2
266 1
76 3
490 4
228 3
30 3
208 2
115 1
213 3
471 2
545 2
161 2
310 2
5 1
777 6
617 1
177 2
504 3
72 2
273 3
1 1
728 3
116 1
403 4
711 2
445 1
96 2
781 1
239 2
752 3
164 1
334 2
488 3
784 2
700 2
688 1
642 2
641 2
347 1
286 4
81 3
190 2
484 1
499 2
25 2
739 1
223 2
629 2
105 3
449 3
773 2
83 1
634 1
764 1
169 2
159 2
754 1
696 4
646 1
301 4
272 2
318 5
69 3
712 2
236 3
637 3
567 1
765 1
154 4
192 2
529 3
139 2
33 1
309 1
325 3
632 2
477 1
97 1
269 5
42 1
603 2
633 1
442 1
749 3
10 3
341 1
182 1
114 2
428 2
345 4
750 2
356 2
705 2
281 2
226 2
520 2
560 1
374 1
465 2
144 2
402 2
730 2
155 2
454 1
259 1
734 1
401 2
353 2
604 1
738 1
12 1
329 2
107 1
198 5
659 1
748 2
135 1
11 1
174 2
615 2
667 1
718 1
330 1
404 2
211 2
80 4
595 1
316 2
648 1
506 1
89 3
407 1
74 1
185 2
38 1
736 4
544 1
656 1
626 1
725 1
288 1
92 1
533 1
268 1
580 1
173 1
799 1
611 2
645 2
450 2
326 1
145 2
210 1
501 3
446 1
621 2
15 2
685 1
502 1
710 1
474 1
224 1
383 4
21 1
674 1
538 2
720 1
361 2
138 1
207 2
217 4
563 3
425 1
472 1
523 1
795 2
732 1
466 2
441 1
333 2
264 1
274 2
713 1
723 1
3 1
387 1
789 1
481 1
525 1
602 1
625 1
302 1
381 1
527 3
438 2
385 1
746 1
684 1
557 1
202 2
719 1
701 1
413 3
537 1
793 1
426 2
55 1
459 2
610 1
389 1
652 1
160 1
378 1
775 1
31 1
9 1
150 2
163 1
109 1
547 1
455 1
player: 12 Competitive
401 5
344 2
605 4
637 4
764 3
426 2
603 4
455 2
507 3
272 6
383 5
140 2
654 2
180 6
549 3
237 5
212 3
30 5
306 2
367 2
705 6
454 4
184 5
679 2
392 3
622 4
304 4
300 2
691 3
668 5
738 6
588 2
394 3
301 4
208 4
222 4
700 2
134 1
285 4
743 4
274 5
146 4
357 4
500 6
335 4
42 2
749 1
750 3
391 1
310 4
460 2
620 4
104 1
483 4
600 3
48 5
19 3
509 4
154 2
618 4
443 3
330 2
579 2
611 4
760 2
91 3
439 6
608 3
469 3
103 5
278 3
31 1
643 6
271 8
771 1
458 2
519 7
658 2
257 4
87 2
762 6
97 2
626 2
384 4
639 2
475 3
233 2
629 2
171 3
387 1
396 5
229 2
642 5
356 1
317 3
616 2
564 4
689 2
523 3
17 5
666 4
188 3
515 2
290 5
660 2
403 3
474 2
782 2
554 3
789 3
98 5
211 2
365 3
627 2
544 5
254 2
494 3
711 3
799 4
648 2
624 2
518 3
606 4
291 3
185 3
709 3
688 3
740 3
551 5
210 4
547 2
169 2
548 3
366 5
275 5
784 2
563 4
1 1
15 2
545 2
120 2
106 4
653 3
402 3
34 3
584 2
192 3
168 5
723 2
107 3
375 2
721 3
557 3
373 4
382 4
607 4
333 2
265 3
266 3
149 2
71 1
23 2
141 6
10 4
795 1
239 4
555 4
89 5
243 6
260 4
287 5
786 3
3 2
44 2
242 4
76 2
329 3
96 2
4 2
737 3
18 3
503 1
677 4
725 1
735 2
354 2
351 6
64 3
352 5
72 7
110 6
54 3
562 2
716 4
798 6
249 3
262 2
147 4
128 2
685 3
159 3
416 6
435 5
355 3
295 2
173 4
129 4
538 6
665 1
53 1
319 2
162 3
684 2
407 3
767 5
787 3
81 6
581 4
453 5
757 3
220 3
430 5
115 2
593 7
447 7
419 3
433 4
95 1
537 2
33 8
38 3
294 1
223 3
609 3
592 2
337 2
82 6
574 1
657 3
205 5
602 3
297 5
336 6
379 2
311 3
182 1
517 2
615 6
728 3
52 4
692 2
543 4
415 3
550 1
177 5
712 2
644 3
40 3
346 2
302 3
376 4
69 2
245 3
428 2
276 6
241 4
529 5
634 5
565 3
675 3
62 2
99 1
790 3
191 3
125 4
381 4
289 3
296 3
673 5
536 1
708 2
719 3
669 3
26 5
307 4
231 5
720 2
707 1
524 4
445 4
283 1
363 2
9 2
360 3
215 3
546 2
706 2
553 4
349 4
240 1
479 2
230 5
531 7
247 4
308 2
209 3
281 3
729 6
160 1
736 2
533 3
539 4
613 3
152 2
314 4
179 2
358 2
777 3
100 5
601 3
686 2
148 4
286 3
36 9
85 2
256 2
55 1
12 2
490 2
432 3
305 4
633 2
350 4
670 2
635 3
421 4
135 3
791 2
181 1
450 5
467 5
429 3
532 3
244 4
471 2
2 5
22 5
451 2
348 2
359 3
114 4
590 4
332 1
580 3
102 5
77 2
224 2
773 3
425 3
108 2
715 6
599 3
739 1
142 6
251 1
699 2
127 3
718 3
625 3
75 5
409 1
109 5
646 2
561 4
126 3
512 3
472 2
178 3
174 1
119 1
94 5
434 4
399 3
794 3
714 3
431 2
623 2
207 2
464 2
797 1
473 1
246 1
393 2
28 4
486 5
520 2
698 2
6 2
508 1
495 4
444 4
88 2
776 2
722 3
710 2
696 2
656 2
226 3
92 5
116 4
16 2
139 6
339 3
463 3
79 2
56 3
361 1
338 5
726 1
213 6
41 3
176 2
697 3
65 4
45 5
522 3
324 4
273 1
398 2
183 2
166 4
130 1
326 1
187 4
578 2
770 2
742 1
491 4
86 3
612 2
165 2
628 4
112 4
11 1
456 3
489 3
411 6
572 1
556 2
292 2
514 2
201 1
312 3
585 1
487 2
436 4
745 5
664 4
200 3
323 4
765 3
527 4
772 3
113 2
370 2
703 4
14 1
377 1
631 4
569 3
221 1
417 6
118 3
270 2
78 1
5 1
492 1
279 4
172 5
131 2
713 5
371 6
446 1
690 3
235 2
597 1
610 4
252 5
780 2
470 3
238 2
693 5
778 2
342 2
164 2
123 2
234 4
199 1
497 3
83 3
111 1
583 3
236 2
364 4
589 5
488 3
369 5
619 2
395 4
47 1
732 2
299 1
193 3
528 2
621 1
530 1
388 3
284 3
647 2
577 3
682 2
70 1
13 3
195 2
298 5
400 5
504 3
386 1
255 3
591 2
468 2
502 2
630 3
632 1
645 6
594 3
659 5
24 1
218 2
678 3
701 2
35 2
327 2
362 2
389 2
368 4
43 1
655 1
485 2
582 3
763 1
587 1
567 2
248 1
511 2
137 1
694 2
796 4
727 2
204 1
422 1
774 2
203 1
506 2
61 3
196 1
571 3
68 3
681 1
406 1
347 2
649 3
331 1
792 2
640 1
378 1
558 2
158 3
121 7
420 1
303 3
117 1
390 2
442 3
322 3
733 3
459 2
751 4
452 2
482 2
136 1
27 2
614 2
779 2
793 2
405 1
498 2
397 3
461 5
313 2
651 2
216 1
676 1
144 1
650 2
559 4
228 1
641 1
552 2
672 1
253 1
496 1
66 1
219 1
756 1
194 2
687 3
683 1
717 2
202 1
788 2
753 2
525 1
755 2
521 3
754 1
534 3
20 3
258 2
695 2
60 2
318 1
189 2
25 3
161 1
604 2
526 1
744 2
39 2
542 1
385 3
734 1
280 3
334 1
263 2
758 2
702 1
414 1
638 2
155 1
595 3
122 5
167 1
340 3
423 2
277 2
250 1
343 2
206 3
37 3
636 1
662 5
227 1
84 1
781 1
412 1
353 1
761 1
560 2
51 3
269 2
63 1
341 1
380 1
190 2
769 2
408 3
465 1
58 3
153 2
448 1
477 1
93 3
73 2
480 1
617 1
775 1
138 1
570 1
132 1
783 2
501 2
476 1
259 3
748 1
186 1
157 2
535 2
145 1
766 1
478 1
671 1
143 1
105 1
661 1
746 1
724 1
449 1
785 1
267 2
427 1
198 1
282 3
516 1
510 2
67 1
217 1
151 1
741 1
124 1
505 3
437 1
320 1
309 1
540 1
513 1
481 1
214 1
404 1
player: 11 Competitive
260 1
673 3
202 4
717 7
718 3
794 3
98 5
251 4
254 6
662 1
623 5
743 3
538 3
302 4
326 2
503 4
420 1
185 5
430 5
699 1
11 2
306 1
648 5
336 4
557 3
118 3
758 5
375 2
575 2
638 5
52 2
191 3
292 2
464 3
560 2
290 2
645 1
767 5
252 2
766 3
520 1
454 5
776 2
651 6
204 1
19 2
634 2
54 2
36 4
122 2
55 2
210 4
161 6
134 3
751 4
227 4
626 3
654 4
195 3
329 3
294 4
726 3
550 2
249 4
206 3
665 4
695 2
452 3
88 4
414 3
488 5
303 4
652 2
446 3
610 2
408 4
288 1
529 3
87 4
406 1
508 2
201 2
28 5
510 2
714 4
320 4
338 5
744 5
245 2
497 2
405 3
403 4
363 2
257 4
480 3
123 3
762 2
359 2
184 2
522 1
342 2
333 3
276 4
756 1
45 2
716 4
135 2
29 4
398 2
299 2
745 2
525 5
34 4
312 1
443 2
629 4
199 7
457 4
732 1
512 4
674 2
47 3
255 3
530 2
331 3
374 4
25 3
562 2
163 6
621 3
683 1
253 2
269 4
81 6
705 2
120 1
710 1
228 6
722 1
628 3
485 5
402 5
429 5
763 2
131 2
38 5
612 2
657 7
230 5
272 3
37 3
419 4
145 2
731 4
677 2
720 2
653 4
240 4
138 2
641 2
273 5
197 3
619 3
516 3
327 5
613 2
567 5
772 1
221 3
286 5
388 6
439 1
533 3
61 2
348 3
111 4
313 3
670 4
232 4
93 3
380 1
91 3
27 2
668 4
76 2
153 3
107 4
418 4
268 4
727 1
277 1
615 4
58 1
715 5
723 3
51 4
117 2
99 1
482 3
596 2
637 5
74 2
426 6
278 1
704 5
711 5
358 5
697 3
186 4
709 1
298 4
189 2
63 4
749 3
352 2
344 3
393 1
170 5
675 4
67 5
572 3
305 3
591 5
551 3
769 4
263 2
90 3
471 1
669 5
583 2
33 6
481 3
569 1
427 4
777 2
335 3
571 6
340 4
154 5
79 1
658 4
226 1
620 5
216 3
659 2
174 5
504 2
757 2
783 3
243 5
60 5
579 3
689 4
168 3
241 5
499 5
307 3
605 6
203 2
635 1
400 3
631 4
121 3
172 4
395 2
713 2
354 5
266 4
89 4
148 4
798 3
742 3
345 5
774 4
624 1
755 3
173 3
24 5
556 1
113 3
771 3
447 2
59 3
507 2
686 3
139 4
256 3
325 2
542 3
75 4
347 4
649 3
366 2
319 6
719 6
412 4
44 3
614 2
97 2
496 1
267 4
62 2
450 4
730 2
371 2
218 4
152 4
104 3
765 3
142 1
780 4
169 4
295 5
681 1
119 2
229 2
724 3
448 3
92 3
56 6
521 1
476 3
568 3
396 1
541 4
314 4
491 4
237 3
558 5
519 2
53 1
611 4
582 4
132 4
346 1
13 2
213 6
740 3
566 4
779 2
262 2
574 4
696 2
438 2
712 1
753 1
334 3
130 2
487 1
460 2
622 3
796 3
584 3
609 4
365 4
39 3
701 4
535 3
368 4
21 2
483 3
394 2
404 3
594 4
246 2
646 2
618 2
95 1
633 5
555 1
101 3
8 4
125 1
678 2
792 4
539 2
725 4
42 3
451 3
484 7
785 3
244 2
48 3
748 4
385 3
332 4
474 6
667 1
78 1
339 4
537 4
737 2
721 3
536 1
141 4
196 3
666 3
222 2
593 3
233 4
664 6
167 1
425 2
234 3
545 1
527 3
274 3
679 5
490 3
608 3
523 2
110 3
738 4
502 2
564 4
258 4
94 4
433 4
392 5
225 4
283 1
158 4
31 6
459 3
304 4
554 3
236 4
489 2
570 3
343 3
12 2
437 3
64 1
788 2
179 3
4 3
676 3
616 4
156 3
693 4
279 3
159 1
126 3
739 3
411 4
72 3
318 2
672 2
467 5
127 1
70 3
349 2
604 3
518 2
492 2
690 2
105 4
68 4
311 3
357 1
337 2
598 4
586 2
6 2
220 2
100 2
247 5
193 2
291 2
65 5
597 1
469 2
10 3
182 4
565 2
540 2
643 2
642 2
178 2
517 1
644 4
284 3
30 5
248 1
146 1
632 2
401 6
548 2
190 3
495 1
692 2
198 3
270 2
194 4
84 4
561 2
180 1
399 2
1 2
165 7
364 4
585 4
528 4
410 1
630 2
453 2
18 2
219 2
754 3
546 1
647 5
639 3
759 3
150 6
442 1
328 1
787 1
157 5
789 2
544 3
315 2
317 2
35 4
501 1
465 3
23 2
475 3
661 2
5 2
685 1
784 2
96 1
786 2
577 3
703 2
775 1
455 2
71 3
116 2
188 1
733 2
17 2
432 2
289 2
587 2
746 3
287 3
114 2
137 4
316 5
162 2
115 3
592 4
261 3
360 3
26 5
282 1
773 1
124 1
444 3
391 1
308 3
16 5
297 1
462 1
66 2
187 2
663 2
215 2
160 1
390 3
73 2
82 1
32 1
149 1
192 2
436 2
136 2
543 2
479 2
498 2
80 2
140 2
43 2
293 4
552 1
694 3
301 2
736 4
708 1
177 1
688 4
40 3
372 3
2 2
341 2
370 1
761 2
20 3
200 1
636 3
223 3
175 2
217 1
422 2
470 1
791 2
524 4
588 1
350 3
208 3
778 1
49 5
729 2
698 2
259 3
417 3
324 4
793 4
102 1
22 2
133 1
321 2
559 2
108 2
532 1
369 3
687 1
707 1
531 2
797 1
493 1
309 1
353 3
741 2
768 1
602 4
440 2
589 2
109 4
752 2
183 3
445 1
627 1
513 3
625 3
576 3
224 2
235 1
500 1
415 2
300 2
747 1
265 1
15 2
275 1
389 2
356 1
684 1
143 6
617 2
435 2
515 2
382 1
505 3
231 1
578 3
103 2
3 1
242 1
477 2
581 2
166 1
409 5
526 2
590 1
207 2
702 2
456 1
171 2
386 2
250 2
147 1
212 1
9 1
7 1
691 2
421 3
494 2
441 3
416 1
164 2
700 1
373 1
214 2
781 1
413 1
509 1
85 2
606 1
603 2
155 1
367 1
734 1
129 1
706 1
547 1
655 2
181 1
680 1
106 1
549 1
14 1
599 1
486 1
463 1
640 1
514 1
424 1
600 1
238 1
506 3
682 1
239 1
580 1
205 1
478 1
323 1
264 1
728 1
573 1
601 1
431 1
211 1
735 1
player: 10 Competitive
766 2
600 2
84 8
481 6
91 3
685 2
534 2
246 5
94 6
60 3
722 3
80 2
488 5
491 3
771 3
601 4
363 3
756 3
408 3
39 2
182 2
544 2
580 2
393 4
755 8
342 4
332 3
26 3
418 4
711 2
377 5
487 3
586 2
427 1
673 7
543 4
127 5
575 5
266 3
591 2
784 8
432 3
676 2
758 4
508 4
725 5
187 2
704 1
1 2
506 2
38 3
483 3
310 1
608 3
612 2
333 4
307 1
201 3
413 2
477 2
618 3
686 2
349 4
698 4
538 2
202 2
4 5
240 4
633 3
524 7
454 5
163 2
651 2
370 2
530 2
258 3
760 6
108 3
627 7
639 2
211 3
125 3
344 3
699 1
302 4
172 1
311 3
532 2
554 6
55 2
431 3
114 2
190 2
588 2
170 3
415 1
283 1
236 6
654 3
531 4
100 7
507 5
8 2
152 5
614 4
374 4
254 6
322 4
88 3
233 6
181 3
650 3
585 4
355 4
365 4
569 3
798 5
593 1
615 4
605 5
81 2
113 2
731 2
169 1
451 5
616 3
287 3
159 1
315 4
339 5
659 4
62 7
360 3
706 3
126 4
471 4
317 3
407 3
205 4
282 2
23 1
194 3
646 3
157 2
115 5
394 2
548 4
450 3
496 4
436 2
399 4
142 1
570 4
572 6
183 3
765 7
36 6
19 4
330 4
499 3
671 6
773 6
229 5
696 3
237 1
675 1
110 4
216 3
503 3
602 5
590 6
653 1
397 3
93 2
694 1
338 2
697 2
662 4
24 3
563 5
549 2
701 3
429 3
545 2
472 4
37 3
264 3
498 4
556 4
770 3
107 2
387 4
712 4
146 4
298 3
555 3
734 3
589 4
622 4
51 3
49 1
520 2
329 2
749 2
452 5
10 3
250 4
458 3
231 1
261 3
118 2
692 1
186 3
469 2
744 1
470 1
716 4
253 2
318 2
741 5
401 3
21 3
497 2
592 4
117 1
294 4
708 2
321 4
270 4
267 2
430 4
566 7
648 3
493 1
509 6
30 3
551 4
288 5
34 4
447 2
629 3
455 5
403 2
70 3
375 5
717 4
473 5
396 3
729 8
390 3
372 2
160 4
147 3
313 3
312 6
316 2
161 3
45 3
703 3
737 4
384 4
83 2
260 6
48 2
303 5
124 4
226 4
668 4
611 5
304 3
619 3
102 5
145 6
89 5
468 2
7 3
280 3
74 3
144 4
540 4
553 1
565 4
255 5
466 7
637 4
263 4
490 4
95 1
594 2
191 5
369 3
419 7
368 3
759 3
557 2
27 3
598 2
63 4
271 4
314 4
667 5
378 4
308 3
247 4
306 5
679 5
348 3
510 4
707 1
65 3
564 2
335 3
180 3
52 3
730 3
57 3
513 1
54 1
299 2
137 4
400 1
184 4
465 2
512 5
495 1
561 1
559 4
28 2
628 4
353 2
109 4
533 4
695 3
772 1
41 4
713 3
371 1
607 3
456 4
337 2
275 2
300 4
781 5
587 3
358 1
442 2
480 3
133 2
219 3
709 2
599 1
376 3
67 4
66 1
69 2
410 2
550 4
727 3
53 1
167 2
645 2
434 3
460 2
674 2
582 4
719 2
517 4
794 4
792 3
90 1
515 2
203 3
179 3
347 2
75 4
395 2
238 2
391 3
210 4
5 1
289 2
340 2
609 2
568 3
388 1
297 3
359 4
129 1
178 3
778 3
621 3
279 2
529 3
132 3
584 2
523 3
724 3
738 3
449 1
336 2
224 2
212 3
139 4
213 1
153 2
86 2
85 1
663 4
156 4
383 2
535 2
381 5
12 2
2 3
18 1
31 5
680 3
99 3
188 3
189 5
547 2
638 2
68 4
138 3
479 1
13 3
155 2
198 3
364 3
29 3
414 3
779 1
22 4
577 2
235 2
462 3
528 2
79 2
269 2
97 4
123 1
661 1
664 2
92 4
444 1
417 6
82 2
467 4
782 1
743 3
386 1
42 2
791 5
525 1
222 4
230 3
35 4
352 3
168 3
50 4
745 3
656 3
228 2
440 1
196 4
681 2
747 2
596 2
323 4
475 2
558 4
785 5
291 4
412 4
735 1
574 3
567 4
453 2
392 3
640 3
795 2
105 1
502 1
687 5
218 2
521 2
424 5
527 3
684 1
767 6
768 2
501 2
327 2
357 1
389 5
733 6
96 4
783 2
373 6
77 2
166 5
165 4
320 1
284 1
624 3
71 4
46 5
199 3
149 3
367 3
295 2
426 1
739 1
647 3
206 4
101 2
581 2
672 2
750 4
140 3
476 1
257 2
128 3
6 1
43 3
341 3
285 3
492 3
718 2
385 2
459 3
259 2
111 2
576 2
655 2
780 2
98 2
751 1
17 2
33 2
537 2
215 1
642 3
571 3
103 1
433 2
484 2
3 2
141 2
486 2
136 2
746 2
379 2
209 2
595 6
273 2
11 6
425 1
445 3
301 1
398 3
277 1
626 3
326 4
777 1
463 2
9 3
516 2
252 3
606 1
644 2
256 2
683 3
14 2
234 1
150 2
482 1
361 2
652 1
799 5
214 2
761 1
635 1
248 4
175 3
736 3
474 2
274 2
223 2
435 2
539 2
443 2
309 1
134 2
59 1
688 1
754 1
120 2
630 2
578 1
204 3
296 1
700 1
420 3
682 3
441 1
505 1
292 1
334 3
44 1
786 2
438 1
446 7
742 2
764 1
15 1
437 2
522 2
485 1
106 1
177 3
715 3
658 3
641 1
623 2
324 4
148 2
40 2
319 2
518 1
690 2
174 1
788 2
197 1
78 4
720 4
631 2
428 3
20 2
331 1
265 1
478 4
207 3
620 2
573 1
448 1
135 2
689 1
748 4
195 2
130 4
356 2
603 2
121 1
290 1
789 1
245 1
670 3
61 1
489 2
239 1
691 2
632 1
617 1
241 1
112 1
171 1
732 1
678 2
131 2
504 1
243 2
665 2
402 2
526 1
382 1
185 1
249 1
752 1
232 1
343 1
519 1
666 1
705 1
350 1
714 2
542 1
649 1
693 1
242 1
728 2
636 1
702 2
366 1
721 2
220 2
272 1
56 1
47 1
726 1
775 1
613 1
305 2
560 3
536 3
546 1
541 1
217 1
119 2
176 2
769 2
723 3
244 1
787 1
411 1
464 1
405 2
634 1
793 1
500 1
552 1
116 1
421 1
346 1
76 1
514 1
158 1
player: 14 Competitive
417 2
518 3
255 1
314 4
657 3
339 4
572 4
508 3
378 3
133 7
592 3
53 4
510 4
183 5
595 5
778 3
582 3
639 2
471 3
456 6
154 8
772 5
614 3
168 4
382 3
125 6
644 3
322 3
764 5
120 3
305 4
464 2
388 4
37 1
274 2
295 8
753 4
130 2
560 2
403 2
424 6
17 3
789 2
696 1
475 5
113 4
661 3
51 7
734 1
627 3
275 1
257 5
25 2
445 4
116 3
776 3
273 3
67 3
150 4
108 4
455 3
630 4
194 4
676 2
191 2
629 1
124 1
221 3
444 3
528 3
32 2
733 5
669 3
268 6
285 3
4 6
494 1
543 8
369 4
381 5
737 2
140 1
544 6
590 6
524 6
223 1
269 3
213 5
782 6
446 3
786 4
91 4
282 3
286 1
531 4
548 4
574 1
540 3
291 3
103 3
594 4
619 3
571 5
63 2
701 3
110 2
349 4
672 4
785 2
399 7
688 3
638 4
65 1
589 4
177 2
44 4
94 5
732 3
698 4
578 6
283 2
674 3
703 5
372 4
384 5
203 4
75 3
287 2
107 2
612 4
587 3
722 4
746 6
324 5
626 2
238 4
266 3
526 2
328 4
561 5
158 2
542 3
616 4
193 1
761 3
762 3
190 3
331 7
516 3
718 3
634 3
618 4
216 4
736 5
212 7
395 4
172 2
35 2
479 2
359 2
343 1
346 4
537 6
660 5
263 4
61 4
206 2
418 3
319 2
306 5
767 5
551 5
702 3
311 5
49 6
129 2
178 2
723 2
122 2
353 4
152 3
111 5
751 4
88 3
232 4
138 2
565 7
50 3
196 2
351 3
323 7
187 5
189 5
18 3
347 3
633 4
536 2
271 3
507 4
301 3
64 3
700 3
105 3
256 6
420 2
667 1
374 4
151 2
8 3
289 3
95 4
171 1
219 5
678 1
208 4
438 5
276 1
169 4
517 5
33 3
656 4
749 3
112 3
342 3
243 1
70 4
344 2
292 2
457 5
188 3
27 2
754 1
573 1
293 5
538 3
428 3
440 4
202 4
730 2
31 3
300 3
358 2
98 2
664 3
56 3
371 4
409 3
532 4
642 3
89 1
713 1
363 1
649 4
675 4
577 2
15 3
472 4
511 3
502 1
535 1
277 3
463 2
325 6
691 2
136 2
635 5
201 2
486 3
13 5
790 5
795 5
668 4
127 3
410 2
547 5
97 2
281 2
670 4
650 3
623 1
714 3
357 3
654 4
497 4
620 2
496 4
739 2
729 2
724 3
48 2
448 5
601 1
68 6
142 5
147 2
6 2
345 3
224 7
312 3
591 2
692 5
218 6
766 1
666 4
23 2
294 3
500 6
229 2
541 5
397 2
134 1
513 2
55 4
550 3
251 2
449 2
1 2
230 4
534 2
708 4
297 1
597 4
58 3
447 4
247 3
262 2
296 1
585 2
474 3
529 2
602 5
781 2
174 1
367 4
290 2
459 3
337 2
2 2
341 2
118 5
593 3
143 1
777 4
693 2
470 4
425 5
681 2
386 2
317 5
607 4
246 3
248 2
145 2
586 2
36 1
93 3
716 2
755 1
392 2
792 3
752 3
82 1
186 3
394 2
211 3
42 2
545 1
280 2
466 1
506 5
662 1
652 6
106 6
770 4
379 3
413 4
182 2
779 4
694 3
643 4
559 5
387 3
389 4
210 2
683 4
711 3
60 1
579 4
553 2
533 2
391 3
794 2
316 1
439 4
522 1
270 3
648 2
46 4
677 3
135 2
757 3
791 2
340 6
636 3
259 2
198 2
128 1
429 1
368 6
775 3
430 4
563 1
515 3
603 4
197 4
141 1
200 3
356 3
99 4
250 1
164 4
304 2
480 3
495 2
303 3
132 2
57 2
215 3
9 1
165 4
797 3
580 5
352 2
706 2
476 3
415 1
385 1
74 1
637 4
686 2
373 2
596 2
220 1
525 5
214 1
170 3
185 2
315 7
719 1
687 2
59 2
505 2
717 3
334 3
284 2
408 1
673 1
555 1
47 2
458 3
406 5
326 1
609 1
768 2
383 6
393 2
222 4
715 2
606 4
709 2
180 1
604 4
173 2
109 1
195 1
566 2
491 1
487 2
278 2
743 2
514 1
78 2
434 2
24 2
575 4
307 1
43 1
421 3
52 1
233 2
396 3
90 1
153 3
38 3
774 2
599 4
318 1
167 3
451 2
330 2
465 2
690 1
489 4
139 1
509 1
588 2
76 1
769 3
163 2
570 2
731 3
554 1
86 2
763 2
375 1
12 2
117 1
469 2
175 3
756 2
320 1
742 2
699 1
265 2
30 1
411 1
481 2
655 2
137 3
798 4
272 5
377 2
705 1
530 2
433 2
241 3
205 2
313 1
460 1
231 4
370 2
115 2
615 3
651 1
157 4
519 3
441 3
728 4
390 4
462 2
199 2
398 2
96 1
485 1
11 2
610 1
492 4
741 3
26 3
467 2
765 1
583 3
155 3
336 3
631 1
621 2
490 4
404 1
423 4
254 5
34 1
477 2
584 2
689 3
400 4
784 2
436 2
549 3
10 5
309 1
80 2
161 3
704 1
401 1
333 1
493 1
360 3
207 5
192 3
605 1
598 2
758 4
799 1
77 3
181 3
647 2
793 3
348 2
332 2
279 2
102 4
361 3
87 1
355 3
126 3
245 2
288 1
748 3
242 2
204 4
622 3
28 2
679 2
783 1
114 2
520 3
744 1
83 1
450 2
366 1
727 1
249 1
671 1
608 5
119 2
498 1
308 2
236 2
546 3
760 2
501 3
503 3
576 3
299 1
720 2
738 1
364 3
663 1
473 1
735 1
478 3
562 2
707 2
488 1
796 2
431 2
641 3
780 2
302 3
725 2
321 1
69 3
376 3
380 1
454 1
159 1
617 2
419 3
624 1
160 4
244 1
72 1
22 2
21 2
640 3
499 1
162 1
20 2
148 1
310 1
92 2
568 1
740 1
240 3
521 1
632 1
625 2
29 1
556 3
710 2
237 2
146 3
443 2
407 1
252 1
726 1
184 1
264 1
100 2
225 1
422 2
645 1
712 1
176 1
235 2
697 3
659 1
354 2
787 2
41 1
156 1
745 1
123 2
166 2
628 1
71 1
7 1
523 1
3 2
39 3
73 1
144 1
600 1
653 2
658 2
468 1
62 2
149 2
131 1
239 1
329 1
412 1
101 1
338 1
747 1
19 1
85 1
646 1
567 1
45 1
365 1
362 2
209 1
327 1
227 1
680 1
217 1
player: 15 Competitive
341 1
189 3
716 6
442 5
254 6
268 5
106 4
176 5
302 4
684 3
199 3
777 5
514 6
509 3
4 4
677 4
85 5
578 2
694 6
667 4
669 4
290 2
599 3
775 5
203 5
78 2
588 3
18 5
663 4
544 4
769 5
348 2
530 2
532 5
351 4
37 7
648 4
689 5
292 4
526 3
237 4
485 6
542 2
127 2
315 4
9 2
411 2
50 3
148 5
407 4
72 5
32 3
165 4
34 2
274 2
27 7
146 3
369 6
330 5
458 2
183 4
460 4
414 1
503 5
516 2
406 4
349 3
569 4
252 4
763 2
557 3
269 3
437 3
656 4
797 5
790 3
366 5
167 4
119 6
756 5
680 4
20 5
53 4
771 5
238 2
474 6
375 4
258 2
672 5
609 1
328 2
368 3
613 1
246 3
520 3
690 3
617 2
494 3
425 3
305 3
191 1
231 2
104 2
347 3
432 2
120 4
501 3
510 3
25 4
304 3
428 4
685 2
383 1
587 2
333 8
109 4
164 1
197 6
390 4
781 4
524 3
742 4
137 5
786 3
261 1
488 3
634 3
704 5
525 5
277 2
745 6
74 6
591 6
415 6
210 4
783 3
649 3
502 3
610 2
782 4
671 3
434 4
582 4
626 3
792 6
736 2
605 4
249 4
253 3
201 4
317 1
567 3
100 2
772 3
241 5
627 2
95 2
594 8
336 3
779 2
229 3
160 3
637 3
186 4
404 3
732 6
356 7
251 6
158 4
16 6
195 4
90 6
31 6
358 2
194 4
583 4
612 2
23 4
255 2
628 2
84 2
303 3
706 7
691 4
267 4
353 2
705 2
376 6
717 2
389 3
482 6
297 2
585 2
645 3
477 3
140 1
468 5
774 2
256 2
744 3
354 1
181 1
80 1
675 3
139 1
364 4
711 2
622 2
10 3
17 1
674 2
170 5
616 2
573 3
722 2
7 1
56 3
89 2
765 1
107 5
293 1
440 2
463 3
787 6
470 2
153 2
198 1
300 4
436 6
12 1
359 5
245 2
633 5
296 3
615 5
99 3
459 2
86 5
38 2
150 3
698 4
273 3
367 2
48 6
796 2
589 2
683 6
163 3
408 3
723 2
696 2
387 4
299 4
388 6
513 6
401 3
625 3
322 3
551 3
511 3
200 1
490 3
214 3
161 7
373 4
549 3
611 3
466 2
279 2
169 1
435 2
493 2
329 3
747 2
403 3
202 3
798 5
601 2
652 2
326 6
641 2
36 3
343 4
751 5
226 2
233 1
788 2
334 3
350 3
658 2
42 3
754 2
498 5
536 3
340 4
288 4
572 4
63 3
636 1
420 1
101 3
234 3
670 2
121 5
515 3
433 3
221 2
517 2
19 3
512 1
370 3
426 2
767 4
417 1
98 2
260 3
543 3
118 4
534 4
295 2
734 1
448 3
69 2
5 1
157 2
355 3
103 2
568 3
262 4
464 6
559 4
743 1
361 2
558 3
402 5
635 3
172 1
586 2
410 3
453 5
423 2
216 7
760 2
539 2
506 3
577 5
480 5
307 6
678 3
681 2
673 3
653 4
757 3
243 2
71 2
332 1
185 1
443 3
337 3
143 5
592 3
110 7
15 1
77 1
727 4
298 5
168 6
561 2
6 4
175 2
457 3
22 3
177 2
574 2
454 4
741 8
325 2
204 1
579 3
11 2
719 1
682 3
715 2
248 2
320 1
738 2
661 2
352 6
560 2
733 1
230 4
385 2
28 3
65 4
115 3
263 2
174 3
724 1
713 4
422 3
519 2
699 2
386 5
281 3
208 1
780 2
712 2
718 4
500 5
570 2
666 2
552 2
142 4
217 1
117 2
365 2
371 3
111 1
399 7
504 6
538 2
471 2
264 4
113 2
94 5
266 1
136 2
45 2
324 1
310 3
507 2
522 3
657 1
278 3
687 2
535 2
70 3
196 2
235 4
737 3
447 5
57 3
51 2
631 3
438 3
8 2
122 2
799 2
242 3
29 2
619 4
584 1
116 1
795 3
676 1
416 3
96 2
793 5
555 3
271 2
604 3
154 2
486 2
338 2
39 1
91 1
24 4
126 3
67 2
335 4
487 2
571 3
768 1
714 3
62 1
603 1
521 3
239 3
668 5
33 4
708 2
83 2
227 4
748 3
131 2
180 2
598 2
26 3
275 2
620 2
497 2
499 4
784 6
731 1
398 1
483 2
380 3
764 2
236 3
363 2
41 2
13 3
179 1
566 1
654 1
766 1
312 4
541 3
550 2
735 2
184 2
171 2
472 2
776 3
446 1
291 1
529 2
630 5
287 3
306 3
240 2
149 2
46 3
562 1
791 1
548 2
40 2
595 2
134 5
192 3
108 3
465 2
659 1
319 1
456 1
182 3
247 3
491 2
496 1
372 1
64 3
606 3
327 2
223 2
60 2
547 2
421 3
759 2
794 2
728 1
452 1
618 4
533 2
608 2
692 1
492 2
87 2
449 3
141 3
597 1
629 1
729 4
318 4
188 2
345 2
283 1
232 1
590 2
614 2
211 3
286 3
740 2
505 2
479 2
709 1
461 2
259 2
753 3
151 1
703 2
621 5
445 2
556 1
346 1
778 2
397 3
47 3
665 2
76 2
518 1
308 1
650 2
553 2
323 2
321 2
43 2
75 1
575 2
580 2
554 1
624 3
721 1
44 1
73 4
294 2
384 2
643 1
429 3
147 2
152 2
59 3
441 4
413 2
785 4
145 3
190 1
68 1
21 1
593 2
770 2
282 2
82 2
55 1
600 2
623 1
528 2
726 3
725 1
409 1
272 2
424 4
218 1
220 2
679 4
138 3
394 4
393 1
316 1
632 2
758 2
311 4
357 2
581 3
789 1
257 2
427 3
284 1
508 3
379 2
662 1
419 2
378 1
125 3
225 1
105 1
215 3
313 1
476 1
123 2
360 1
309 1
697 1
762 1
467 1
207 1
58 1
132 3
2 1
224 2
129 1
489 3
475 1
773 1
444 1
61 2
228 2
565 4
481 1
707 1
250 3
213 1
276 1
730 2
178 2
209 2
412 1
66 1
450 2
244 2
381 1
545 1
563 1
546 2
135 1
739 1
405 3
362 1
173 1
761 2
270 1
49 1
607 1
391 1
212 1
651 1
156 1
702 2
752 2
638 1
462 1
289 2
187 1
664 1
30 1
301 1
396 1
469 1
339 1
102 1
602 1
484 1
655 1
523 1
473 1
79 2
660 1
133 1
701 1
162 1
382 1
144 1
495 1
695 1
player: 7 Altruist
371 3
535 3
404 1
540 5
321 5
231 2
545 3
683 4
242 2
281 3
566 2
53 3
140 7
418 2
672 3
655 3
252 4
15 3
424 3
42 3
212 8
245 1
761 3
499 4
88 4
584 5
324 5
35 4
96 4
143 6
302 4
506 4
271 5
640 3
126 5
336 7
69 3
472 5
79 1
198 2
164 3
396 2
157 4
361 2
595 3
767 2
380 3
105 7
429 3
516 2
103 1
363 2
327 4
539 2
738 1
141 5
112 2
250 4
365 3
133 5
372 3
121 4
335 1
305 2
194 5
375 4
643 2
4 3
306 3
199 3
279 5
275 4
360 1
474 3
710 6
582 3
115 4
577 4
185 3
780 4
293 4
790 1
732 4
187 5
354 1
325 2
312 2
210 3
284 4
246 4
20 3
779 5
757 3
742 1
777 2
781 6
601 2
571 2
48 3
442 5
521 2
319 4
498 2
475 2
701 4
789 4
366 4
49 4
580 3
18 2
469 7
154 3
227 4
547 3
289 4
264 3
263 5
587 2
786 4
268 4
107 5
358 5
477 6
116 1
51 4
374 1
89 2
78 5
230 3
662 2
507 4
7 5
99 6
451 2
189 5
510 3
132 2
54 7
559 2
155 4
759 2
400 3
235 2
443 2
688 4
277 6
175 2
719 2
730 2
39 2
222 5
434 3
297 4
369 4
487 6
381 2
30 7
458 2
747 1
334 2
783 2
340 4
62 4
344 6
794 7
299 6
270 2
480 3
486 2
769 2
629 2
428 11
142 2
377 4
111 2
339 7
84 2
267 3
591 2
253 4
332 3
348 2
519 4
328 5
729 2
124 7
620 3
313 2
736 2
488 2
717 4
182 6
509 4
755 1
350 1
456 3
25 4
446 4
66 4
689 3
787 1
670 2
200 5
236 3
483 3
31 3
286 4
100 5
529 1
748 1
455 7
238 3
261 3
654 3
756 3
565 3
249 4
402 2
589 3
638 5
610 3
630 5
254 2
91 3
489 2
201 2
22 3
355 5
669 2
466 3
288 4
303 4
82 3
248 5
393 5
167 5
788 4
782 3
165 2
468 3
251 7
347 2
697 6
685 3
517 5
409 6
202 3
367 5
453 1
161 5
60 1
645 3
758 3
131 2
515 3
796 3
561 3
436 2
29 5
170 3
256 3
58 1
673 1
569 2
208 3
274 3
481 2
14 3
12 2
318 3
234 3
744 1
798 4
308 3
315 4
551 1
192 4
87 4
450 4
435 3
211 3
605 2
110 2
704 6
362 2
56 2
180 2
387 4
177 4
193 3
272 4
460 2
449 1
614 2
484 4
631 4
232 5
153 2
676 2
422 5
776 2
721 2
3 3
152 5
471 2
342 6
171 5
296 4
413 4
243 4
523 1
166 2
77 4
555 4
2 4
454 2
403 4
173 4
41 3
663 2
528 5
430 4
265 5
139 2
635 2
172 3
309 1
445 2
125 5
209 4
437 3
330 3
599 2
496 5
118 7
636 2
80 3
398 3
439 2
693 3
514 2
752 3
184 3
102 4
739 2
282 3
760 2
544 1
44 2
191 3
607 3
304 2
421 2
190 2
416 4
433 5
751 2
395 7
562 2
692 2
478 1
376 2
280 5
617 4
197 1
205 5
720 1
534 1
518 3
622 2
594 4
531 3
278 4
593 2
255 4
257 7
557 1
538 2
204 4
322 5
137 2
292 5
237 4
550 3
652 2
57 4
625 2
217 4
55 3
81 2
723 1
129 3
92 3
368 2
785 7
168 4
678 3
473 4
597 1
52 1
86 3
604 2
181 2
27 4
575 3
702 4
93 3
444 2
633 1
149 2
583 1
482 2
533 1
46 3
379 5
163 4
431 1
399 2
388 3
215 2
98 3
311 1
649 3
21 4
224 4
698 2
117 2
665 2
196 3
505 3
94 1
686 2
9 2
778 3
6 5
616 1
656 3
623 1
259 1
495 2
733 3
136 1
178 3
576 1
247 2
383 3
76 1
239 2
405 3
229 3
513 2
408 4
626 1
23 4
144 4
632 3
695 4
526 3
668 2
609 3
5 3
214 3
677 2
427 2
512 4
728 1
213 3
647 2
95 2
414 1
646 3
346 4
661 1
457 1
273 4
34 1
440 3
578 2
637 3
221 2
503 2
417 5
228 2
63 4
581 1
356 2
206 5
554 2
225 5
687 4
156 1
130 2
560 1
532 1
556 2
612 3
160 4
727 1
341 2
183 3
218 6
527 2
438 2
357 2
525 2
542 1
766 3
310 2
716 1
500 1
276 3
320 5
420 4
681 3
147 2
326 3
241 3
425 1
188 3
329 2
17 5
650 2
707 1
771 1
423 2
461 2
134 3
216 3
543 3
266 1
432 4
579 1
323 2
71 5
338 3
407 3
128 1
345 2
314 3
352 3
667 1
207 3
754 3
598 2
226 2
219 3
706 1
36 2
774 1
386 2
501 3
74 2
97 1
158 2
337 3
333 4
467 5
691 2
658 1
463 3
465 2
726 1
603 3
150 2
585 2
448 1
186 3
390 1
765 1
269 1
494 1
113 4
61 1
138 2
588 1
33 2
351 4
72 1
123 2
85 4
784 1
385 4
67 2
90 3
135 2
410 3
411 2
244 1
146 2
684 3
694 1
541 2
419 2
459 3
708 1
651 3
553 2
179 1
195 3
552 4
775 1
220 5
745 2
68 1
47 2
520 3
749 1
574 1
536 3
13 1
373 3
169 2
773 3
145 5
203 2
660 2
384 1
735 1
664 1
462 2
696 2
174 5
699 2
50 1
162 1
619 3
600 4
792 2
301 1
793 1
659 1
743 1
763 1
628 1
331 3
700 2
159 2
618 1
703 1
45 2
546 2
122 1
764 2
504 2
537 1
641 1
548 1
70 3
240 3
260 1
262 1
570 2
59 3
762 1
714 1
298 2
104 3
392 2
151 2
40 1
639 2
680 1
558 2
722 2
353 2
370 1
470 1
349 1
16 1
291 2
294 5
657 1
119 1
768 1
316 1
283 1
524 1
28 1
648 1
705 2
795 1
549 1
586 1
627 2
285 2
83 1
511 2
32 2
713 1
364 1
37 1
258 1
8 1
317 1
19 2
426 2
233 1
770 1
307 2
522 1
401 1
737 1
485 2
38 1
564 1
412 1
674 1
389 1
741 2
101 1
497 1
724 1
343 1
300 3
718 1
441 1
394 1
621 1
772 1
223 1
725 1
148 1
415 2
711 1
490 1
24 1
1 1
120 1
679 1
530 1
rank player: 4 Altruist
15 110
5 116
10 127
6 120
8 115
16 109
11 123
17 103
9 112
13 106
3 125
12 101
14 91
18 95
4 106
2 112
1 114
7 115
rank player: 16 Competitive
2 114
14 123
12 112
16 109
3 99
9 97
10 103
5 103
6 107
8 110
17 128
11 109
15 126
13 128
4 97
1 118
7 101
18 116
rank player: 2 Altruist
16 105
8 117
14 107
2 120
1 114
15 111
18 102
11 116
12 98
4 126
10 119
9 108
13 99
5 112
6 109
7 115
3 111
17 111
rank player: 8 Altruist
11 113
13 94
3 107
10 108
9 114
4 108
8 129
6 149
12 96
16 101
17 101
5 127
1 100
2 113
7 117
15 93
18 139
14 91
rank player: 0 Altruist
14 89
3 108
15 93
8 104
12 103
5 142
18 100
16 104
10 129
6 127
7 119
1 127
9 128
4 116
17 108
2 114
13 88
11 101
rank player: 9 Competitive
12 142
18 123
13 132
11 106
14 121
1 118
17 122
6 119
5 94
16 103
4 102
8 79
10 107
9 95
15 122
2 112
7 80
3 123
rank player: 17 Competitive
13 130
6 103
9 104
10 102
11 111
8 114
14 123
4 114
1 120
16 125
18 126
15 122
17 134
2 108
7 89
3 100
5 76
12 99
rank player: 6 Altruist
4 115
1 118
6 125
17 100
12 103
18 96
7 119
13 100
8 127
15 109
2 122
3 115
16 100
10 103
14 95
9 130
5 101
11 122
rank player: 13 Competitive
9 98
17 115
18 128
5 104
8 94
10 98
14 112
11 110
2 102
15 150
1 115
6 91
16 114
12 112
3 117
4 125
13 112
7 103
rank player: 3 Altruist
1 108
4 138
16 109
18 96
15 81
13 106
3 105
17 103
6 129
14 127
12 120
8 111
2 108
5 112
11 104
7 129
9 113
10 101
rank player: 1 Altruist
3 121
10 116
1 111
6 102
4 125
7 145
14 90
11 113
13 104
8 118
9 122
18 88
17 95
16 114
12 117
2 106
5 109
15 104
rank player: 5 Altruist
17 107
12 105
7 135
1 110
14 111
2 127
3 122
5 125
9 114
11 112
8 121
18 109
4 109
10 105
13 101
6 89
16 104
15 94
rank player: 12 Competitive
8 117
7 120
11 103
14 122
17 125
9 107
16 129
10 105
15 108
5 90
4 99
13 134
2 105
12 123
6 105
18 95
1 104
3 109
rank player: 11 Competitive
5 112
16 119
4 101
15 119
18 113
3 108
6 98
9 109
7 112
10 116
12 104
8 97
17 122
1 122
13 112
11 92
14 127
2 117
rank player: 10 Competitive
18 128
15 120
2 100
10 116
13 106
5 114
16 116
4 100
9 113
12 114
6 94
17 117
8 110
7 88
14 125
11 120
3 125
1 94
rank player: 14 Competitive
10 108
9 100
5 109
4 99
13 124
7 92
15 119
12 135
14 115
2 103
18 110
16 133
11 134
8 119
17 114
6 98
3 100
1 88
rank player: 15 Competitive
6 93
2 102
17 100
7 111
5 98
3 102
16 119
4 103
18 140
11 102
14 129
15 122
1 110
10 119
13 126
9 120
8 93
12 111
rank player: 7 Altruist
7 110
11 109
8 125
12 105
5 156
14 102
16 87
9 116
1 109
3 103
13 98
18 96
6 142
4 117
10 118
15 97
17 95
2 115
