player: 2 Competitive
458 5
209 1
239 4
630 3
154 4
310 4
193 6
11 5
143 3
352 4
670 4
564 3
228 1
690 4
81 2
87 5
211 3
197 2
99 3
292 2
474 4
255 6
752 4
368 3
641 2
92 2
422 2
729 4
414 3
19 4
519 4
295 4
466 3
266 8
516 1
586 3
703 5
528 1
312 3
441 3
290 2
538 1
37 9
473 2
518 3
525 4
8 4
31 5
63 3
541 5
381 5
145 2
217 2
227 9
532 3
604 3
173 6
478 4
100 2
643 4
34 5
188 3
166 2
792 3
134 5
26 3
9 3
1 5
572 5
274 2
696 4
373 5
664 5
400 4
555 4
755 3
263 4
108 4
417 5
142 4
489 5
632 3
741 1
12 6
434 3
739 2
597 3
58 2
147 5
54 3
203 4
568 2
637 3
79 3
66 6
46 7
341 2
746 3
28 2
112 2
245 3
427 6
180 5
372 4
67 2
533 4
415 6
258 4
7 3
606 3
646 2
467 6
194 3
461 1
287 2
423 2
672 3
798 2
412 1
127 2
705 3
356 3
182 2
342 4
682 2
164 2
666 3
331 4
326 1
665 1
208 5
374 3
719 3
494 5
626 1
580 2
45 2
685 5
695 3
498 1
701 4
778 3
111 6
95 2
222 1
229 2
53 1
339 2
160 6
706 5
425 2
359 1
679 5
174 6
377 6
654 3
574 5
2 3
578 3
360 5
418 1
443 5
744 5
299 3
605 3
656 1
125 1
50 4
527 2
74 6
15 5
189 3
692 2
549 4
507 2
514 2
559 4
669 3
771 4
221 4
349 4
225 5
85 1
14 5
592 2
332 2
94 2
236 4
640 5
721 4
283 6
607 1
126 3
598 6
750 2
575 3
358 2
576 8
301 3
797 4
104 2
237 7
88 2
177 2
71 1
511 2
678 2
40 2
782 3
64 1
429 1
753 4
195 4
376 2
540 5
137 4
298 3
650 4
206 3
758 5
219 4
777 3
115 3
391 2
254 3
408 2
91 2
136 4
625 2
673 4
476 4
727 2
609 6
238 4
300 2
285 2
43 2
780 2
321 3
537 1
486 3
393 4
485 4
357 2
241 3
42 3
83 6
350 1
52 2
243 1
392 3
662 3
363 3
784 2
394 2
114 3
416 2
484 5
671 4
318 5
150 2
192 2
775 2
102 3
621 1
508 1
465 2
380 1
689 4
361 7
183 4
309 3
139 3
22 4
186 4
454 4
452 3
590 3
691 3
303 2
29 5
763 3
32 4
774 3
201 2
366 2
470 2
497 3
686 5
116 6
720 1
733 2
488 3
314 4
5 2
399 2
406 3
230 3
185 2
731 2
33 2
553 3
294 3
623 1
256 3
315 1
324 3
593 6
522 4
396 2
743 8
247 5
261 2
462 3
496 5
535 3
787 5
759 4
570 1
440 1
276 4
65 3
240 1
259 3
124 2
459 1
601 2
694 5
148 3
642 4
25 2
510 4
76 2
529 3
437 3
98 2
268 2
296 2
308 5
587 6
265 2
702 2
110 2
426 2
542 5
638 3
503 6
113 1
122 3
505 3
773 4
231 1
571 2
198 4
218 1
483 3
698 3
337 4
264 2
799 1
602 1
319 3
594 5
526 3
432 3
120 1
536 2
446 4
68 1
704 3
163 3
668 3
73 2
674 3
388 3
403 4
191 6
639 2
633 3
645 1
764 2
280 2
35 3
364 4
202 3
550 3
199 2
449 2
624 2
178 5
700 4
684 2
712 2
269 2
723 3
129 2
252 3
304 2
596 5
224 1
616 3
515 4
156 4
644 2
795 2
317 3
200 1
271 7
375 2
455 1
17 2
708 6
286 1
438 5
663 1
629 4
492 1
747 1
557 2
109 3
457 2
531 2
506 3
96 3
138 5
401 5
248 3
628 1
369 3
482 3
3 4
595 2
783 2
348 2
569 1
190 2
382 4
297 3
370 2
599 3
749 4
128 2
105 3
80 3
648 5
501 4
552 4
677 4
48 1
487 2
162 2
634 4
424 1
464 1
428 3
152 1
509 1
210 1
338 4
603 2
491 4
407 2
456 3
47 2
611 4
141 6
681 3
55 1
554 5
433 1
760 4
232 2
589 2
205 4
146 2
651 1
776 3
431 2
468 1
631 3
794 1
655 2
757 1
725 2
62 2
560 4
56 1
103 2
543 5
187 3
167 3
57 3
371 4
249 1
420 5
216 1
713 4
354 1
378 1
39 3
323 2
278 3
176 1
107 4
558 3
619 2
562 1
737 1
613 4
204 3
614 2
151 1
521 3
336 1
16 1
75 3
635 1
410 4
618 5
697 1
169 2
793 3
477 1
711 4
133 2
60 4
451 3
175 3
233 1
409 1
345 2
89 3
329 5
789 2
768 3
101 1
157 3
475 4
246 1
362 2
530 5
419 3
779 2
272 2
785 3
61 2
610 2
500 4
582 3
340 5
680 2
504 1
421 1
493 4
786 1
275 2
617 2
159 2
267 2
512 1
328 3
714 2
435 1
730 2
347 2
395 6
490 1
460 3
172 4
748 4
311 1
21 1
657 4
495 2
751 3
158 4
70 1
600 4
184 2
117 2
463 2
539 3
579 2
742 1
18 3
51 2
660 3
547 1
622 1
524 1
544 2
534 3
59 2
591 2
728 1
735 3
717 3
546 2
82 3
615 3
277 1
707 2
207 2
242 3
179 1
6 2
745 7
149 3
573 2
355 1
24 3
471 2
379 3
131 3
196 1
566 2
781 1
756 1
567 3
262 1
302 1
453 1
334 1
736 2
257 2
450 3
165 2
343 2
588 3
709 5
480 1
78 2
144 4
320 4
273 2
168 1
790 3
86 1
791 3
386 1
72 2
448 4
563 3
13 1
517 1
402 5
647 1
442 2
235 2
584 3
244 2
289 2
351 2
140 2
20 2
214 1
436 2
499 1
23 2
397 1
710 1
481 2
796 2
447 6
479 2
365 1
383 2
333 1
551 2
612 2
389 2
335 2
250 2
404 1
444 1
762 2
213 2
161 1
545 1
344 1
561 1
325 1
652 1
84 3
170 1
93 1
226 1
405 1
119 1
36 4
313 1
583 2
316 3
636 1
181 1
658 1
130 1
585 1
220 1
367 1
385 1
770 1
281 2
293 1
718 1
430 1
291 1
472 1
661 1
106 3
667 1
754 1
767 3
322 1
155 1
215 1
716 1
132 1
38 1
279 1
284 1
765 1
69 1
251 1
288 1
41 1
788 1
620 1
player: 8 Competitive
539 5
15 4
740 10
746 1
501 2
247 5
465 6
467 1
235 3
249 2
686 3
770 5
392 3
331 5
337 5
117 7
56 1
153 4
716 4
543 4
306 5
748 4
735 1
383 3
45 1
311 4
555 3
441 2
427 4
650 5
721 4
61 9
460 3
137 3
649 4
250 5
795 4
568 4
10 4
570 4
91 3
161 2
491 6
734 5
630 3
511 4
138 2
739 3
550 4
479 5
287 4
436 3
635 3
764 7
725 5
583 2
41 3
515 5
701 4
172 4
295 6
23 3
609 3
59 3
11 4
95 2
37 4
538 4
438 2
46 6
448 7
163 4
181 3
582 4
202 6
560 2
147 4
198 2
74 3
339 3
663 3
629 4
644 3
714 3
55 3
7 2
63 3
694 3
205 4
65 2
561 5
98 4
775 5
49 4
372 2
773 2
642 7
757 4
216 3
545 5
537 4
601 1
493 3
89 2
401 4
428 3
20 4
92 5
140 6
478 3
186 4
260 2
765 6
429 4
767 3
326 3
463 2
319 5
741 2
648 5
368 3
634 4
155 1
655 4
122 5
732 3
711 5
600 2
143 1
292 2
709 2
464 2
398 4
3 4
565 2
761 1
128 3
574 1
422 6
645 4
498 2
370 1
528 3
418 1
14 3
791 6
130 6
281 1
420 4
277 2
107 3
679 4
210 2
119 2
38 7
18 3
665 1
280 1
789 1
397 2
288 2
564 3
706 1
556 6
174 5
146 5
206 3
266 4
749 3
245 1
267 3
93 4
406 5
297 2
457 2
88 4
723 4
330 2
34 5
150 2
488 4
431 2
407 4
506 4
472 4
257 4
430 3
433 2
606 3
251 4
552 2
641 6
469 2
113 4
548 3
215 4
195 2
619 2
192 2
334 5
87 2
134 2
558 4
783 3
183 4
405 4
52 2
357 5
627 3
799 3
675 2
2 4
296 4
620 1
492 4
211 3
542 6
144 4
248 3
187 4
164 4
190 5
131 4
490 2
726 3
505 2
678 5
454 4
304 3
470 5
336 3
350 2
662 3
90 3
604 4
727 1
395 4
744 3
106 4
518 2
369 2
549 3
579 1
524 1
598 2
193 4
48 4
527 2
197 3
243 4
170 4
31 2
798 2
687 2
554 5
610 1
129 2
399 4
103 4
731 2
442 2
572 3
593 2
285 4
13 2
784 2
6 3
158 3
647 5
670 2
374 3
481 3
569 1
219 4
64 1
396 4
563 4
776 3
737 1
301 3
366 4
179 1
29 4
468 2
586 3
443 4
346 3
273 4
581 3
445 2
42 3
188 2
349 1
84 3
105 4
722 6
611 3
19 4
653 4
355 1
233 2
33 2
278 2
475 2
67 5
126 2
307 4
690 2
624 2
482 4
252 4
254 3
290 2
512 3
75 5
769 2
317 2
796 3
400 1
275 4
362 1
338 3
559 4
232 1
708 4
483 1
685 1
344 2
208 1
597 5
289 4
68 3
698 5
474 2
553 2
268 2
434 4
517 3
191 1
614 5
522 4
699 1
753 3
30 3
240 1
487 3
595 2
237 2
323 2
710 3
112 5
279 3
667 2
587 4
221 2
486 2
8 1
133 2
26 6
115 1
393 3
69 3
414 3
363 3
640 2
171 2
375 3
787 7
660 2
520 2
175 2
779 3
535 8
417 3
551 2
261 3
389 3
688 3
423 2
57 1
167 1
589 2
733 3
302 4
380 4
772 5
762 3
508 2
274 5
659 2
507 3
177 5
451 5
728 2
82 2
504 1
575 3
367 3
416 1
111 3
139 1
790 3
379 3
218 1
86 2
588 3
271 3
223 3
176 2
763 1
529 2
760 2
201 2
404 4
786 1
664 1
340 1
62 3
99 2
432 1
752 5
566 1
621 3
602 2
692 5
236 1
315 1
80 2
12 3
419 1
100 4
345 5
489 1
21 3
658 1
562 1
110 2
314 3
231 5
385 2
797 1
70 1
124 5
347 3
592 1
78 1
534 4
652 5
58 4
353 4
324 3
449 3
156 2
696 3
697 1
71 2
40 2
81 2
742 2
715 2
777 1
28 2
521 3
533 2
371 2
328 2
148 1
540 2
503 3
293 1
329 2
256 4
377 1
312 3
382 4
36 4
643 1
72 4
632 4
351 2
450 2
173 1
452 3
83 4
286 1
585 1
373 2
455 1
676 3
495 3
439 3
272 2
719 3
318 2
125 3
259 3
717 2
415 1
108 3
162 5
343 1
615 2
402 3
613 1
514 1
771 2
509 3
182 2
127 3
794 2
672 1
1 3
718 5
684 1
121 1
743 1
480 1
386 4
356 4
596 4
276 2
258 2
707 2
96 1
50 2
391 2
657 3
101 3
756 3
458 2
387 2
531 2
426 4
499 2
408 4
227 2
194 3
145 1
712 2
573 3
584 1
94 2
654 4
628 3
282 2
291 1
348 1
700 4
142 3
305 1
316 5
214 5
435 4
184 1
736 1
782 3
157 1
788 3
185 2
702 5
39 2
204 3
410 2
695 1
526 5
165 2
321 6
421 2
381 3
689 5
135 2
217 1
16 1
253 2
225 1
747 2
104 2
120 2
471 2
322 2
759 2
54 1
682 3
238 2
502 4
546 4
136 1
32 2
199 3
703 3
496 2
536 4
484 4
308 2
424 1
365 2
473 2
674 1
693 2
631 2
354 1
43 2
60 2
359 4
780 2
577 2
477 2
599 2
169 1
234 3
116 2
755 2
638 1
300 3
159 1
530 3
222 2
576 3
352 2
76 2
35 2
591 1
603 4
168 2
616 2
485 2
384 1
203 2
283 3
265 4
327 1
196 4
226 2
325 2
447 2
691 1
118 1
313 2
178 2
516 3
605 2
669 2
437 1
793 3
44 3
547 2
376 1
639 2
224 1
623 3
544 1
440 3
390 2
244 1
617 1
618 2
636 5
578 3
444 1
22 2
102 3
335 5
151 1
608 2
24 2
720 4
626 2
53 1
607 1
388 2
409 5
262 1
571 1
229 4
364 3
79 3
51 2
750 1
411 1
532 2
668 2
160 2
683 2
132 1
681 1
342 2
77 2
745 1
212 1
246 1
778 1
358 2
738 2
378 1
751 1
207 1
459 1
25 1
781 1
333 1
228 3
413 3
476 2
180 1
4 1
758 1
412 1
766 1
209 1
141 1
47 1
612 2
360 2
622 1
651 1
5 1
310 1
580 1
724 1
85 1
213 2
403 1
446 1
677 1
774 2
263 1
332 1
768 1
220 1
294 1
320 1
27 1
523 1
241 1
player: 11 Competitive
283 4
624 5
287 5
315 5
184 3
572 1
494 6
66 5
779 5
336 5
415 1
503 2
473 4
667 4
116 2
686 7
80 4
657 2
157 3
479 2
454 2
661 4
231 4
279 3
447 2
314 6
683 3
299 2
726 2
673 4
235 7
89 4
284 1
79 5
125 3
769 4
541 5
409 4
95 3
370 4
437 3
607 4
264 5
426 8
417 3
420 5
672 4
206 4
76 4
138 2
692 3
436 2
682 2
220 4
170 4
243 2
674 3
521 3
164 2
151 4
684 2
634 2
211 3
489 4
627 1
158 6
761 4
721 6
49 2
518 2
536 2
668 2
575 3
249 3
262 4
291 3
137 2
64 5
181 3
209 4
60 3
45 5
54 3
38 4
58 5
100 3
485 2
517 3
530 3
352 4
798 4
474 5
789 1
73 1
96 2
677 3
121 4
127 5
376 4
99 3
147 3
655 3
114 3
441 1
33 4
244 4
266 4
782 4
446 5
270 5
328 5
337 4
308 3
373 1
333 3
311 2
734 1
433 4
62 6
75 3
608 4
113 5
496 1
323 2
640 2
424 2
93 3
510 2
307 7
653 1
795 1
419 4
309 2
466 3
591 4
171 5
753 2
247 2
542 2
84 5
707 2
658 3
132 3
574 5
697 5
20 3
582 3
423 3
613 3
261 1
699 1
44 3
605 2
221 4
178 3
192 2
794 2
763 4
218 3
495 3
603 6
544 3
61 4
189 6
240 3
548 6
429 4
16 4
237 3
134 4
238 3
648 7
40 2
588 2
747 3
227 3
109 3
222 5
651 4
250 1
94 3
126 4
514 6
18 5
790 5
626 3
422 3
611 4
440 4
507 2
501 5
555 3
252 3
179 2
565 3
448 6
614 4
522 5
17 5
318 3
204 2
554 1
639 3
750 3
274 2
72 2
384 3
372 6
175 5
665 2
334 4
15 3
625 1
120 1
500 2
757 5
713 2
511 3
37 7
760 4
645 3
529 1
163 4
355 5
98 1
115 4
292 3
146 2
746 2
258 3
107 9
24 4
382 5
225 1
55 2
56 3
357 7
331 2
320 3
182 2
609 1
341 1
397 2
412 6
401 5
735 3
499 2
743 4
296 1
416 4
411 4
78 3
748 3
453 5
404 3
533 2
775 3
202 1
506 5
324 2
385 4
88 3
534 3
131 3
212 4
796 2
91 3
770 4
196 5
23 2
111 2
245 4
200 3
467 5
690 2
786 3
724 6
224 2
660 4
119 5
633 3
464 2
110 1
781 4
65 6
92 2
295 1
306 3
143 3
768 3
228 2
569 4
463 2
700 5
74 4
732 2
185 3
635 4
669 3
698 2
326 3
581 3
559 5
691 1
148 1
740 9
764 2
193 3
101 5
650 3
704 3
122 5
785 2
35 3
601 2
561 4
619 5
777 3
516 3
392 3
368 2
129 3
83 2
172 1
793 3
242 3
4 2
282 2
364 5
504 5
783 6
497 2
486 3
386 3
675 4
32 2
745 1
289 3
649 3
577 4
552 4
26 2
688 2
223 3
8 2
719 2
165 3
233 2
14 3
410 2
593 4
124 3
3 2
369 4
51 3
742 2
139 3
207 2
276 2
620 5
398 4
275 3
41 3
354 2
659 4
663 1
174 1
584 3
241 3
727 3
449 3
393 1
155 4
168 4
452 3
407 2
512 4
664 3
715 2
550 1
553 1
349 3
766 2
576 2
791 2
689 2
525 3
316 1
508 5
263 1
729 2
571 1
666 1
616 3
379 2
281 3
260 3
451 1
97 3
738 2
498 2
399 1
751 2
741 1
456 2
706 2
351 2
606 1
460 2
305 1
381 5
254 2
300 1
236 3
623 3
313 3
28 3
335 3
375 3
425 2
25 2
532 1
232 6
712 6
774 4
269 2
585 2
345 3
256 2
629 1
618 3
344 1
365 3
342 3
478 3
5 2
303 4
632 2
590 4
302 4
488 1
29 3
297 3
421 1
543 3
105 2
462 4
759 2
159 4
744 3
52 1
720 4
481 2
388 2
310 1
472 1
435 5
142 4
11 4
731 5
383 4
34 2
133 2
160 3
695 2
389 3
130 4
445 2
730 2
432 2
702 3
539 5
455 2
215 5
259 3
31 3
82 2
367 5
317 3
177 1
197 2
188 4
141 2
30 4
723 2
293 1
13 3
272 2
756 3
642 3
696 3
705 1
562 2
718 5
711 2
217 2
434 4
104 4
338 1
443 3
482 2
547 1
558 3
652 1
347 4
492 1
628 3
527 2
580 2
332 4
471 1
638 1
438 1
531 3
468 4
304 2
776 1
267 1
298 1
199 3
477 2
752 2
67 2
587 2
767 1
391 4
708 3
442 2
513 2
239 4
487 4
71 2
166 1
523 3
118 1
362 4
647 5
475 2
234 2
387 3
346 4
48 2
154 1
117 4
418 2
771 1
679 3
716 2
190 1
549 3
144 2
169 1
563 2
205 3
359 6
589 1
183 3
630 1
546 2
427 2
599 2
194 2
570 2
493 2
703 6
535 3
681 1
469 1
195 4
490 2
230 3
528 4
90 2
395 2
271 1
621 1
780 1
592 2
42 3
470 1
687 3
186 2
285 2
162 1
103 5
251 2
505 3
39 2
173 2
710 1
540 6
524 2
377 2
579 2
583 2
602 1
176 1
9 2
201 1
394 1
502 1
167 1
145 2
180 1
680 1
737 1
329 2
403 2
520 1
596 1
87 1
273 2
63 2
226 2
595 1
600 1
268 1
641 1
461 7
701 1
430 3
480 3
597 1
778 2
86 3
208 1
799 2
327 1
557 2
564 2
678 3
736 2
286 2
348 1
792 2
360 2
210 1
312 1
567 1
374 1
656 4
253 1
280 1
631 3
586 4
68 2
6 2
350 1
560 3
717 2
402 3
457 1
27 1
773 2
380 2
617 2
444 1
19 3
53 3
728 1
70 1
671 2
458 3
797 5
594 3
248 2
654 1
408 3
69 1
749 1
676 3
646 4
788 1
290 2
10 1
106 3
59 1
754 3
356 1
693 1
519 1
538 1
102 1
57 1
85 2
135 1
47 1
537 2
709 2
191 1
255 1
622 1
358 1
378 1
136 1
431 2
414 2
644 1
278 1
765 2
112 2
187 1
43 1
322 1
604 1
214 1
149 1
198 1
450 1
509 1
153 1
123 1
2 1
662 1
265 1
229 1
12 1
733 2
643 1
36 2
787 1
772 1
343 1
156 1
636 1
598 1
784 1
637 1
330 2
390 1
739 1
573 3
294 1
128 1
459 1
339 1
152 1
246 1
413 1
81 1
161 1
player: 16 Competitive
333 3
542 6
2 4
316 6
326 4
60 1
218 2
27 1
243 1
291 1
30 6
561 2
401 4
749 8
604 3
109 4
589 5
592 4
482 2
491 3
382 2
741 2
595 3
318 6
358 2
412 3
4 5
58 5
296 5
425 7
178 2
695 2
385 5
216 3
768 4
339 3
172 3
451 3
161 4
586 5
795 3
537 3
248 5
535 3
793 4
725 1
397 5
691 1
450 4
629 4
568 2
464 6
419 2
779 2
703 1
392 2
763 4
563 7
98 2
510 2
702 3
124 7
733 4
242 5
120 2
249 2
357 5
275 4
462 4
95 3
191 1
259 4
165 1
536 10
143 3
394 3
207 2
66 3
558 3
687 3
47 5
584 6
420 2
319 5
332 3
104 2
241 5
551 4
330 5
220 2
665 4
205 5
796 4
293 4
668 5
321 6
94 4
256 5
258 5
273 2
116 7
48 5
517 3
700 6
364 4
466 5
306 5
223 4
193 4
390 1
524 3
559 2
431 3
34 4
666 4
780 5
564 4
281 3
609 5
253 5
652 3
411 5
264 4
64 4
678 5
788 2
65 5
352 5
366 3
447 2
192 6
342 2
292 3
504 2
266 2
142 6
649 2
14 1
217 2
710 1
255 1
7 4
706 3
719 4
509 3
145 1
278 6
756 3
283 2
52 4
135 5
59 4
671 2
136 6
736 4
137 1
23 2
202 4
404 4
545 4
764 2
685 4
572 2
252 2
287 2
230 3
453 1
562 2
740 2
565 4
41 4
753 3
659 4
503 3
417 4
672 1
501 5
549 4
345 2
133 3
434 2
623 1
139 8
761 5
627 4
681 4
286 1
323 6
747 2
228 4
93 5
122 3
471 4
452 7
368 2
433 3
579 3
752 3
716 3
746 4
488 3
456 3
548 2
463 2
277 3
370 5
409 5
222 2
696 1
644 1
465 3
235 3
231 7
473 1
121 3
660 3
745 3
209 1
349 5
635 2
653 5
765 3
211 6
555 3
146 4
166 2
71 2
487 3
8 4
709 3
523 6
472 2
308 3
300 2
508 1
396 2
315 3
676 2
33 4
301 1
754 2
174 2
55 3
516 4
186 3
334 4
227 1
134 4
734 3
416 1
791 3
105 3
534 2
279 1
507 2
246 2
125 5
760 2
415 2
402 2
106 2
569 5
654 2
100 1
625 3
354 3
10 1
744 2
219 4
344 3
751 3
407 3
527 1
521 3
356 1
557 1
391 2
467 3
398 2
454 5
78 1
661 2
51 7
127 2
492 2
80 4
498 3
119 2
607 4
637 2
378 3
590 1
490 4
325 6
731 5
789 4
718 6
12 5
613 3
244 3
324 4
185 3
449 5
61 2
406 4
438 3
570 2
180 6
432 2
640 6
303 3
443 3
541 6
480 4
772 1
679 3
475 2
251 3
599 2
439 3
149 2
618 1
442 4
476 4
129 2
365 1
190 2
6 2
458 1
683 2
630 3
712 1
598 2
102 2
614 3
698 1
621 3
43 2
787 2
697 6
667 2
386 2
113 2
530 5
580 4
670 1
797 5
163 6
159 1
593 4
774 2
573 3
626 4
474 4
663 4
42 5
798 4
155 1
363 1
581 1
70 3
201 4
413 2
701 4
88 4
655 2
282 4
574 4
28 2
601 5
493 6
232 2
99 2
694 3
730 2
118 2
362 1
311 6
732 3
680 2
247 2
24 3
132 1
181 3
737 2
203 6
538 1
198 2
722 2
45 3
77 1
776 6
148 2
280 4
645 2
154 3
577 2
470 3
636 3
261 4
455 5
144 4
384 2
298 1
441 4
612 2
270 3
335 4
656 3
781 1
374 3
157 1
367 3
36 1
337 3
588 1
594 2
85 1
32 6
399 1
96 2
262 1
72 6
206 3
310 3
167 3
502 2
346 4
271 1
238 4
418 4
721 4
512 4
485 5
175 5
775 2
460 4
171 3
173 5
445 2
448 3
726 4
237 2
290 3
343 1
639 1
168 3
515 1
182 3
327 4
35 4
587 3
338 1
176 3
496 1
777 2
429 2
707 1
194 1
728 1
543 1
39 3
405 1
583 4
389 5
408 7
150 2
83 3
576 3
208 3
112 4
410 3
766 3
506 1
782 2
76 2
147 4
785 2
151 4
340 4
743 3
783 3
29 2
141 1
11 4
56 3
229 3
341 3
25 2
260 4
140 2
664 1
57 2
435 4
221 3
183 5
328 1
723 3
138 2
128 2
529 1
9 3
302 2
566 2
197 3
16 1
615 2
285 2
641 2
436 2
53 2
322 3
720 4
379 2
486 1
371 2
131 3
714 5
240 4
457 1
50 2
446 1
608 4
757 1
522 2
699 2
642 4
727 3
199 1
550 2
320 2
469 2
91 2
505 3
200 4
350 3
540 3
424 4
578 2
481 1
689 3
511 1
638 3
704 2
526 4
269 2
26 3
359 1
669 2
582 1
647 1
708 2
111 2
650 1
553 2
758 2
130 2
239 2
44 1
224 3
605 2
188 1
459 4
428 2
611 2
265 2
353 3
759 3
414 2
74 1
778 2
22 1
68 2
46 1
525 1
616 3
560 2
210 4
97 2
63 4
711 2
263 2
79 4
717 5
773 2
499 1
86 1
713 1
103 2
427 3
383 2
600 2
108 2
421 2
268 4
799 2
784 4
170 1
329 2
585 2
204 1
274 3
373 3
483 1
624 3
422 1
690 1
748 2
387 2
755 2
430 2
289 2
620 2
658 1
673 2
236 2
388 4
196 1
272 4
15 2
376 3
602 3
305 2
355 3
533 1
632 1
1 2
771 1
313 2
634 1
675 2
37 2
288 1
554 1
518 2
307 4
31 1
158 2
19 1
5 1
786 2
81 2
317 3
254 1
360 1
115 1
729 2
532 1
484 2
610 1
662 3
73 1
233 1
403 2
531 2
769 1
520 3
792 2
693 2
677 1
189 1
20 1
89 2
3 2
692 1
651 1
153 1
17 1
790 1
309 2
684 1
606 1
361 2
114 1
742 1
500 2
762 2
184 2
724 2
295 1
297 1
423 1
348 2
377 1
314 2
495 1
123 2
622 1
226 1
38 2
215 1
479 1
82 1
294 1
299 2
440 3
372 2
444 1
619 2
40 1
688 1
18 3
257 1
767 2
13 2
284 2
738 2
770 1
84 1
92 2
686 1
212 2
395 1
437 1
513 1
514 1
617 1
519 1
497 1
648 1
162 1
160 1
400 1
179 1
567 1
489 2
245 1
54 1
674 1
547 1
539 1
393 1
528 1
177 1
player: 9 Competitive
456 4
212 3
180 3
563 4
404 3
210 5
418 1
686 4
480 4
524 2
276 6
471 2
575 6
13 4
541 1
685 3
284 1
164 4
132 1
19 3
120 4
80 4
752 2
494 2
361 2
596 3
514 6
157 4
735 3
434 2
435 2
673 7
762 3
428 6
65 3
311 4
388 5
370 3
252 6
302 4
288 2
530 5
33 2
798 4
451 4
473 3
229 3
360 4
536 4
134 2
579 4
239 3
509 4
301 4
520 2
105 3
395 3
346 4
294 6
788 5
50 2
91 2
318 5
321 3
539 1
495 6
396 1
498 3
477 5
465 2
704 3
786 3
775 4
392 3
78 4
272 5
782 2
425 3
553 6
569 3
610 2
261 4
340 4
799 2
76 3
776 4
148 2
447 6
30 2
625 2
687 2
725 4
103 4
135 3
408 2
557 3
649 2
263 7
146 1
438 1
643 4
15 4
42 3
329 3
626 1
564 3
409 1
204 6
211 3
504 3
200 4
385 2
39 7
489 2
516 4
459 3
406 4
297 4
647 2
253 1
59 4
457 3
348 4
621 2
467 4
481 3
792 3
720 2
578 6
16 5
88 2
335 1
266 3
790 4
372 3
330 6
515 6
122 2
485 4
658 2
682 7
604 1
136 7
479 5
227 5
671 5
79 2
651 2
570 1
796 3
592 6
707 2
152 6
709 3
537 2
505 7
769 3
230 3
188 4
286 3
140 2
339 3
529 2
474 3
82 4
205 3
581 2
754 2
87 3
173 3
377 3
488 4
701 4
250 3
761 4
533 2
203 1
342 4
708 4
279 2
242 6
714 3
742 8
23 6
580 1
295 2
697 4
722 5
675 4
63 2
677 2
208 2
698 6
57 6
355 2
755 5
273 3
85 3
463 5
118 5
218 3
206 2
565 2
583 1
353 3
383 1
532 3
367 3
446 5
374 4
293 3
437 6
522 3
766 2
441 3
99 3
794 4
620 4
561 3
548 3
362 3
424 2
183 3
240 1
150 2
145 2
155 5
110 2
319 2
653 4
74 2
149 2
176 2
102 4
403 4
391 4
773 2
178 1
586 2
751 3
445 4
741 4
482 2
785 1
331 2
454 2
430 1
531 2
638 3
603 7
402 3
243 2
234 2
386 2
611 5
369 4
657 3
550 7
779 4
313 5
332 3
126 5
640 2
196 5
748 2
597 6
577 3
248 7
667 2
732 2
333 2
422 3
215 1
663 5
589 3
401 1
571 4
201 4
265 2
106 2
519 2
616 3
432 2
645 3
44 4
209 2
624 4
458 3
168 3
622 4
476 5
411 3
556 4
186 1
323 3
585 2
777 3
368 4
394 4
350 1
627 2
399 5
231 3
169 9
497 1
221 2
724 3
726 2
351 3
630 5
593 2
602 2
153 1
358 4
778 3
683 2
344 4
554 3
502 1
549 3
466 2
341 4
588 3
795 2
452 4
527 2
526 4
712 4
97 2
154 1
291 6
14 3
601 4
615 4
660 4
429 3
693 5
393 4
749 2
412 2
453 3
117 3
161 2
444 4
130 4
439 2
325 2
363 1
650 3
53 5
345 2
737 2
287 4
179 3
24 2
574 5
560 6
747 1
535 5
260 4
546 3
26 3
75 1
413 4
359 2
109 4
338 6
646 3
36 2
478 2
511 2
772 3
151 4
654 3
365 1
144 3
545 5
500 1
631 1
89 2
115 3
324 4
607 2
727 2
6 1
11 3
9 3
195 5
666 5
21 1
440 3
181 3
486 2
137 4
18 2
228 7
736 4
8 2
271 3
61 3
326 3
728 2
268 2
551 2
538 4
436 3
699 2
298 2
375 2
175 1
312 1
246 3
665 2
382 2
544 1
635 5
90 4
710 4
257 5
491 2
655 3
314 5
356 2
419 1
558 1
746 3
35 4
681 3
159 2
758 3
290 2
518 2
303 3
156 5
247 1
780 3
60 2
572 2
163 2
512 3
327 2
407 2
590 4
64 1
448 2
555 1
84 4
566 3
254 2
46 1
470 4
177 4
389 1
86 2
28 1
483 1
93 3
384 4
508 2
207 1
143 1
706 3
542 1
191 2
639 2
233 5
244 2
166 1
222 2
226 2
373 3
417 2
523 3
7 3
731 1
684 3
241 2
679 2
468 2
245 1
600 3
784 5
249 3
275 4
567 5
644 2
774 4
793 4
771 4
721 2
255 5
729 1
719 5
443 3
121 2
573 5
182 1
194 2
591 1
352 4
662 2
763 2
111 5
499 2
235 4
378 7
94 2
768 3
464 3
628 3
58 2
185 4
357 5
4 4
47 4
73 3
54 3
713 1
492 1
614 2
184 1
172 3
296 3
702 3
3 2
337 2
692 1
364 4
696 2
92 2
62 1
320 2
493 2
259 3
71 6
781 4
656 3
521 1
238 1
56 3
632 2
678 1
45 1
642 1
66 3
285 1
691 2
534 6
67 2
433 1
455 1
484 2
220 2
81 1
138 1
142 3
306 1
98 3
1 2
274 2
513 2
750 4
609 2
629 4
405 3
77 2
390 3
40 4
300 1
277 1
416 2
34 4
652 1
219 2
740 4
270 1
162 4
760 2
170 1
410 2
562 3
37 2
450 1
598 4
127 4
668 3
756 1
167 2
501 1
584 1
469 2
107 2
449 3
10 4
317 3
104 1
371 2
552 3
160 2
55 2
95 1
269 2
72 1
659 1
738 1
594 1
251 1
315 2
305 2
27 2
114 1
717 1
507 3
711 3
108 1
606 2
334 2
48 2
770 3
612 1
767 4
68 2
757 5
52 2
723 2
190 3
43 4
381 2
96 1
128 1
414 3
174 3
282 1
576 1
113 3
783 4
116 3
289 2
460 1
547 3
328 3
517 3
70 1
733 2
32 2
41 2
503 1
20 2
670 1
343 1
22 1
213 3
753 2
198 3
123 1
280 1
475 2
525 2
133 4
734 2
256 2
69 1
202 1
281 2
380 1
25 1
141 2
797 1
623 2
672 1
307 3
125 1
336 1
299 2
398 1
716 1
316 2
224 2
426 1
197 2
12 1
420 1
633 2
349 2
619 1
617 2
366 3
51 2
214 1
595 3
187 1
264 2
661 1
431 1
199 1
193 1
462 2
490 1
559 1
587 1
397 1
267 2
258 1
119 1
690 2
745 1
506 1
129 1
744 1
694 1
689 1
543 1
262 2
38 1
347 1
322 1
605 1
739 1
664 1
17 1
415 1
487 1
216 1
player: 5 Competitive
196 7
452 2
472 3
261 4
704 4
260 4
215 2
721 2
612 1
768 4
743 3
799 3
646 4
580 4
335 4
388 4
649 3
540 3
96 4
576 5
773 1
711 1
554 3
165 3
701 3
591 4
588 3
368 1
183 4
120 2
254 7
412 2
154 5
509 5
656 2
27 6
696 4
470 5
444 5
266 3
319 4
598 2
106 5
524 3
175 2
712 2
621 6
182 7
605 5
550 4
286 2
573 3
218 5
133 2
425 3
167 5
681 2
645 4
686 5
731 1
268 2
763 2
750 2
22 5
791 3
271 8
345 6
709 4
292 3
119 4
553 4
710 2
226 4
294 4
561 1
727 3
370 3
7 2
236 4
391 6
584 3
156 4
785 5
155 5
340 4
571 4
202 3
332 4
200 4
114 4
279 3
23 3
38 6
116 2
67 1
564 3
641 3
35 5
777 2
61 4
398 3
195 2
211 4
787 3
599 3
68 2
321 1
732 4
160 2
628 3
277 2
595 3
158 3
752 1
64 4
372 4
223 3
395 5
679 3
789 6
255 3
521 4
695 4
230 1
480 2
138 3
312 5
558 2
392 1
192 4
348 1
231 5
438 7
233 3
275 4
115 3
637 3
289 3
572 1
522 6
287 2
461 5
212 5
672 1
459 3
378 3
706 4
551 5
338 2
515 2
29 5
367 4
135 3
655 3
590 3
229 3
83 3
465 4
11 4
467 4
152 3
344 3
97 3
252 3
414 2
134 3
436 5
411 2
507 3
48 1
420 5
273 3
443 10
269 3
760 1
684 3
794 1
47 3
651 5
361 4
597 2
39 2
81 4
606 2
281 6
352 4
36 3
179 2
99 5
634 1
489 6
86 3
719 2
790 3
98 1
401 7
193 4
150 2
181 3
16 2
490 2
512 2
205 3
795 2
404 1
221 5
516 5
57 5
432 3
657 3
541 1
51 1
697 5
770 4
430 3
69 1
494 2
78 2
746 4
566 1
258 3
730 1
728 3
482 3
4 4
419 1
315 2
325 3
336 3
653 1
648 4
441 4
188 5
291 4
397 2
506 6
147 3
510 1
408 2
707 7
547 4
118 4
295 3
191 4
431 3
206 1
298 2
75 2
758 6
301 4
724 4
464 4
665 3
783 2
132 3
350 3
190 2
782 3
107 1
20 4
410 4
145 2
316 5
217 2
109 3
331 3
129 4
685 1
28 3
2 3
786 5
455 2
539 4
327 3
498 4
557 3
738 4
330 3
143 1
531 4
742 4
640 3
565 5
418 3
775 3
304 4
91 7
353 2
525 2
246 3
385 3
50 2
256 5
297 6
449 3
46 2
49 3
674 4
303 5
555 1
446 5
661 3
453 3
26 3
142 3
497 2
216 4
603 4
363 2
627 3
383 2
495 6
278 2
460 3
556 3
9 3
235 2
140 3
725 3
124 2
670 4
678 4
94 1
757 4
675 4
164 2
299 3
613 4
614 1
163 2
677 2
76 2
283 2
214 4
466 5
594 3
776 3
302 3
429 5
689 1
666 2
619 2
798 3
105 7
387 3
12 4
222 3
600 3
406 1
342 2
53 1
176 1
587 2
87 1
364 3
583 1
95 1
243 3
402 2
329 2
716 4
13 4
529 2
744 2
390 2
417 4
693 3
79 3
210 1
310 2
148 3
643 5
265 4
766 4
199 2
110 2
102 1
224 1
545 4
65 7
778 2
439 1
474 2
24 4
82 4
735 2
422 2
569 3
518 2
754 1
788 4
123 1
668 1
409 3
362 2
161 4
341 5
415 3
717 2
574 2
654 5
396 4
481 2
369 3
487 3
538 4
462 3
667 3
647 4
131 4
579 2
101 1
357 1
241 1
58 5
633 1
698 2
42 2
484 3
17 3
85 2
117 2
184 4
90 3
139 3
141 2
244 3
168 4
245 3
610 2
80 2
708 2
3 3
496 3
779 3
354 3
601 3
137 3
440 1
536 2
726 2
660 2
636 3
528 2
703 4
683 1
272 4
382 4
632 2
197 1
177 3
784 1
682 2
523 2
620 3
578 6
702 7
326 3
276 4
469 3
715 2
659 3
55 2
201 4
136 2
463 4
513 3
89 3
688 4
486 2
174 4
458 1
207 1
537 1
753 4
6 4
526 3
125 2
282 4
187 4
307 3
792 2
519 3
500 2
130 1
84 2
360 3
305 4
399 1
473 3
650 1
570 3
376 2
322 6
434 3
602 5
209 4
671 4
749 3
204 2
747 4
575 3
471 1
146 3
592 3
19 5
45 1
622 1
644 4
548 2
384 5
532 3
624 4
54 1
504 4
1 2
375 1
626 4
93 1
365 1
723 2
477 1
247 3
680 1
346 3
21 2
421 1
796 2
267 3
741 3
543 7
162 2
198 3
676 1
454 1
40 2
581 2
652 1
478 2
664 1
320 2
112 3
769 1
249 2
468 2
111 3
70 3
314 1
173 4
337 3
43 2
280 1
456 1
552 3
690 2
186 2
290 3
309 4
100 2
530 2
213 2
639 2
127 2
171 4
60 2
694 2
797 2
629 1
734 1
74 2
765 2
8 3
237 5
300 1
220 7
736 1
549 2
416 5
389 1
718 3
533 1
451 2
126 3
358 1
589 3
435 2
203 1
63 2
635 2
499 5
169 1
317 1
756 1
492 1
328 1
88 2
180 3
178 2
687 2
157 1
764 4
381 2
240 3
262 1
582 1
62 3
59 2
623 1
122 5
208 3
104 2
447 1
433 3
234 3
542 2
493 3
144 1
407 1
259 1
691 1
374 2
476 2
767 2
729 1
56 4
615 2
739 1
318 4
663 2
577 2
699 4
759 1
31 2
483 1
239 1
450 1
18 3
32 1
491 1
71 1
607 1
617 2
559 2
544 1
377 2
761 2
413 3
228 2
355 1
442 1
347 4
405 3
34 1
37 1
527 1
692 1
774 2
426 4
618 2
149 1
514 1
748 2
153 3
762 3
475 1
296 2
251 2
448 2
356 2
586 1
10 3
170 1
503 2
705 2
285 1
423 1
772 1
219 1
720 1
128 2
567 3
166 1
517 1
44 1
25 1
713 2
263 2
534 1
625 1
722 1
616 2
793 2
264 1
30 1
669 1
733 1
366 2
562 1
238 1
293 1
371 2
563 1
274 2
15 2
428 1
508 1
308 1
593 1
631 1
194 1
323 1
77 1
103 2
394 2
333 2
343 1
393 1
72 2
311 1
535 2
771 1
630 1
73 1
505 1
339 1
501 1
380 1
324 1
560 1
270 1
159 1
248 2
242 1
player: 10 Competitive
369 6
592 1
381 2
556 1
441 2
645 5
734 3
606 5
29 5
785 2
20 5
85 6
512 5
727 1
491 3
159 3
627 1
789 1
33 1
637 5
767 6
392 3
387 5
469 7
363 4
649 2
361 3
234 4
699 1
643 5
598 7
11 1
607 4
367 4
249 3
737 3
212 1
70 5
744 4
695 4
389 3
444 3
584 5
692 4
189 3
604 3
518 5
84 4
206 3
413 3
440 3
88 2
300 3
184 3
415 6
291 3
639 1
327 5
215 1
308 2
777 2
391 4
341 3
399 5
719 4
210 3
555 3
723 1
707 6
502 3
224 3
113 3
797 4
380 5
182 3
208 3
745 4
226 2
657 3
147 3
166 4
644 6
72 3
788 4
614 1
263 2
319 6
5 4
443 5
781 3
453 1
749 4
124 3
371 5
266 3
733 6
481 4
199 5
681 5
354 3
160 4
573 5
168 2
330 3
173 3
118 3
542 3
338 5
103 4
112 4
255 3
306 6
429 2
544 7
574 2
459 5
204 3
90 3
23 3
12 2
780 1
53 1
661 3
609 3
163 5
74 4
193 2
589 7
87 3
765 1
710 2
471 2
99 3
348 1
407 2
730 4
123 4
527 2
97 7
764 4
698 3
145 3
245 4
774 3
770 5
773 4
69 1
122 3
209 3
357 3
483 3
703 3
101 3
739 5
741 5
432 4
565 2
409 5
455 7
735 2
384 3
106 3
768 4
613 3
725 2
564 3
510 6
346 2
486 2
763 4
417 4
434 2
404 3
141 3
408 3
535 1
395 4
612 2
17 2
578 2
711 5
790 1
385 3
237 2
116 5
102 4
539 2
21 1
312 3
447 3
258 4
279 3
240 1
355 1
687 4
475 3
213 2
252 5
115 1
738 3
656 1
376 3
345 6
92 4
593 1
268 4
516 2
650 1
288 4
621 6
641 3
766 2
324 4
301 7
178 6
630 6
297 1
275 2
603 2
406 2
175 5
6 3
411 4
762 2
635 3
71 1
757 3
39 4
264 3
207 8
132 4
335 3
504 5
114 3
94 3
798 2
536 2
468 3
280 2
171 3
563 2
525 3
728 2
575 2
242 1
388 4
386 3
402 2
41 3
794 2
732 2
309 7
596 1
205 2
200 3
40 4
328 1
128 4
186 3
4 6
487 4
67 1
290 3
615 3
529 6
109 2
619 5
261 3
286 5
195 3
587 5
600 4
50 2
530 2
795 3
219 4
278 2
229 4
37 2
743 2
262 4
513 3
149 2
313 2
256 4
594 3
47 2
336 5
401 3
150 4
307 4
460 4
108 3
511 3
454 2
569 3
572 1
633 4
271 1
225 6
246 2
638 4
442 1
365 2
80 2
146 3
610 4
254 1
19 2
464 2
570 3
640 3
129 4
519 4
223 6
366 2
665 4
342 4
91 3
642 5
632 3
758 3
218 3
104 3
397 2
394 2
18 3
623 3
761 4
77 2
31 2
382 2
269 3
702 1
119 3
176 2
188 2
25 5
424 3
580 1
586 4
677 4
451 5
310 3
61 3
534 1
24 5
715 3
38 5
704 3
450 1
551 1
165 1
216 5
599 2
152 5
321 2
232 3
488 2
137 1
191 4
648 2
577 2
138 4
796 5
779 4
302 3
659 3
334 2
605 4
731 5
425 2
528 3
127 5
111 3
332 5
273 1
55 4
591 5
678 5
537 2
372 3
467 3
89 3
144 3
647 1
379 3
552 3
49 3
452 2
646 3
57 2
436 1
82 2
289 3
683 2
666 2
465 3
131 1
667 1
729 3
433 1
265 2
435 5
293 3
139 4
272 1
48 1
248 6
484 4
421 3
771 2
652 2
547 4
540 3
339 3
664 2
211 3
62 2
601 3
674 3
686 1
358 5
660 6
476 3
351 4
378 3
422 5
231 1
333 2
696 3
554 3
16 2
751 2
426 4
329 1
156 2
100 3
135 2
3 1
688 3
416 5
543 1
755 2
28 3
550 2
170 1
117 3
427 1
622 1
148 2
43 2
337 2
344 3
35 1
588 2
538 2
428 4
36 3
75 2
682 1
541 4
747 1
517 3
227 3
507 3
267 3
136 2
791 2
202 2
561 1
636 3
304 2
625 3
343 3
701 2
287 1
155 2
689 3
549 1
746 3
98 2
305 3
430 2
497 2
201 1
294 3
79 3
523 2
582 2
374 5
190 2
492 1
679 2
177 4
776 4
420 5
775 3
349 1
405 2
495 2
651 2
786 2
8 3
15 2
663 2
546 4
377 2
431 3
560 2
134 4
360 4
721 2
709 3
169 2
282 3
396 2
230 1
9 2
283 2
461 5
503 2
705 1
58 2
292 5
602 3
553 5
545 2
158 3
532 1
571 1
316 3
620 3
95 3
684 2
581 4
151 1
244 2
183 1
787 4
472 2
585 6
634 2
458 1
631 1
493 3
568 1
140 3
220 2
478 3
477 3
161 2
14 3
398 4
457 3
326 1
353 4
214 2
277 3
142 2
251 1
720 2
628 4
352 1
318 5
1 1
172 1
233 1
340 1
490 2
784 3
253 1
110 4
30 2
143 1
753 5
514 1
752 2
693 1
356 3
653 2
410 2
7 2
359 4
670 4
740 1
446 2
754 1
241 3
373 3
706 3
668 3
500 1
298 1
583 2
121 1
418 2
347 3
320 3
174 2
524 2
243 2
73 2
793 2
676 2
482 2
449 2
716 2
93 1
439 2
66 2
42 4
217 3
96 3
485 2
281 4
10 2
179 1
181 1
498 1
250 1
567 1
548 5
718 1
331 1
515 3
63 3
86 1
400 1
390 1
153 1
423 2
673 4
617 2
489 3
203 1
276 3
164 2
675 2
130 2
466 1
520 2
60 2
618 3
325 2
260 1
521 2
383 1
196 4
368 2
317 2
180 1
756 2
59 1
685 1
185 1
45 1
26 2
712 1
608 1
558 2
559 2
56 1
54 1
22 2
323 2
284 3
470 2
462 2
192 1
783 1
736 3
375 4
772 1
505 2
479 1
393 1
107 1
691 2
662 3
748 1
303 2
708 2
624 1
419 3
579 2
769 1
522 2
597 2
299 1
722 1
499 2
480 3
44 1
531 1
714 2
509 2
700 1
792 1
533 1
799 1
463 2
221 3
496 2
81 1
629 1
778 1
296 1
654 2
671 1
595 1
750 1
257 2
694 2
120 2
162 2
270 2
228 2
76 2
235 1
167 1
34 1
566 1
322 2
456 1
78 1
506 1
697 1
32 1
350 2
655 1
508 1
501 1
611 1
player: 17 Competitive
534 4
286 5
187 6
58 1
706 1
675 1
577 1
12 2
550 2
512 2
313 4
62 3
527 4
380 4
489 3
154 3
433 4
131 4
88 4
350 4
499 5
446 2
532 2
95 4
64 2
525 1
640 5
741 9
500 2
194 7
224 3
705 4
581 1
547 2
309 7
105 6
421 1
75 4
232 4
157 6
216 2
595 3
145 5
389 1
353 2
757 5
282 1
728 4
482 3
365 1
636 2
714 4
588 3
10 3
721 4
200 1
203 3
277 4
415 6
138 4
639 6
420 2
96 5
501 3
214 4
444 2
615 3
340 4
643 3
144 3
726 2
517 2
318 3
776 3
258 4
53 6
561 2
685 7
563 2
703 3
665 3
73 4
778 2
771 4
479 2
780 3
451 2
566 4
469 2
668 3
372 5
774 3
56 4
659 3
108 2
149 4
4 2
201 4
784 4
762 4
363 3
129 2
276 4
99 2
645 3
651 5
625 3
256 5
289 2
456 8
674 4
793 5
553 1
431 6
662 5
590 3
634 5
480 4
692 5
521 5
589 4
457 3
68 3
355 2
91 1
175 5
745 5
128 6
15 1
781 6
409 6
35 3
328 3
688 6
545 2
352 1
519 6
684 3
237 6
219 4
221 5
567 3
173 4
378 2
120 5
580 2
341 4
432 3
294 4
7 7
207 4
749 3
601 7
117 4
450 4
653 3
606 3
249 3
257 2
298 2
76 5
535 2
727 6
299 4
531 2
696 6
40 1
716 6
507 3
333 4
453 6
663 2
234 3
611 4
515 2
425 2
768 2
102 1
569 2
618 3
602 1
695 1
764 4
312 3
447 3
152 4
18 4
647 6
440 2
38 3
231 2
233 4
750 3
735 3
414 4
242 4
434 2
323 3
98 4
763 4
765 3
172 7
493 4
466 3
316 5
689 4
487 2
724 4
84 3
52 2
55 6
575 1
666 3
19 4
30 2
438 1
551 5
100 2
751 2
314 3
25 4
448 6
74 3
92 2
558 3
141 1
650 4
202 1
284 4
533 5
624 4
170 2
761 6
169 3
134 2
437 3
177 1
101 2
212 2
293 1
97 2
327 6
123 3
629 2
244 2
382 1
6 3
222 2
786 6
265 5
130 2
753 3
520 3
81 1
646 6
617 5
336 2
557 3
638 3
514 3
45 2
330 1
94 2
375 3
682 2
560 5
369 3
709 4
307 3
399 5
245 5
386 3
343 3
396 4
193 4
186 2
513 4
275 2
791 2
291 1
401 4
752 5
387 3
424 6
797 2
182 2
699 3
546 5
614 6
367 2
332 2
604 3
704 2
785 4
661 2
559 3
87 3
729 6
143 3
610 3
321 6
106 2
325 1
159 2
2 5
272 3
454 1
631 1
465 2
125 3
77 1
346 2
637 8
361 4
508 3
680 3
335 3
600 3
279 4
475 1
648 3
319 3
644 3
227 4
225 3
36 2
408 1
211 2
468 2
476 7
571 3
345 2
180 4
691 2
679 4
690 4
262 2
712 4
711 2
418 1
591 2
391 5
782 2
297 3
24 2
295 4
132 2
238 2
395 3
455 2
621 4
26 4
43 3
596 2
376 1
516 1
223 5
538 3
472 2
110 2
792 4
109 4
632 3
360 3
229 4
622 1
736 4
562 3
671 2
344 4
374 3
116 1
670 5
470 4
311 8
358 1
496 4
748 2
597 1
41 2
322 3
459 1
427 1
755 1
540 2
738 4
31 2
44 3
104 1
673 3
196 3
136 3
626 3
772 3
402 3
33 3
523 2
158 2
616 2
359 4
113 1
392 2
552 2
241 3
491 2
568 3
599 4
744 3
397 3
732 3
474 3
672 2
737 2
189 5
146 4
251 2
718 4
21 1
273 1
16 2
524 4
710 4
384 2
228 3
664 2
694 2
439 2
656 5
226 2
42 4
754 3
584 5
556 6
14 3
47 2
707 1
296 2
436 4
522 1
505 2
759 4
484 1
119 3
9 4
90 4
160 6
65 3
331 2
400 3
526 3
593 1
111 2
435 2
483 1
135 1
300 1
278 3
585 3
347 2
398 2
190 1
288 2
570 1
82 1
185 3
59 4
543 1
667 3
654 1
503 4
413 1
506 1
48 1
317 2
192 4
220 1
649 2
270 2
254 1
39 5
171 3
422 2
252 2
8 1
37 1
161 1
592 2
416 1
554 2
769 2
504 1
183 3
655 3
641 6
473 2
766 2
66 3
156 2
121 1
739 3
174 1
587 1
50 1
509 2
578 3
495 1
205 2
681 2
443 2
209 2
197 2
777 1
576 4
303 3
310 2
139 2
572 4
213 3
46 5
494 3
204 1
405 2
693 1
259 3
17 1
89 2
423 1
635 3
743 2
166 5
574 2
162 1
124 5
390 4
215 2
747 2
373 2
715 2
281 2
536 3
594 2
385 1
285 3
338 2
407 2
283 1
23 2
548 3
697 2
627 6
379 2
404 1
155 1
60 1
274 1
630 6
461 1
63 2
676 2
582 1
788 2
107 2
687 2
305 1
348 1
324 3
410 2
775 1
70 2
770 2
178 4
725 2
403 1
417 1
364 3
280 2
502 3
306 1
218 2
269 4
266 2
758 1
598 3
541 1
83 2
148 2
61 3
657 1
263 2
605 4
79 3
445 3
486 1
428 3
357 1
247 3
179 2
118 1
773 2
20 2
742 3
623 3
686 3
287 2
304 2
787 2
767 3
488 3
702 3
49 1
490 1
734 1
267 2
471 5
240 3
719 2
260 3
518 2
720 2
700 1
458 1
150 1
620 2
337 3
239 4
698 2
308 1
264 3
78 1
250 1
206 3
80 1
292 2
756 3
708 3
236 2
539 4
71 1
497 3
485 2
198 2
165 1
542 1
210 3
478 3
722 2
142 1
188 2
181 2
72 3
642 2
11 3
268 3
261 2
713 2
153 1
5 2
354 1
678 3
29 1
658 1
351 1
371 1
195 3
22 2
151 2
481 1
3 3
660 1
115 2
609 1
529 1
467 2
199 3
452 1
253 4
530 1
168 3
441 1
586 3
85 1
32 1
255 1
381 1
406 1
783 2
243 1
27 2
537 2
230 1
619 1
430 2
112 2
137 2
464 1
184 1
147 3
779 1
419 1
320 3
411 1
608 1
564 1
246 1
760 3
235 1
57 1
731 2
794 2
607 2
28 2
167 1
126 1
326 2
573 1
498 1
54 1
652 1
334 1
798 1
176 2
492 1
122 1
511 1
462 1
426 1
583 1
67 1
544 1
315 1
412 1
730 1
271 2
633 1
613 1
789 1
628 1
356 1
208 1
player: 6 Competitive
576 2
1 4
534 3
176 2
790 2
604 3
85 6
217 2
183 2
17 2
410 2
281 5
573 2
375 6
7 1
449 7
795 4
318 2
650 3
525 4
734 2
287 4
545 3
268 2
162 3
339 2
118 3
59 2
196 3
438 2
187 4
437 3
264 1
742 4
344 3
349 4
48 3
448 4
63 3
669 3
579 3
723 6
775 1
141 5
751 2
660 5
657 3
516 2
551 3
106 4
99 3
493 4
714 1
678 4
223 3
22 2
20 5
62 2
41 3
513 2
704 1
416 2
75 3
455 5
638 6
521 2
390 4
114 3
468 5
362 5
153 4
299 4
786 6
738 4
472 8
333 2
167 2
126 2
282 3
699 2
30 5
731 1
293 2
497 4
519 1
553 4
420 3
413 3
266 5
749 3
508 3
208 2
541 6
564 4
679 4
224 2
124 5
706 1
33 5
435 3
483 1
524 4
177 1
436 3
46 5
259 3
631 3
665 7
388 5
792 4
492 3
617 1
32 3
511 2
151 3
494 2
430 3
659 4
312 2
19 6
39 3
76 4
149 5
95 7
78 4
745 1
254 4
200 2
13 5
535 5
355 4
51 1
515 2
561 2
499 1
490 2
192 6
725 4
286 6
648 3
170 1
271 2
548 5
278 4
421 3
383 3
456 1
756 1
345 2
612 2
625 3
343 4
125 1
294 4
683 3
6 2
315 2
693 3
245 2
207 2
308 3
698 2
82 2
644 6
715 4
21 1
722 4
203 1
71 3
655 6
768 3
241 3
166 5
348 2
782 3
445 2
451 6
652 5
215 3
179 6
276 1
54 5
762 3
83 5
680 4
527 3
664 2
131 6
40 3
184 4
754 2
360 8
595 5
598 3
766 3
552 3
58 4
589 3
319 3
396 3
737 2
235 3
104 6
357 4
613 1
687 2
496 4
588 3
684 3
697 1
794 1
136 5
597 3
796 7
301 3
50 5
283 3
158 2
225 3
761 3
474 2
393 3
144 3
97 3
317 3
77 1
777 8
533 6
658 2
447 1
727 1
503 4
488 1
161 8
322 3
234 3
115 2
498 3
459 3
554 6
718 2
716 3
335 5
637 1
411 6
185 5
49 1
401 6
216 5
556 3
253 3
712 4
16 2
219 2
757 2
372 3
165 3
621 4
230 2
692 4
428 3
239 2
484 2
112 4
417 7
537 8
701 2
334 2
273 5
202 4
789 1
583 6
236 4
685 3
250 4
88 3
671 4
385 2
405 1
238 3
354 2
747 4
643 4
502 3
791 1
522 4
542 2
667 3
329 1
173 5
129 2
148 2
670 3
86 4
544 3
80 4
651 3
466 6
570 1
127 2
580 3
495 2
220 2
191 2
24 2
586 4
105 4
560 2
433 8
629 5
376 1
263 1
785 5
700 2
205 6
304 2
313 3
291 4
134 5
695 3
439 3
157 2
514 3
771 5
422 4
332 4
123 6
145 1
676 4
340 6
139 5
760 6
55 3
364 4
174 4
606 3
120 3
36 2
143 2
662 2
323 1
275 3
778 2
630 1
117 2
98 3
690 2
603 3
720 3
15 2
359 5
356 2
43 2
328 1
391 4
8 3
733 2
4 6
736 2
29 2
773 3
408 1
453 1
427 2
387 2
594 7
793 3
610 2
121 1
746 3
622 5
337 1
392 5
44 2
389 3
452 1
547 3
635 2
520 1
653 4
247 4
672 3
116 2
646 2
138 4
788 3
460 2
316 5
571 5
56 1
608 5
57 4
689 2
458 2
310 1
399 3
585 2
441 4
269 5
602 2
358 3
752 2
618 3
249 5
462 4
226 4
688 3
615 3
419 3
450 3
302 1
320 4
465 5
763 2
181 1
539 4
668 2
140 2
632 3
188 2
469 3
53 4
194 1
132 3
72 3
190 3
709 2
135 2
267 4
330 2
707 2
743 2
523 3
297 3
198 3
25 4
480 5
485 4
35 3
614 1
180 1
590 2
280 2
735 2
681 2
477 3
569 3
759 2
309 2
575 2
414 4
94 3
654 3
619 2
711 2
61 4
52 1
656 2
346 1
195 2
717 5
232 3
505 1
741 1
252 2
331 2
163 4
137 3
779 2
429 4
182 2
384 1
353 3
160 2
296 3
526 1
68 2
314 2
371 1
457 3
9 1
229 4
691 2
66 2
536 1
528 3
724 5
213 1
93 3
397 5
400 2
211 1
27 3
663 4
454 2
555 3
382 3
288 1
412 2
591 1
279 2
543 3
367 4
642 4
402 1
601 3
708 2
186 2
645 4
100 2
381 4
152 3
705 6
361 4
770 2
42 4
256 2
784 3
311 1
463 1
292 1
563 1
199 2
661 3
572 2
507 2
189 2
486 2
347 2
70 1
780 1
130 4
374 3
243 4
193 2
65 1
546 1
251 2
562 2
504 3
87 5
506 1
34 4
228 4
218 2
434 3
774 3
155 2
769 4
146 2
237 1
168 4
616 6
365 1
368 3
60 3
409 3
407 4
342 5
750 2
471 2
258 2
37 2
91 2
611 1
204 1
510 2
675 1
231 2
587 2
175 2
478 3
425 1
674 3
487 2
84 3
285 3
244 1
740 1
501 2
798 1
277 4
5 2
719 2
81 1
600 1
509 3
626 3
479 2
765 5
758 2
257 2
432 1
69 4
369 1
623 1
799 2
776 1
574 3
481 2
677 1
352 2
3 1
577 2
338 3
593 1
540 3
772 2
272 3
443 1
592 1
596 2
74 1
640 2
378 2
242 2
171 2
45 1
222 2
377 1
290 2
568 1
47 2
366 3
233 1
673 2
787 5
260 2
298 1
739 2
12 1
265 2
512 2
169 5
744 2
728 1
482 2
210 3
426 1
599 3
464 1
605 1
14 2
566 2
307 1
517 1
686 1
306 1
379 2
748 1
327 2
446 2
172 2
470 1
415 4
636 1
538 1
103 2
549 2
641 2
649 3
475 1
781 4
609 2
370 2
350 2
212 1
274 1
119 3
67 2
404 1
634 2
31 4
473 3
557 1
336 1
491 1
201 2
23 2
38 2
767 2
303 2
581 1
113 1
682 1
73 1
262 1
633 3
567 3
255 1
28 1
156 3
107 1
639 2
628 1
110 1
321 1
380 1
79 1
89 2
620 1
584 2
341 1
394 1
489 2
386 2
500 2
206 2
627 1
755 1
324 1
128 2
18 2
108 1
178 1
197 1
721 1
696 1
248 1
300 1
164 1
150 1
227 1
550 1
702 1
424 1
92 1
64 1
710 1
624 1
305 1
326 1
111 1
797 1
284 1
player: 13 Competitive
616 4
290 3
46 1
189 4
23 5
495 5
78 1
239 4
180 1
363 4
535 1
764 4
733 2
175 3
676 1
523 3
205 2
729 5
167 3
222 5
392 2
211 3
356 4
674 5
252 3
225 1
403 3
311 3
354 3
565 3
505 6
512 2
770 4
365 2
32 3
701 3
483 3
593 3
20 4
685 4
193 2
466 1
538 3
345 4
250 4
439 5
760 4
746 4
644 4
482 3
324 4
362 2
726 4
792 2
714 4
146 6
437 1
276 2
3 3
29 3
617 2
349 1
637 2
542 1
374 3
580 3
753 4
159 1
7 6
16 3
461 6
744 2
669 6
719 4
66 4
656 5
785 5
414 4
30 2
796 5
95 3
162 6
468 2
659 6
2 1
220 3
510 4
24 3
329 4
699 5
38 7
231 5
43 6
134 3
65 5
477 4
132 2
441 2
583 2
432 5
170 3
775 3
601 3
653 3
279 1
559 3
93 2
234 4
280 4
561 2
578 5
786 6
336 2
202 3
83 4
668 4
491 2
335 1
273 4
387 3
641 4
420 1
572 4
431 4
191 3
759 3
425 6
597 3
129 3
386 4
713 4
305 2
217 5
434 6
321 4
630 5
360 4
758 4
288 5
352 5
517 3
303 5
214 4
126 4
534 4
485 5
142 2
219 3
684 4
215 5
586 5
301 3
487 2
745 2
308 3
448 4
496 4
513 2
112 5
208 5
442 3
396 3
493 5
741 2
694 2
413 1
438 4
115 1
471 2
306 1
478 2
514 3
297 5
592 4
42 2
319 4
109 2
575 1
623 5
58 1
687 4
99 5
648 2
570 6
723 2
766 4
315 5
463 3
48 3
686 5
71 5
261 1
550 3
60 3
667 4
156 1
105 5
516 3
545 2
73 2
783 4
751 3
331 3
692 6
119 3
582 3
389 4
300 1
355 6
541 3
187 4
298 3
88 3
164 5
351 2
177 2
683 1
6 3
341 7
181 2
218 3
504 3
368 5
57 4
118 1
488 5
53 1
627 2
688 3
747 3
381 6
652 1
520 4
697 5
735 2
256 2
96 4
299 6
560 3
390 3
151 2
435 2
55 2
700 2
394 3
19 1
602 1
259 1
334 5
359 2
141 1
500 4
718 1
233 2
658 1
440 2
407 2
663 2
313 6
451 5
654 2
212 3
613 2
610 2
39 1
604 4
84 2
101 2
338 2
169 5
52 3
412 2
732 2
108 2
771 2
114 1
207 3
696 3
140 4
603 4
98 8
690 4
61 1
588 4
241 3
243 6
28 3
706 2
333 2
327 5
574 3
453 2
642 3
265 1
422 3
651 1
293 2
552 5
717 3
274 6
397 2
457 4
131 3
393 2
661 1
294 4
711 6
264 3
36 3
429 1
680 1
100 1
75 3
410 1
251 5
302 3
260 5
710 5
564 2
472 2
788 2
342 1
224 3
755 2
409 1
494 5
430 1
1 1
238 2
698 3
92 2
80 3
503 3
632 2
614 2
103 1
678 2
773 1
794 5
469 1
196 7
268 3
716 6
270 3
522 4
543 3
14 3
318 3
350 3
736 4
693 2
455 2
462 2
492 1
145 2
645 3
727 3
705 3
292 2
240 3
47 1
531 3
18 2
724 3
172 5
337 3
152 5
183 4
655 3
712 3
277 3
130 1
35 4
12 2
607 4
671 2
41 3
388 4
662 5
117 2
124 5
750 3
436 5
8 2
272 4
634 3
622 3
144 2
79 3
361 3
278 1
62 1
433 3
289 4
246 1
456 2
763 1
476 5
428 2
5 2
257 1
670 5
728 2
320 3
269 3
695 2
185 4
150 1
749 2
116 3
404 3
203 3
70 2
21 1
76 3
237 3
136 4
380 2
375 2
176 2
168 4
539 6
226 2
615 2
223 2
358 5
154 4
660 2
418 1
789 3
547 5
449 2
646 2
15 3
761 6
402 3
86 3
774 5
619 5
548 6
63 4
573 4
384 2
22 2
595 5
743 3
213 3
133 2
165 4
148 3
408 1
467 2
125 3
37 4
366 2
195 5
689 2
587 1
421 3
190 2
161 2
702 3
464 2
427 3
286 3
459 2
489 1
199 2
228 2
636 3
258 4
446 2
64 4
521 1
703 2
426 2
405 1
104 4
527 2
553 3
40 1
536 5
395 8
600 3
577 5
533 2
567 1
182 3
626 2
793 3
253 3
204 4
245 4
147 3
791 5
343 4
179 3
490 3
201 4
316 2
691 1
367 2
549 2
26 2
599 3
584 2
769 3
291 6
74 1
635 2
364 2
566 6
192 2
556 1
519 1
400 2
454 4
242 3
139 1
113 2
797 2
612 6
166 2
51 3
249 2
594 3
339 1
330 1
501 2
707 3
346 2
138 2
681 1
666 1
529 4
186 2
102 3
497 3
447 1
171 1
558 2
748 3
423 3
715 1
555 4
515 3
782 2
160 3
283 3
25 2
598 2
121 2
295 1
149 3
263 1
45 3
571 4
629 3
608 1
725 3
730 2
188 4
546 4
738 2
27 3
322 1
591 5
122 5
376 2
44 1
465 2
507 1
72 3
314 1
33 1
34 2
633 2
236 2
721 2
312 3
372 4
618 5
709 2
606 2
323 1
110 3
216 1
68 1
609 1
781 1
411 1
13 2
353 2
197 2
137 2
470 3
787 2
369 2
377 3
347 1
752 2
348 2
284 2
679 1
385 1
445 3
767 3
475 3
502 2
628 1
255 3
155 2
416 2
581 1
248 1
590 3
424 3
790 2
576 2
511 2
325 2
266 2
371 2
230 1
309 4
317 1
120 1
756 2
128 3
254 4
221 2
194 3
262 2
81 2
87 3
682 2
484 2
174 1
509 2
247 1
67 3
163 2
9 1
198 2
473 1
537 1
296 1
11 1
739 2
50 2
480 3
530 1
650 2
486 1
153 2
532 1
795 2
740 1
357 1
235 1
59 2
554 2
157 1
340 1
326 2
677 2
328 1
525 1
452 1
107 1
664 1
379 1
540 2
173 2
282 2
10 2
206 3
406 1
611 4
419 1
625 3
704 2
399 2
444 1
310 2
383 2
720 1
344 2
271 2
90 1
569 1
85 1
378 1
267 2
621 1
640 1
94 1
734 1
111 2
275 1
287 1
123 1
443 1
106 2
579 2
158 1
589 1
754 2
373 2
244 2
401 1
544 2
657 1
200 1
307 1
776 1
332 2
762 1
135 2
768 1
647 1
4 1
778 2
450 1
77 1
210 1
526 1
673 1
499 2
304 1
229 1
665 1
506 1
524 1
585 1
97 1
player: 14 Competitive
326 3
341 3
54 5
650 2
453 3
124 4
319 3
756 3
238 4
334 2
123 5
668 2
606 2
338 3
342 2
65 5
186 4
789 1
10 2
94 3
254 3
524 7
91 3
136 5
162 3
492 2
160 4
476 2
51 4
276 3
36 3
420 1
392 3
439 4
343 7
218 1
449 6
737 4
126 4
577 2
483 2
268 3
277 2
48 4
278 4
763 7
261 1
770 4
635 3
477 4
708 6
435 3
182 5
206 2
325 1
122 3
790 6
678 2
676 1
402 2
550 2
225 3
272 3
297 6
187 4
473 5
15 3
350 3
778 2
541 5
643 4
61 7
651 3
553 2
636 5
349 3
244 3
596 3
333 2
82 4
438 2
531 3
451 6
634 4
624 4
404 2
19 2
361 6
248 6
502 4
407 3
217 5
45 3
423 2
538 5
205 3
348 4
239 1
335 3
12 2
148 4
251 5
257 5
540 3
132 4
359 4
674 2
588 3
315 5
455 5
504 2
322 3
753 1
271 3
518 2
648 1
745 5
544 4
584 2
628 1
282 3
133 2
393 2
364 1
720 3
506 3
391 3
212 2
733 4
486 3
226 4
464 7
381 3
174 3
121 3
563 1
500 5
764 4
109 4
382 1
501 3
232 6
228 5
56 2
236 4
222 5
336 5
594 5
591 3
16 5
675 3
42 3
43 4
428 2
332 4
726 2
39 5
484 3
732 3
761 4
757 3
582 2
32 5
713 3
275 3
3 6
243 4
7 6
620 3
35 2
274 5
377 1
37 7
513 5
785 7
345 5
255 2
178 3
499 2
610 3
489 3
353 4
459 4
263 3
475 1
399 1
520 2
249 6
685 2
306 5
654 1
443 2
331 4
609 5
707 3
159 4
589 3
280 2
30 5
262 7
171 4
25 2
766 4
417 2
143 2
183 7
496 2
712 3
291 2
626 2
193 7
108 3
354 3
379 1
689 2
775 3
422 3
769 2
416 1
200 5
89 1
637 4
141 4
129 5
797 4
734 3
41 3
149 3
631 2
55 2
478 4
742 4
114 3
49 3
666 2
562 2
568 3
210 1
99 6
172 2
659 2
151 5
245 7
731 4
169 4
351 2
283 3
260 5
433 2
117 2
231 3
446 5
383 3
372 5
62 3
194 3
718 3
134 4
92 2
645 1
72 5
412 1
166 2
147 3
783 3
693 1
792 3
705 3
743 1
706 5
139 5
511 2
14 5
290 3
34 2
329 3
429 3
528 2
571 3
722 1
604 5
758 3
748 3
233 5
771 3
704 4
138 4
366 4
727 3
759 2
355 5
247 6
747 4
679 4
153 4
424 5
542 4
512 4
208 6
220 2
163 3
667 3
118 1
296 3
358 4
497 2
376 3
543 5
730 3
4 4
681 5
388 5
101 3
498 4
11 5
181 1
458 2
786 4
313 4
368 4
472 5
317 1
430 3
23 1
776 3
13 4
549 2
762 1
192 3
798 6
97 4
564 3
587 3
456 4
229 1
71 3
579 4
241 3
93 2
413 4
305 3
400 2
437 3
103 2
570 1
600 3
599 4
270 4
782 1
436 4
505 2
63 2
105 3
724 3
516 2
221 3
607 3
5 3
690 3
754 2
791 3
576 2
106 4
608 1
137 2
403 2
267 5
482 6
559 4
29 2
252 2
415 2
111 3
479 1
547 2
140 6
201 2
787 2
47 3
481 1
793 3
533 3
318 3
68 3
613 1
347 4
20 2
44 3
710 3
768 2
418 4
77 1
621 3
310 1
33 2
462 1
295 3
575 1
427 2
605 2
432 2
471 3
642 1
725 4
580 3
386 1
389 5
578 1
615 4
395 2
234 5
113 3
363 1
468 1
74 5
18 2
38 1
728 4
539 3
27 4
411 4
2 2
46 1
314 1
751 4
425 3
90 3
779 2
585 2
156 6
546 3
224 3
328 3
723 4
623 2
80 8
273 4
189 2
360 2
774 3
447 3
219 1
781 2
167 3
702 2
242 3
269 3
523 2
530 6
256 3
647 5
158 2
203 2
592 4
534 3
316 2
119 2
692 2
100 4
69 3
515 3
40 2
401 2
246 4
735 1
739 3
514 1
76 4
444 1
557 1
135 2
179 3
619 1
265 4
671 3
88 4
387 2
87 4
188 1
772 2
81 2
431 1
308 3
760 3
616 2
711 2
168 1
60 1
190 1
673 3
649 2
52 4
736 3
777 2
661 2
197 3
385 1
545 4
120 3
298 2
237 1
765 6
508 3
59 3
494 2
532 3
633 4
699 1
773 2
31 4
796 5
300 1
548 2
362 4
198 3
142 1
320 4
717 3
58 1
595 4
98 3
573 3
719 2
66 1
184 2
125 1
529 3
301 2
285 2
457 1
556 2
195 1
216 1
380 2
780 1
375 4
709 1
614 2
519 1
26 2
656 2
698 7
250 3
215 2
85 2
612 3
286 2
694 3
638 1
204 2
154 2
560 2
369 1
454 4
460 4
784 1
463 3
28 5
566 4
6 2
288 2
493 1
128 3
164 3
78 2
374 2
767 3
641 1
555 2
569 2
79 1
683 2
8 2
311 2
503 1
744 4
741 3
567 2
419 2
590 3
583 3
467 4
95 3
287 3
688 1
405 3
485 2
370 3
64 1
378 2
627 2
281 2
487 1
289 1
445 1
611 4
715 1
684 2
574 1
622 1
165 3
716 1
697 1
788 2
597 5
196 4
396 1
175 1
603 2
356 2
663 4
752 1
214 2
144 2
240 1
658 2
223 3
150 1
390 1
96 2
552 2
653 2
408 3
365 1
357 3
266 1
84 1
397 1
130 3
104 2
795 3
292 2
213 1
655 1
299 1
235 2
450 1
303 3
442 1
258 2
670 1
146 3
625 1
629 3
469 1
632 3
558 1
1 2
294 3
185 1
630 2
521 4
327 3
652 1
177 2
510 3
749 1
50 1
593 2
740 1
470 1
410 2
729 2
340 2
646 1
323 4
601 2
452 4
721 2
264 1
461 2
414 1
230 1
253 1
107 1
738 1
57 2
70 2
714 1
522 1
330 2
682 1
339 1
352 1
602 2
170 2
344 2
434 1
755 1
507 1
209 1
700 2
321 1
127 1
309 1
695 1
176 1
551 2
488 2
346 1
227 1
794 1
537 1
211 1
110 1
509 2
474 1
746 1
409 1
67 2
617 1
525 2
526 1
155 2
672 1
83 2
669 1
535 1
618 1
22 1
421 1
561 1
662 2
701 1
491 1
player: 3 Competitive
17 6
465 5
73 5
597 3
450 1
715 5
270 8
416 7
147 6
343 2
426 2
421 5
248 5
455 1
683 3
402 6
443 8
752 4
141 3
124 5
520 7
166 6
796 6
734 2
580 3
63 3
491 1
346 3
778 2
81 4
377 5
477 3
449 2
428 2
383 4
42 8
390 2
25 6
70 3
651 5
93 5
692 4
609 5
499 4
246 1
757 3
4 1
452 3
133 4
759 2
279 4
775 2
214 3
1 2
772 4
493 5
376 7
162 4
761 3
617 1
391 2
439 3
226 5
498 3
726 2
190 3
60 2
284 1
623 1
293 3
361 4
230 3
454 4
614 3
721 6
222 2
703 3
556 3
654 2
425 4
145 3
373 3
135 1
630 2
194 3
660 2
275 1
196 1
579 5
648 2
198 3
689 4
348 5
551 2
111 4
758 3
364 2
148 3
154 5
129 3
217 2
378 6
412 4
371 4
756 5
690 4
492 1
483 3
341 2
396 2
291 4
566 3
262 3
691 4
224 6
640 3
365 4
694 2
64 3
245 3
459 1
241 3
65 7
165 3
642 2
596 4
58 6
746 2
368 2
582 3
620 2
506 2
737 2
718 2
349 3
438 5
388 4
397 4
797 3
404 6
518 7
601 4
107 4
289 4
705 2
525 7
369 4
739 2
180 2
334 2
517 3
164 2
753 5
678 4
239 4
633 3
347 3
345 5
606 4
80 2
285 2
785 2
298 4
200 3
411 3
66 4
225 4
103 4
331 4
220 4
227 1
576 2
35 2
308 2
668 2
611 1
480 4
92 5
290 2
436 2
210 4
754 5
583 3
585 2
728 7
708 3
98 2
41 1
83 1
3 3
9 3
204 2
299 4
88 3
539 5
740 4
699 4
794 4
420 1
706 3
132 6
327 3
251 3
738 3
24 3
387 6
503 3
624 3
82 2
417 1
494 5
445 2
652 1
44 2
76 1
764 2
8 1
669 4
252 5
604 4
686 5
175 3
163 1
191 2
697 2
664 5
763 3
471 2
37 2
271 4
324 2
779 4
205 3
14 3
389 2
713 3
339 4
786 3
67 1
384 4
460 5
87 2
122 4
283 2
170 2
456 4
370 5
552 4
40 5
626 3
531 1
219 5
799 3
571 4
265 2
273 3
430 3
628 3
489 1
685 4
5 4
679 4
448 2
545 5
101 4
344 3
662 3
287 1
120 2
79 2
39 3
19 5
11 3
320 2
115 3
479 1
458 4
538 2
729 3
643 3
303 3
261 6
336 4
207 5
481 2
353 2
316 1
247 4
658 3
231 2
616 3
267 3
158 3
712 3
312 1
193 2
208 3
463 2
394 3
126 2
619 4
605 3
288 3
781 2
613 1
674 3
714 4
359 4
366 2
495 1
301 1
602 4
286 2
509 6
790 3
294 2
34 1
684 2
513 1
292 3
238 2
791 1
592 2
395 4
106 3
151 2
352 2
136 5
766 1
203 4
490 5
751 2
670 1
374 5
68 1
635 4
102 2
512 2
21 3
406 2
254 4
663 3
300 4
547 4
681 4
529 2
676 3
632 4
306 2
184 6
187 2
178 2
315 5
153 4
680 2
549 2
724 1
553 6
472 3
783 5
542 5
69 2
418 5
127 2
236 4
309 3
625 2
638 2
548 1
415 6
188 4
234 3
43 4
139 2
511 4
130 2
128 5
156 3
557 3
86 2
695 2
572 4
710 2
57 2
367 2
97 3
282 2
138 2
189 1
258 5
354 2
13 5
199 3
593 1
608 2
400 2
173 1
78 3
644 2
413 6
473 6
519 2
589 2
23 4
701 2
594 2
31 3
263 3
266 5
501 3
568 4
749 3
171 6
95 2
356 2
532 2
467 2
719 3
134 4
195 3
52 3
212 5
782 1
274 2
54 3
409 2
264 3
172 3
140 2
530 5
765 2
515 2
502 2
590 2
29 3
621 3
330 1
61 2
240 2
183 2
182 2
736 1
2 6
49 6
653 2
325 5
53 4
213 1
798 1
521 3
647 2
313 3
48 2
780 2
558 1
20 2
392 2
675 2
237 4
62 2
744 1
795 4
771 1
167 2
486 3
682 6
559 3
269 3
399 1
304 3
55 3
215 2
74 3
32 2
646 5
278 2
655 3
112 2
223 2
440 1
507 1
704 2
302 1
6 4
659 3
561 1
202 2
28 1
482 2
453 4
534 1
99 4
612 3
94 1
588 3
768 1
563 4
7 2
497 2
776 2
432 2
116 1
716 1
109 5
379 2
259 1
355 3
90 1
434 1
84 4
375 2
475 2
280 2
755 3
586 5
125 3
351 2
510 2
743 3
15 6
422 1
340 1
784 1
485 3
569 3
243 1
709 2
159 1
255 2
435 2
615 4
104 3
323 2
242 4
574 3
578 3
403 5
673 2
504 1
470 5
769 3
328 3
540 4
496 1
457 2
142 4
381 2
488 2
105 1
186 1
155 2
627 3
444 4
26 4
322 1
206 2
91 2
747 2
319 3
201 4
256 1
535 3
575 2
550 2
466 2
244 2
793 3
544 1
789 7
696 4
108 1
429 2
335 1
143 1
329 4
310 5
727 2
433 2
85 2
113 1
516 1
75 5
146 1
773 1
573 1
554 1
216 3
792 2
385 1
150 1
72 3
639 3
410 2
337 2
645 3
591 3
543 4
168 1
732 2
268 2
500 3
12 3
598 3
537 2
228 3
587 2
742 1
157 3
698 2
733 2
622 2
149 2
431 2
307 3
677 2
169 1
656 2
414 2
735 1
89 3
71 3
636 2
38 1
350 4
209 2
16 1
688 4
362 1
584 1
707 1
114 4
762 3
474 1
423 2
33 2
281 2
30 2
305 2
137 2
634 3
131 2
725 3
657 2
462 2
119 2
788 1
451 3
717 2
523 2
666 1
229 2
160 2
360 2
386 1
218 1
233 2
672 2
249 2
607 2
144 1
253 2
508 5
185 1
702 2
469 2
476 2
730 1
424 2
110 1
665 1
321 2
731 1
687 2
700 1
555 2
405 1
56 2
581 2
723 3
468 3
536 2
649 1
741 2
117 1
564 2
641 1
437 3
192 1
317 1
51 2
787 1
505 3
197 2
372 2
618 1
667 1
484 1
59 2
277 2
100 2
407 2
326 1
774 2
380 1
447 1
297 1
177 1
464 2
770 1
514 1
599 2
777 1
50 1
342 1
446 2
398 2
533 1
562 1
18 1
637 1
527 1
442 1
295 1
720 1
161 1
526 1
750 1
671 1
257 1
363 1
487 1
player: 7 Competitive
351 5
134 2
645 3
407 1
325 2
63 5
479 3
502 4
78 3
153 1
666 6
694 3
381 2
720 1
280 2
28 4
174 2
686 5
638 1
385 2
80 6
509 5
594 6
598 2
40 6
620 2
659 1
516 5
748 7
416 2
668 1
395 2
23 3
601 3
579 3
558 4
91 5
597 6
224 3
393 4
670 3
72 2
712 7
530 4
734 5
657 5
658 3
209 3
552 2
155 3
57 3
225 2
177 3
125 3
383 4
624 1
66 3
595 2
159 3
334 3
533 4
391 3
340 3
411 5
680 3
255 4
418 4
669 1
220 5
322 2
273 3
263 3
402 2
617 2
551 1
141 4
440 2
523 3
360 2
571 3
14 5
24 5
296 4
104 2
651 5
47 2
382 4
206 5
165 3
292 2
771 4
129 2
115 2
303 2
495 3
550 5
124 2
762 5
363 3
725 4
254 5
459 5
227 3
506 4
698 1
236 4
632 4
238 1
588 1
443 3
650 2
634 2
727 6
731 4
281 3
463 1
591 2
213 3
145 4
437 3
318 3
169 6
188 3
619 3
132 3
103 2
285 7
71 6
730 4
312 3
677 4
218 4
481 1
51 4
754 2
305 1
604 3
297 3
413 4
22 4
316 2
34 4
521 2
664 2
272 8
13 1
290 4
637 3
630 4
439 4
16 2
265 2
409 4
639 6
622 4
448 2
631 2
10 2
575 5
88 5
79 3
126 4
282 2
525 5
15 10
524 3
205 4
298 1
180 2
25 2
683 4
82 4
684 2
53 4
458 3
112 4
365 3
248 4
107 3
143 1
562 4
168 4
535 1
496 3
329 3
519 2
64 1
4 3
196 4
186 5
716 2
623 6
433 3
366 4
136 2
223 2
570 3
243 2
39 4
602 3
616 3
56 1
133 3
390 1
267 4
584 2
467 4
147 2
118 2
404 2
276 3
612 4
476 3
138 2
347 3
261 2
531 3
671 5
403 2
120 3
216 8
507 2
703 4
449 5
349 4
96 2
386 3
539 2
432 3
554 3
65 2
251 3
179 1
321 6
38 3
338 3
431 1
599 3
344 3
156 3
328 4
715 4
769 1
157 5
789 5
293 1
721 4
258 3
791 3
20 4
300 2
492 3
12 4
309 5
782 1
566 4
98 5
11 1
647 2
241 3
643 2
520 3
629 3
83 1
747 5
498 2
714 3
542 3
478 2
593 7
195 1
738 5
494 2
162 3
355 2
27 1
701 2
615 2
185 1
150 6
345 3
541 4
339 3
190 1
665 2
122 1
289 3
119 2
399 2
537 3
462 6
419 1
274 3
92 4
784 4
331 4
231 4
172 4
283 5
704 4
343 4
142 1
389 1
197 2
717 1
587 2
260 2
767 4
33 3
203 5
139 1
423 3
608 2
375 1
170 5
654 3
563 1
154 4
102 3
215 2
628 3
611 4
30 3
761 3
294 2
605 2
505 5
286 1
242 3
508 2
540 4
160 2
46 3
253 2
228 1
724 5
447 1
68 2
749 3
607 2
239 1
204 5
350 1
685 4
171 1
379 4
780 3
560 1
652 2
256 2
572 2
567 3
352 4
246 5
357 1
446 4
491 5
99 2
444 4
543 4
674 3
512 5
468 6
348 4
359 1
442 3
199 2
450 6
774 5
269 6
277 3
408 4
528 3
304 4
788 1
499 4
90 5
526 2
229 2
307 4
94 3
249 3
745 5
397 4
291 2
513 4
247 2
766 3
266 4
217 3
378 4
682 2
729 1
580 3
736 1
796 4
60 1
518 2
384 4
488 2
110 4
183 2
692 2
477 3
137 1
515 4
722 2
474 3
362 3
452 2
797 2
67 3
646 3
737 2
327 3
425 1
772 2
233 1
702 1
574 4
785 7
111 2
751 1
793 6
212 4
503 4
319 2
469 4
320 2
123 1
278 5
763 2
678 1
786 4
627 3
235 2
163 3
295 1
794 3
324 2
456 2
653 4
545 3
315 4
161 3
310 4
497 3
672 1
795 1
695 3
415 6
583 3
436 1
600 1
259 3
603 3
87 4
696 2
146 1
493 3
85 5
210 3
662 4
353 1
625 2
74 1
244 3
649 2
55 2
35 4
760 2
262 2
167 3
564 2
376 4
369 2
735 1
454 3
59 4
367 3
335 1
149 4
757 1
114 3
750 3
135 3
642 6
37 3
341 2
517 2
370 3
485 3
536 2
426 2
764 2
739 2
151 1
706 4
311 3
232 3
555 2
113 3
412 2
252 4
700 5
713 1
755 1
93 1
100 2
778 3
573 4
732 4
589 1
7 2
17 3
178 2
422 3
207 3
414 1
690 3
21 1
208 1
401 3
288 4
504 2
368 3
306 2
656 3
342 1
326 1
746 1
640 1
314 5
69 1
31 2
773 2
500 3
577 2
337 1
719 3
582 6
483 1
776 2
336 3
565 2
606 3
756 2
29 2
548 1
26 5
148 2
470 1
770 1
667 4
75 3
95 2
557 1
758 3
430 3
392 1
173 2
465 3
264 2
81 5
36 1
48 1
184 2
464 4
660 5
709 4
435 1
723 3
592 4
691 2
237 2
193 2
775 2
699 2
559 2
547 2
250 3
556 2
740 2
187 2
58 3
302 2
166 2
279 2
529 3
299 1
553 6
268 2
586 3
438 1
768 3
621 1
245 1
610 1
726 1
428 3
211 2
489 1
534 1
144 3
743 1
484 1
377 6
41 1
783 2
323 1
198 2
790 1
578 4
681 3
473 3
176 2
486 3
514 3
387 2
613 2
799 2
346 3
445 3
76 4
284 3
52 1
192 2
270 1
108 3
471 2
451 3
480 1
116 1
44 3
798 3
8 3
32 1
501 1
364 2
532 5
200 3
130 1
214 2
705 1
614 2
644 1
257 4
405 3
482 2
374 2
777 3
461 2
317 2
741 1
693 2
371 2
109 1
475 2
779 2
568 1
97 2
372 2
661 2
219 2
522 2
175 2
759 1
752 1
18 3
287 1
490 3
417 3
194 1
181 1
707 2
54 2
61 3
527 1
230 1
510 1
182 1
676 1
131 3
332 2
472 4
202 2
191 1
546 2
663 1
313 2
354 2
5 2
679 2
427 1
189 2
787 2
396 1
697 1
618 2
333 1
373 2
455 1
117 1
728 3
487 1
687 1
201 2
718 1
544 2
466 3
675 1
62 1
420 1
410 3
2 2
361 2
358 1
569 1
581 1
140 1
226 2
424 1
330 1
86 1
221 1
19 1
453 1
84 1
9 1
635 1
1 1
609 1
164 1
105 1
673 1
406 1
6 1
128 1
636 1
player: 4 Competitive
703 3
378 5
796 4
618 2
449 4
292 2
83 6
193 5
287 5
777 2
635 1
477 8
247 2
434 3
729 2
5 2
763 4
170 5
690 2
368 7
4 2
775 5
460 3
276 4
461 1
340 6
771 2
788 2
767 5
667 4
321 2
416 2
269 2
145 3
772 2
62 4
35 5
54 6
761 3
656 1
116 1
265 3
575 5
397 2
319 7
335 6
628 3
664 4
176 4
163 4
433 3
85 2
210 3
282 3
521 4
579 4
444 5
144 1
7 3
489 4
724 2
632 5
324 2
105 5
153 1
697 8
520 3
234 5
535 1
559 3
13 3
698 4
610 6
387 3
19 2
458 4
275 2
18 3
296 4
723 1
485 6
165 2
602 3
500 3
752 2
89 7
662 2
484 1
510 3
539 6
17 2
403 2
427 2
621 1
23 1
197 2
631 5
506 4
343 3
115 3
389 1
619 3
198 1
732 3
102 4
518 6
242 3
362 4
367 2
123 5
472 2
328 3
464 5
479 2
382 4
355 2
499 6
659 2
233 2
673 6
731 4
402 4
352 5
660 2
677 3
364 4
220 3
112 2
22 4
672 4
544 7
564 3
180 3
391 1
755 6
148 1
637 3
86 3
589 1
376 2
661 2
212 3
127 3
57 4
743 1
554 7
707 1
526 5
792 5
136 6
744 3
49 3
406 5
122 3
527 2
177 2
413 2
65 3
608 5
553 4
252 2
277 1
383 1
780 3
493 5
377 1
495 2
359 1
288 2
401 5
781 2
93 1
155 2
125 2
90 1
676 2
172 2
596 4
497 4
336 3
182 1
629 1
758 4
329 2
591 3
655 2
302 5
330 1
652 4
611 2
581 1
534 5
431 3
588 4
678 2
235 2
206 1
228 4
747 3
231 2
342 3
583 4
710 3
113 3
419 1
284 3
293 2
283 5
481 5
26 4
191 3
712 2
223 1
404 1
650 3
730 4
9 2
246 4
208 5
533 2
668 4
582 1
706 4
685 6
567 2
759 5
360 2
451 3
720 6
29 3
548 3
686 3
455 2
96 2
380 4
253 3
128 3
38 2
189 2
71 1
411 4
783 2
156 4
147 2
734 5
46 5
52 5
415 3
463 2
555 5
746 5
130 2
797 1
541 1
111 2
166 2
429 3
502 4
453 2
492 1
572 5
63 3
331 3
219 1
407 5
309 1
784 2
683 5
563 3
326 4
546 2
164 5
186 7
669 3
241 3
150 8
691 3
151 4
795 7
270 4
648 2
501 1
187 4
647 4
51 3
32 1
557 1
624 4
169 3
140 3
58 3
617 3
358 2
28 4
308 2
418 3
204 5
238 3
543 2
620 1
285 4
488 3
381 3
393 5
470 6
478 3
258 2
37 4
447 2
91 1
84 4
614 5
653 3
154 4
222 3
585 3
385 2
357 3
646 6
435 3
738 3
448 2
603 3
167 4
159 2
482 4
16 1
80 1
209 7
160 3
736 1
196 2
217 3
272 4
566 4
714 3
699 3
188 4
280 3
294 5
680 1
749 5
768 1
657 3
15 4
764 3
570 3
508 2
88 3
201 5
599 1
552 2
525 3
649 5
152 5
748 3
351 1
625 4
609 2
514 2
754 5
248 2
300 5
59 1
597 2
142 2
480 6
436 3
760 1
353 6
398 3
281 3
249 5
79 2
439 2
11 4
504 2
762 2
523 1
400 2
289 2
295 3
338 4
161 4
465 3
565 4
290 4
146 3
82 2
77 4
751 1
399 4
306 5
607 3
237 3
205 3
318 2
638 3
613 5
512 4
370 5
705 4
561 6
40 1
386 1
438 2
70 3
14 2
27 3
157 1
218 4
56 1
388 3
773 3
496 3
641 5
369 2
299 2
430 4
663 1
728 2
363 2
498 2
651 2
409 2
178 3
211 2
141 5
798 1
452 4
25 2
457 2
713 3
143 6
98 4
562 6
745 4
30 4
213 1
297 4
616 2
695 3
524 3
226 2
450 4
537 1
666 3
790 3
577 4
372 3
507 3
92 2
604 3
110 3
733 4
20 3
741 2
633 1
779 2
428 3
425 3
422 1
45 2
665 1
120 1
503 3
782 4
412 1
346 3
379 6
101 2
41 2
462 3
139 4
658 1
569 5
405 6
55 3
1 1
183 2
711 3
627 2
769 4
72 3
550 2
709 2
138 3
469 2
99 2
516 2
757 1
584 1
682 2
44 3
100 3
317 2
257 4
440 3
261 3
195 2
592 4
250 5
75 2
190 3
375 2
114 1
2 1
78 2
770 1
349 2
230 2
640 5
137 1
704 4
371 3
606 2
634 4
256 5
459 3
573 3
513 3
643 1
53 5
323 2
437 1
266 2
184 2
568 3
344 1
601 4
366 2
426 3
538 3
203 1
486 2
443 3
605 2
642 2
43 6
315 2
227 4
576 2
279 1
119 1
134 3
232 2
718 2
240 4
333 1
454 4
574 1
60 2
394 3
312 3
408 3
793 4
421 1
42 1
432 3
267 3
737 1
162 1
490 2
50 2
94 2
684 1
505 4
10 1
701 4
540 2
675 2
131 2
623 1
700 2
549 1
722 1
132 1
236 1
173 2
174 3
303 4
33 2
595 1
255 4
97 2
593 2
519 1
347 3
679 2
73 1
260 4
789 2
468 1
48 3
696 2
207 3
531 1
766 2
420 3
175 1
626 4
107 1
313 1
239 4
688 1
356 1
192 5
630 1
354 2
168 1
785 5
74 1
587 4
104 2
694 1
225 3
530 2
715 2
109 1
693 1
124 3
395 3
654 1
726 2
3 3
742 1
87 3
776 1
717 3
271 2
674 4
456 2
545 2
689 4
202 3
199 1
423 2
474 2
325 2
681 2
291 1
636 2
475 1
66 3
61 1
95 1
126 1
12 2
244 1
67 2
307 2
36 2
600 3
274 1
671 3
612 1
639 1
361 2
273 1
740 2
345 1
558 1
692 1
727 4
117 1
179 1
337 1
103 1
374 2
214 1
129 2
200 1
310 2
753 1
305 4
580 3
221 1
39 2
528 1
560 1
392 1
341 2
69 2
594 2
410 2
473 1
224 1
350 1
24 1
786 2
314 1
6 2
551 1
787 1
322 2
262 2
547 1
251 1
417 1
708 2
578 1
750 2
615 1
571 1
373 2
327 2
81 1
316 1
332 1
194 2
739 3
118 1
181 2
298 1
487 1
494 1
229 3
414 1
467 1
243 1
64 1
264 2
76 1
108 1
424 1
149 1
542 1
756 1
670 1
31 1
171 1
687 1
529 1
590 1
735 1
466 1
445 1
791 1
259 1
player: 1 Competitive
717 4
512 2
540 5
397 2
223 3
367 3
26 5
754 4
51 3
734 4
331 4
360 1
271 2
616 1
100 2
216 1
558 4
283 4
563 3
516 2
775 2
478 3
132 4
490 7
624 3
297 6
605 2
256 2
287 5
537 3
16 1
625 4
634 3
193 1
92 3
399 2
324 1
798 1
327 2
233 4
107 2
244 4
25 3
472 8
146 3
538 2
145 3
428 4
581 5
527 4
592 5
522 4
479 2
200 6
23 2
386 2
69 2
720 2
491 4
241 1
608 3
334 5
362 4
330 3
751 11
407 4
779 2
656 2
378 3
736 3
795 2
111 3
326 4
765 2
152 4
6 4
65 5
76 1
84 2
90 4
391 1
370 3
451 3
41 6
325 2
43 6
644 3
355 4
368 4
122 6
293 5
9 2
668 4
117 2
640 2
515 3
655 4
110 5
542 3
118 1
638 6
476 4
661 3
648 2
713 1
458 4
744 3
793 6
733 2
160 1
91 5
321 2
489 2
539 5
142 3
706 5
609 2
34 2
646 4
794 3
495 8
582 2
353 1
599 2
504 4
593 2
258 2
662 6
67 2
469 2
587 2
465 3
277 2
267 2
342 7
262 5
771 3
212 6
285 2
745 6
153 3
735 1
497 1
149 2
721 2
62 3
699 3
636 3
336 5
191 2
172 6
123 5
312 3
723 3
617 4
445 7
218 4
506 4
183 3
82 1
308 5
313 2
690 1
323 4
797 4
83 4
358 2
211 2
45 4
579 3
128 2
611 4
777 2
590 4
621 2
261 6
363 5
627 1
81 2
586 3
601 5
788 4
570 4
58 6
390 4
719 4
707 2
480 3
21 2
683 3
557 2
192 1
500 6
437 6
511 2
222 4
768 4
498 1
454 1
73 1
75 2
680 3
171 2
772 6
764 4
443 5
239 1
156 2
583 9
573 2
364 2
473 3
158 5
455 2
671 2
578 6
799 2
384 3
105 4
591 5
463 4
162 4
462 2
698 2
382 4
64 2
585 1
444 3
197 3
263 5
328 2
80 2
253 3
718 4
687 2
714 4
247 2
305 3
492 2
282 3
665 1
274 1
93 4
657 7
301 1
37 6
769 8
705 1
637 4
154 4
517 4
104 3
626 2
441 2
44 4
421 4
711 1
715 3
460 2
729 2
562 5
227 3
352 3
546 1
496 3
348 2
595 5
484 2
569 3
759 2
333 4
18 4
387 3
725 5
487 7
436 1
688 4
632 1
695 3
555 4
456 3
279 5
675 1
294 4
409 5
369 3
190 2
252 3
418 4
344 3
5 2
403 3
544 2
633 2
408 4
778 2
615 4
281 6
700 2
99 4
309 2
792 4
415 2
195 3
339 3
87 2
357 2
255 1
381 3
275 4
184 2
269 2
11 4
412 2
150 3
74 1
235 4
112 3
474 2
248 4
471 3
55 4
70 2
245 5
682 3
402 6
143 4
431 6
526 2
161 3
710 2
229 3
505 5
677 3
528 2
692 7
242 3
532 3
205 2
603 4
131 4
389 10
762 1
620 2
774 3
49 3
780 2
486 3
259 8
684 6
52 1
392 4
452 2
177 2
689 3
565 1
554 3
46 3
182 5
773 1
28 3
270 4
726 1
78 5
712 5
7 3
724 3
306 3
763 3
753 6
669 3
628 1
56 2
302 1
404 2
401 1
254 1
545 1
618 2
551 3
30 2
22 3
206 5
164 2
276 4
59 3
727 4
119 6
225 3
40 4
663 3
238 4
660 5
232 4
737 4
425 2
722 3
396 2
280 3
477 4
588 1
746 1
120 3
203 4
243 2
730 1
482 4
630 4
167 3
702 3
338 3
204 4
757 2
416 2
549 2
614 1
761 2
525 3
438 1
166 2
185 1
749 3
29 4
427 2
299 3
691 3
493 1
304 3
165 4
68 4
249 3
750 3
741 3
786 1
641 2
310 2
739 3
560 2
303 2
685 3
140 3
349 3
501 2
642 2
365 4
464 3
686 3
755 4
519 4
47 4
220 2
606 1
318 4
728 5
652 3
704 4
347 3
315 3
115 2
291 4
19 2
79 3
485 3
109 1
457 2
219 4
612 3
461 3
709 2
96 1
340 2
335 3
716 2
372 4
66 5
693 1
228 1
316 2
157 2
272 2
509 2
135 1
147 5
351 3
14 1
240 1
210 4
356 3
781 4
760 3
383 2
658 2
133 5
475 1
459 2
103 5
314 2
400 1
466 5
791 3
743 4
273 3
448 2
106 3
250 3
260 3
376 2
580 3
231 2
790 5
198 2
296 1
559 1
770 1
659 1
31 3
548 2
317 1
510 3
121 3
298 3
20 1
784 2
756 1
2 3
141 4
556 3
48 1
420 3
430 3
494 3
701 3
568 4
179 2
681 2
234 3
410 2
513 5
447 3
647 2
221 3
101 3
108 1
785 3
571 3
286 3
155 2
95 1
1 2
673 2
536 2
345 3
94 3
503 2
169 2
433 2
139 3
137 4
514 1
654 4
574 2
483 2
24 2
366 3
442 2
552 4
77 3
189 3
224 1
439 1
343 3
432 1
664 1
776 3
589 3
564 4
341 1
322 3
180 2
674 1
488 3
186 3
246 1
173 1
88 1
319 1
645 3
350 1
134 1
499 3
424 1
758 2
175 2
178 1
547 4
742 2
136 3
672 2
467 1
196 2
667 4
35 2
214 1
678 2
708 3
449 1
188 3
649 1
703 2
598 2
373 1
434 2
292 4
332 1
508 3
423 4
194 2
230 4
572 1
550 3
116 2
176 1
530 1
61 2
86 3
622 1
266 4
201 1
127 4
311 1
251 1
320 2
237 1
507 3
567 1
440 2
752 1
576 1
766 1
265 1
329 3
374 1
125 2
643 1
199 2
187 2
395 2
594 2
375 2
435 4
377 3
63 1
610 3
288 1
613 2
481 2
732 3
39 1
129 3
290 1
422 2
446 2
113 2
32 1
521 2
596 2
502 3
535 2
419 2
97 1
60 1
126 2
523 1
236 2
17 2
541 1
385 1
796 1
174 3
163 1
566 2
300 1
151 1
27 1
748 1
71 3
33 1
38 1
278 2
584 1
531 1
10 1
371 1
289 1
15 1
619 2
417 1
379 1
533 2
607 1
53 4
650 3
651 2
337 1
561 1
740 1
394 1
388 2
787 1
411 1
181 1
676 1
89 1
102 1
361 1
54 1
354 1
602 1
208 2
307 1
679 1
553 1
450 1
767 1
413 1
player: 12 Competitive
152 2
34 2
167 4
361 4
474 4
657 3
725 4
401 4
777 2
225 4
608 3
649 1
379 5
263 1
775 5
357 4
634 2
187 1
282 4
589 6
510 4
251 4
208 7
190 3
351 4
176 3
259 4
102 2
172 3
157 2
561 3
675 6
700 3
765 5
294 3
513 4
234 6
427 4
214 4
304 5
184 4
248 4
61 4
458 3
72 1
131 2
798 1
338 2
590 6
291 3
210 3
692 4
576 7
314 2
20 3
224 3
312 4
717 4
424 3
494 4
276 4
552 4
309 5
710 1
181 3
260 6
704 2
343 2
751 4
402 9
501 3
620 3
664 2
436 2
211 4
325 3
750 6
588 1
398 3
679 4
117 3
484 5
284 3
153 4
3 4
321 3
253 3
507 4
727 5
244 4
573 3
116 2
200 1
663 3
544 4
240 2
696 5
4 5
726 5
503 5
512 2
444 4
80 4
624 5
135 1
273 6
370 4
521 3
2 1
383 8
362 1
744 1
463 5
520 1
101 3
71 4
771 4
368 1
693 5
414 4
539 4
86 1
537 2
192 1
52 2
163 7
302 4
78 5
217 3
53 5
615 9
577 6
529 3
623 1
694 3
285 1
168 3
728 6
651 4
156 6
439 3
774 1
596 5
770 3
563 4
672 3
500 3
416 2
65 6
574 3
232 3
585 2
535 4
329 3
114 3
451 4
452 2
761 1
166 3
426 4
716 3
408 3
705 5
173 1
348 2
70 3
429 1
403 3
642 2
479 4
432 2
698 2
33 1
565 3
32 2
625 3
376 1
723 4
283 2
747 4
128 4
785 2
278 3
787 6
681 1
195 3
238 6
396 4
618 1
75 7
384 3
212 5
11 5
516 2
790 4
538 4
587 2
443 5
290 1
781 1
216 4
79 3
205 2
265 3
236 3
763 2
15 5
502 4
257 1
47 4
677 4
223 3
6 3
786 2
267 4
355 4
438 4
136 2
303 1
371 6
243 5
45 4
334 3
793 3
346 3
428 2
447 7
350 2
746 3
183 4
739 5
28 2
569 3
412 6
120 2
511 4
628 3
197 4
134 2
298 1
562 5
76 3
299 5
650 2
586 3
645 1
105 2
481 4
709 4
754 5
277 3
430 2
524 2
553 3
527 3
731 3
517 5
118 3
522 1
322 5
598 1
730 1
614 3
88 3
73 4
158 4
247 3
491 4
113 2
353 2
526 1
567 1
768 4
784 4
363 2
83 3
493 2
207 4
268 2
584 2
30 1
51 4
286 2
616 3
778 1
759 2
220 4
201 4
555 2
713 2
697 1
593 1
115 3
532 3
100 3
475 5
395 4
448 5
764 4
174 3
381 3
514 4
55 2
288 2
144 6
336 5
289 4
202 2
249 4
366 5
246 2
364 5
662 3
43 4
673 4
108 4
607 2
505 2
515 3
164 3
324 4
638 4
486 4
437 2
431 3
107 4
25 1
734 2
341 2
161 3
407 2
333 1
735 2
228 5
541 1
13 3
566 4
308 4
365 5
125 7
46 2
715 3
658 4
640 2
476 2
473 4
405 2
40 3
124 4
477 2
81 2
549 5
641 3
281 2
721 3
558 5
652 2
755 6
440 2
685 2
796 2
160 2
482 1
37 2
90 4
582 3
242 4
490 3
630 2
386 1
103 3
450 5
378 2
182 6
21 2
599 4
352 2
393 4
185 1
542 5
631 2
264 1
328 1
145 4
714 3
305 3
57 2
213 2
671 1
313 2
506 3
92 5
415 2
564 4
315 2
708 4
766 4
44 5
129 1
340 3
255 1
467 4
127 4
797 2
372 4
387 4
165 1
610 3
554 3
609 2
194 4
780 1
394 2
504 5
16 1
748 3
67 2
138 2
269 5
457 2
454 1
568 4
627 7
540 2
98 3
546 3
178 4
22 5
175 4
635 2
792 3
632 2
485 3
111 2
60 8
69 3
773 1
326 5
119 2
468 2
749 1
701 1
579 2
545 4
241 3
94 2
24 4
699 4
296 2
19 2
140 4
306 3
422 2
349 2
358 2
26 3
155 1
237 1
373 1
760 3
791 2
605 1
776 2
483 5
496 1
121 2
122 1
722 2
737 3
666 2
356 4
188 4
480 5
523 3
702 2
14 2
227 2
10 2
612 3
301 3
400 1
684 4
318 3
626 3
528 2
678 3
316 1
740 4
738 2
146 1
423 1
295 2
434 7
487 3
655 2
280 2
404 4
682 3
779 3
668 1
18 4
139 1
391 5
646 2
300 3
389 1
420 3
604 1
687 2
783 2
239 1
332 1
360 1
279 3
495 1
110 2
151 5
591 3
330 5
583 1
660 2
478 3
659 3
782 2
297 2
606 2
133 2
199 2
231 1
533 4
337 3
209 1
707 3
788 3
261 2
419 1
733 1
266 2
456 2
104 2
84 2
77 3
575 2
795 1
191 2
171 2
688 5
179 2
648 1
29 4
219 2
74 2
292 2
23 3
49 1
686 3
397 3
87 4
547 4
150 2
647 3
62 4
633 2
718 2
536 2
559 3
442 2
519 3
42 2
644 4
36 3
602 2
27 2
670 2
425 5
374 2
59 2
258 4
222 3
695 1
676 4
256 1
97 2
359 1
619 1
41 2
85 2
39 2
732 2
455 4
665 2
534 2
418 1
525 1
453 3
323 3
741 1
307 1
148 1
637 2
250 1
226 2
752 2
580 2
335 1
571 2
186 1
274 2
7 2
206 3
753 1
169 1
556 1
661 1
5 2
331 2
459 1
9 1
68 4
470 1
683 2
409 2
543 2
8 1
317 2
550 2
465 1
572 2
622 1
142 2
509 3
235 1
433 2
724 2
159 2
380 3
719 2
109 1
464 1
703 1
745 2
96 1
736 1
320 1
198 2
492 2
354 1
570 3
319 1
106 2
742 4
691 1
469 2
653 1
126 1
270 1
233 2
287 1
254 3
667 1
56 3
17 1
413 2
557 1
1 1
385 4
339 1
674 1
221 3
613 1
639 1
275 1
91 1
460 1
497 1
12 2
421 2
347 2
743 3
189 2
654 3
417 1
271 2
643 1
367 1
93 1
629 1
757 2
342 1
48 1
66 1
382 2
471 2
498 1
215 1
762 2
611 1
578 1
592 1
377 1
293 1
462 1
689 1
758 1
508 1
399 2
132 1
38 2
344 3
600 1
769 1
690 1
369 1
99 1
149 2
50 1
410 1
729 1
35 1
388 1
245 1
617 2
154 1
411 1
603 1
196 2
594 1
499 1
560 1
595 1
488 1
204 1
531 1
445 1
406 1
130 1
147 1
252 1
230 1
311 1
player: 15 Competitive
314 2
280 2
525 1
212 2
413 6
29 5
90 4
144 2
110 4
257 2
778 3
650 4
228 3
159 2
681 4
52 3
538 3
220 5
764 5
218 6
751 3
136 3
124 3
649 4
614 3
555 2
419 1
488 4
433 2
209 4
732 2
339 2
260 4
101 2
290 6
754 2
61 4
282 5
354 2
580 6
592 3
36 3
215 4
332 1
734 4
253 1
152 2
202 1
464 3
303 1
757 2
123 6
137 3
668 2
129 2
428 3
175 3
638 2
378 4
347 6
408 5
148 6
739 2
285 2
39 4
548 2
297 3
468 4
395 4
722 4
577 4
587 4
494 4
521 3
4 1
154 3
692 3
69 3
99 3
132 4
439 8
441 2
246 2
787 4
53 4
241 2
442 4
141 5
452 2
655 2
761 2
785 5
116 3
272 3
138 1
763 3
690 2
677 5
784 1
335 7
327 7
710 2
500 3
697 4
50 7
629 4
31 2
193 3
543 5
553 4
643 2
179 1
705 1
40 4
596 3
409 5
656 1
307 2
434 5
607 2
411 2
57 1
247 3
624 4
602 5
223 3
661 3
477 3
396 4
474 2
331 3
542 3
89 5
484 2
47 1
615 2
108 2
333 4
375 4
139 4
361 2
551 3
6 6
67 2
585 2
54 3
520 2
299 3
8 2
286 2
275 4
482 3
336 2
142 4
798 6
675 5
603 4
135 4
224 4
293 3
216 4
593 1
745 4
283 4
746 4
151 3
34 3
240 3
103 3
153 3
147 4
673 2
271 7
418 1
693 5
665 3
617 2
249 2
236 2
338 3
28 2
663 5
300 3
245 2
113 2
676 5
168 2
276 2
744 3
588 3
505 7
590 3
270 3
20 4
796 8
631 2
155 2
726 3
194 3
268 2
351 4
612 4
294 3
498 3
126 1
383 6
797 3
1 1
301 5
127 2
760 4
83 3
203 1
790 4
400 3
684 3
279 2
686 1
467 3
75 3
273 4
231 2
180 3
509 2
715 5
669 4
619 4
167 4
348 3
570 2
480 1
344 7
5 3
608 2
451 6
752 1
388 3
199 4
680 4
131 4
198 2
470 1
574 3
386 5
703 2
527 1
728 4
458 2
519 6
610 5
221 3
789 4
595 5
403 1
515 3
432 4
706 2
337 1
695 4
499 2
781 2
2 5
258 3
664 1
727 2
264 3
657 3
632 3
696 6
461 3
44 2
49 2
37 6
742 2
46 4
288 2
261 3
93 4
398 2
792 3
648 3
317 4
707 3
111 2
678 3
508 2
51 4
454 2
700 2
645 2
252 3
741 3
225 2
475 1
56 4
729 1
653 1
523 3
518 5
330 3
186 4
563 1
791 2
242 3
776 5
19 3
424 3
755 2
204 1
738 1
788 2
616 4
698 3
512 3
636 6
437 2
609 3
455 1
435 5
795 1
251 1
107 4
169 4
161 2
641 3
128 3
362 4
384 2
794 2
77 4
600 4
450 7
559 4
564 1
691 2
534 1
457 6
321 7
295 2
394 3
9 1
21 4
446 4
466 3
414 2
373 4
211 3
85 4
234 3
309 6
42 3
313 3
562 5
469 5
422 3
449 2
33 2
310 4
485 5
606 2
389 4
86 2
625 1
71 2
171 3
105 3
372 7
356 2
305 4
355 6
370 3
459 2
78 3
255 3
598 3
95 3
415 5
227 2
97 3
516 2
277 2
575 2
188 5
724 1
730 7
465 4
633 2
490 3
646 2
92 1
444 3
671 1
64 2
243 4
182 5
426 3
581 2
183 3
566 3
120 5
239 2
184 2
558 3
582 4
502 6
24 1
635 4
98 4
190 2
647 3
156 1
166 3
535 2
471 3
578 2
367 4
88 2
642 1
306 3
651 5
486 4
121 1
27 3
222 3
318 1
377 5
713 1
41 1
353 4
200 4
583 4
496 3
473 3
672 3
125 3
404 3
453 2
777 3
401 5
524 3
406 2
417 2
96 4
380 1
208 4
112 2
768 6
421 3
440 1
584 2
16 5
407 3
263 3
379 1
76 3
350 2
334 1
192 3
779 3
304 2
539 1
45 3
343 1
701 3
214 3
775 3
210 1
43 6
133 2
292 2
158 2
323 2
495 2
298 4
783 2
35 4
472 1
109 3
594 5
376 2
405 4
238 2
22 1
233 2
750 2
244 1
256 2
481 2
618 3
549 1
217 2
172 2
567 5
230 1
556 3
579 1
248 2
58 2
688 2
191 2
371 3
12 2
462 1
565 3
532 4
59 6
259 2
68 4
552 2
416 3
601 1
284 1
685 1
328 2
11 5
479 3
554 2
528 1
541 2
176 2
18 2
104 4
60 2
423 3
599 4
674 1
492 2
10 2
410 3
560 1
793 3
160 1
634 1
149 2
597 3
529 2
483 4
427 1
511 4
399 2
359 4
360 1
74 3
55 2
506 3
720 2
119 1
195 2
72 5
445 2
207 3
573 3
626 3
196 2
694 2
714 2
205 1
613 1
786 4
622 2
346 2
504 3
448 3
326 2
460 3
753 4
659 2
269 3
345 4
291 1
197 2
79 2
702 1
443 2
546 2
620 2
134 3
308 1
733 1
737 3
637 2
572 3
630 3
296 1
15 1
550 4
150 1
420 1
311 5
281 1
302 2
769 4
576 4
7 4
721 1
497 2
289 2
766 5
266 2
660 2
324 2
711 4
213 1
329 1
740 2
319 4
162 1
17 2
463 2
363 4
30 2
181 2
758 2
756 1
679 1
178 4
747 2
219 2
773 1
687 1
26 3
201 1
118 1
493 1
709 5
425 6
165 1
604 2
666 3
749 1
430 1
366 2
569 4
476 2
14 1
514 2
628 2
623 3
322 2
173 1
510 1
545 3
397 2
232 1
320 1
262 3
489 1
177 2
62 5
536 4
115 1
164 2
611 2
391 3
374 2
32 1
315 1
487 1
436 1
145 2
591 2
478 3
114 1
456 3
312 1
84 1
94 1
357 2
522 2
774 2
146 2
358 2
392 2
130 1
431 1
670 3
316 2
799 1
772 1
265 1
568 1
759 3
91 1
780 3
782 1
770 1
712 2
66 2
605 1
429 2
682 2
341 2
412 1
526 1
13 2
229 1
765 1
447 1
708 2
385 1
382 1
237 1
547 1
699 2
719 1
491 1
517 1
586 2
70 1
390 1
731 1
170 1
662 1
689 1
122 1
736 2
82 1
438 1
364 1
267 1
561 1
571 2
387 1
325 1
274 1
640 1
340 2
349 1
621 1
557 1
767 1
644 1
23 1
185 1
106 1
73 1
513 1
717 1
143 1
718 2
735 1
639 1
102 1
player: 0 Competitive
122 3
102 3
53 3
294 7
684 3
477 4
623 4
279 5
637 6
476 3
175 4
46 4
664 2
300 2
327 1
510 4
298 7
11 4
750 4
796 8
291 5
683 3
146 4
717 2
85 2
527 2
380 7
265 2
222 2
622 5
691 2
257 6
243 1
466 5
319 5
320 2
249 4
145 2
728 3
449 4
758 3
316 5
343 4
723 6
693 3
211 4
536 3
395 3
435 3
32 5
20 4
553 5
214 6
118 6
425 4
307 3
731 4
735 2
373 2
454 1
261 1
142 3
624 3
597 3
18 3
587 4
448 4
408 1
600 2
233 2
681 3
599 2
74 2
430 4
101 1
231 2
184 6
554 2
306 3
107 4
515 5
284 4
100 2
787 4
154 1
715 2
166 4
590 1
450 8
491 4
732 1
470 2
190 2
230 3
645 5
798 3
33 1
368 4
690 3
700 4
734 5
363 2
4 4
94 2
797 5
132 5
70 3
52 4
762 3
543 6
34 5
610 2
127 4
229 3
79 3
397 3
782 4
792 2
682 3
632 4
254 2
445 4
776 3
1 3
523 7
665 4
332 3
525 5
749 2
256 1
795 3
410 5
278 6
423 1
80 4
696 3
407 3
674 5
95 4
313 4
16 1
38 3
669 4
384 1
28 4
393 2
24 7
775 1
419 2
571 4
2 2
19 1
436 3
644 2
648 5
759 3
13 3
490 3
641 2
29 3
21 1
293 3
304 3
333 1
586 4
111 1
336 3
77 5
23 5
399 2
481 4
346 3
195 1
6 2
469 3
183 5
740 3
357 2
428 3
382 6
505 6
627 4
299 1
308 2
104 3
314 5
87 6
187 2
563 4
76 1
55 4
91 2
109 5
793 3
290 2
789 2
581 3
39 3
271 8
706 2
522 2
686 5
562 2
434 3
27 2
362 3
413 2
189 1
309 3
342 3
619 5
120 5
221 6
36 4
73 5
406 4
741 3
68 2
92 4
144 4
129 2
609 6
153 3
185 6
524 4
370 1
186 2
152 3
123 3
394 4
287 1
642 3
578 4
785 3
323 5
457 5
367 3
710 3
41 2
482 5
636 3
353 3
54 4
773 4
227 3
178 2
671 3
780 4
643 6
216 3
263 5
611 1
377 2
396 5
344 3
697 4
177 3
250 5
191 2
354 4
179 2
468 5
105 6
668 4
106 3
226 1
703 4
335 3
443 4
511 6
317 4
182 5
512 2
688 1
180 1
471 2
338 4
547 3
748 3
50 2
426 2
746 5
568 1
371 3
487 2
340 3
402 4
282 2
47 5
392 2
589 3
305 5
520 6
356 5
538 1
161 4
753 5
295 4
630 2
517 3
205 4
276 1
140 2
15 3
667 3
14 4
584 3
701 4
240 1
532 4
228 3
711 6
569 1
724 3
156 6
621 5
63 5
592 3
656 3
498 1
337 3
542 2
322 2
585 2
738 2
89 4
473 2
98 2
653 2
147 2
531 4
173 5
460 3
31 2
160 2
81 4
366 4
64 2
431 4
594 2
752 1
286 2
480 2
60 2
639 2
657 2
325 2
137 1
201 5
75 2
119 3
321 2
277 2
508 5
707 5
35 4
488 2
747 4
405 2
640 2
26 4
58 4
751 2
218 3
360 2
441 2
502 2
660 3
606 2
596 3
378 3
242 4
418 6
722 2
90 2
383 2
733 3
274 2
258 2
540 5
42 2
224 4
162 2
582 1
541 3
713 4
647 2
391 3
537 4
650 2
409 1
255 1
196 1
151 2
71 3
167 2
283 3
213 2
432 2
676 2
573 5
673 4
126 2
117 2
772 2
131 2
135 2
462 3
259 2
521 1
461 2
404 1
388 2
310 1
685 4
760 3
312 5
765 4
103 2
376 2
198 2
364 1
200 2
755 2
442 2
474 1
556 4
530 3
421 1
495 4
605 2
736 3
427 1
769 1
659 3
577 5
437 3
679 3
634 4
239 2
677 2
416 2
125 3
246 4
69 1
170 1
51 1
193 3
692 4
253 2
781 2
788 2
114 5
99 3
768 2
463 2
10 3
662 2
433 3
159 2
729 2
689 6
275 4
545 3
62 2
757 1
248 2
526 3
583 3
558 5
726 3
301 3
197 4
438 2
720 2
444 4
412 2
375 3
687 3
529 1
737 2
666 2
725 2
208 5
315 2
267 3
484 3
528 2
302 3
786 5
708 2
420 3
252 1
169 2
272 4
552 5
83 4
359 2
675 4
616 3
626 3
655 1
37 1
237 4
78 1
43 3
439 2
386 2
223 1
658 3
535 3
503 1
719 4
709 2
171 2
361 1
566 4
204 3
595 3
777 3
348 3
486 2
148 2
516 1
698 4
613 4
251 2
496 2
695 5
96 2
572 3
539 4
608 1
311 2
580 5
143 2
22 1
220 3
472 2
680 1
456 3
467 1
130 1
9 4
138 2
176 2
303 1
121 2
649 4
351 3
712 4
264 3
761 1
215 3
638 1
774 2
296 1
285 1
400 2
557 3
564 2
549 3
188 1
506 1
550 1
86 5
116 1
262 2
194 3
617 3
266 2
110 1
576 2
372 2
108 3
390 1
288 2
451 4
381 2
424 4
507 1
401 1
59 1
219 1
128 3
84 1
452 2
134 1
339 1
618 2
612 2
783 2
500 3
281 3
352 3
341 3
705 3
387 3
714 1
417 2
172 1
455 1
329 3
742 2
567 1
559 1
97 3
601 3
244 1
561 1
328 1
479 4
518 1
297 3
165 3
514 2
440 2
602 2
598 2
604 3
555 1
133 1
192 1
245 1
150 1
350 4
415 2
483 2
544 2
206 3
453 3
716 1
124 2
766 2
446 2
49 1
661 2
628 1
241 3
347 1
238 3
168 1
260 1
763 3
67 1
115 2
464 1
778 2
269 2
318 1
48 1
629 2
548 2
767 3
93 1
158 3
358 2
678 3
44 2
202 1
794 1
292 4
565 1
61 1
591 4
17 3
534 1
199 1
574 1
651 1
369 2
113 1
718 1
270 2
280 2
7 1
56 1
403 1
174 2
141 1
25 1
379 3
603 1
345 2
615 1
82 1
652 1
157 1
493 1
699 1
234 1
334 3
273 2
654 2
40 3
478 1
57 2
411 2
12 1
398 2
365 1
247 3
579 1
465 1
745 1
236 3
771 3
784 2
779 2
546 2
533 2
743 1
324 1
670 1
620 1
764 2
45 1
607 1
791 1
429 1
730 1
374 2
744 1
625 1
494 1
331 1
560 1
672 1
509 1
164 1
704 1
501 1
694 1
217 1
702 1
rank player: 2 Competitive
12 141
6 111
9 110
16 112
2 119
1 115
5 110
10 101
11 104
15 105
8 107
4 116
7 109
17 104
14 118
13 101
18 109
3 108
rank player: 8 Competitive
14 114
2 115
17 127
18 105
6 116
12 100
9 122
4 123
5 108
15 105
7 93
10 111
16 116
13 125
1 114
11 108
3 104
8 94
rank player: 11 Competitive
5 96
18 106
10 118
7 106
3 125
13 103
14 103
4 122
8 114
9 109
17 123
1 98
15 118
6 114
16 103
2 121
11 111
12 110
rank player: 16 Competitive
8 129
16 110
1 108
6 118
2 121
3 108
11 96
10 128
18 117
13 102
12 112
9 111
14 101
7 117
15 111
4 99
5 107
17 105
rank player: 9 Competitive
11 121
7 98
13 110
5 110
15 80
14 129
6 112
1 110
12 125
18 115
4 107
2 100
3 124
16 122
10 114
9 94
17 112
8 117
rank player: 5 Competitive
4 114
13 106
12 115
5 129
16 111
7 114
15 110
17 110
18 98
8 129
3 116
11 102
14 107
9 113
2 111
1 113
6 96
10 106
rank player: 10 Competitive
10 115
17 107
11 121
12 124
9 103
15 90
18 112
14 133
1 102
3 107
8 102
16 113
7 116
6 114
2 92
5 118
4 129
13 102
rank player: 17 Competitive
13 120
9 116
8 112
1 105
17 143
15 116
2 110
14 109
7 105
11 118
10 84
3 97
5 113
6 115
4 102
18 103
12 109
16 123
rank player: 6 Competitive
15 116
1 122
14 87
2 116
18 125
4 91
7 122
8 102
9 127
12 92
11 111
10 122
6 94
5 116
3 119
16 111
13 127
17 100
rank player: 13 Competitive
16 120
10 107
2 94
3 125
1 103
12 106
8 97
7 106
11 108
17 97
14 117
5 112
9 122
6 122
15 122
13 116
18 102
4 124
rank player: 14 Competitive
7 124
11 110
4 120
17 122
12 93
10 104
18 119
3 122
14 115
6 103
9 109
1 130
2 117
8 114
13 90
5 108
16 95
15 105
rank player: 3 Competitive
1 116
14 116
5 118
11 117
18 112
9 109
6 118
4 104
16 105
13 101
10 110
17 108
3 102
12 116
7 119
15 106
2 117
8 106
rank player: 7 Competitive
9 110
5 113
16 118
11 119
3 95
13 129
2 123
15 108
7 120
4 115
8 94
1 114
12 102
18 100
17 111
10 106
14 115
6 108
rank player: 4 Competitive
17 121
12 116
18 109
15 117
10 136
8 103
3 103
6 106
14 111
1 105
5 117
7 113
9 104
4 98
2 116
16 106
11 102
13 117
rank player: 1 Competitive
18 126
15 130
10 128
4 109
1 97
17 113
2 99
8 108
5 112
13 108
3 122
9 107
12 104
11 109
16 101
6 103
7 123
14 101
rank player: 12 Competitive
3 118
6 111
9 108
13 110
16 107
17 106
10 109
12 116
4 120
18 109
11 132
15 103
7 106
14 108
5 111
2 101
1 106
8 119
rank player: 15 Competitive
6 121
8 129
13 121
4 95
1 120
5 106
18 117
2 124
15 121
3 96
11 104
9 129
17 89
14 100
10 112
7 97
16 113
12 106
rank player: 0 Competitive
2 104
4 112
3 109
6 118
15 137
11 107
16 114
9 97
12 113
1 122
5 96
8 124
18 116
17 102
14 116
13 112
10 89
7 112
