player: 3 Individualist
598 4
568 3
450 4
687 3
75 2
789 2
688 4
240 2
259 2
231 3
707 3
772 1
460 5
573 5
569 2
445 6
708 1
447 5
542 2
586 3
666 3
5 1
181 3
662 2
224 2
731 3
674 6
225 1
576 1
26 5
152 4
795 4
149 5
717 2
129 4
148 2
645 4
505 4
420 4
156 3
7 3
761 5
282 1
63 3
686 1
32 3
583 1
296 4
381 6
164 6
90 4
595 5
698 1
343 3
36 3
55 7
607 3
769 3
125 6
128 3
766 3
636 2
100 3
353 4
214 4
80 3
781 5
487 4
338 5
145 2
489 6
453 3
345 2
96 4
567 2
111 2
407 3
208 5
683 2
483 3
266 1
406 4
197 5
608 5
87 2
799 6
630 2
480 4
588 1
366 9
540 5
107 4
265 4
518 1
68 6
392 4
369 5
357 5
124 3
203 7
644 2
367 5
563 3
744 5
238 5
315 4
227 2
767 2
526 2
385 2
279 3
673 2
600 3
6 4
157 4
648 3
368 2
715 3
249 2
538 2
255 5
226 3
34 3
408 1
743 3
244 4
260 4
384 3
441 2
721 6
431 2
557 2
597 3
617 3
629 3
159 2
668 4
484 5
669 2
306 3
280 3
508 4
247 4
94 5
144 3
456 2
464 5
151 5
219 2
570 3
444 1
628 3
339 3
103 4
413 3
54 2
217 1
490 3
396 2
160 3
165 3
714 5
593 4
332 3
289 3
703 3
104 6
188 1
491 3
794 4
196 3
596 3
581 2
302 2
788 5
419 8
523 3
22 5
290 2
163 2
363 6
495 4
256 3
117 4
358 4
258 6
612 4
660 3
757 2
221 3
120 1
747 3
736 5
650 2
616 3
162 4
24 4
605 4
313 5
374 6
213 2
457 5
459 5
678 4
716 2
705 6
759 5
594 5
228 3
682 3
18 3
582 3
749 6
499 2
395 4
294 4
532 2
585 4
52 1
158 1
190 4
173 2
446 5
768 3
133 4
691 2
72 2
215 5
352 3
624 2
592 3
690 4
493 2
187 4
147 5
237 2
60 2
333 4
25 4
577 5
777 5
411 4
553 3
35 2
426 4
760 4
310 3
738 5
331 2
373 5
661 3
81 2
611 3
697 2
448 1
127 3
169 2
330 2
322 3
347 3
229 2
412 5
49 3
234 5
465 4
336 5
421 4
402 1
466 4
286 2
8 3
50 3
770 3
355 1
658 2
654 5
307 3
28 2
559 6
622 3
185 6
113 2
275 4
475 4
142 2
257 2
618 2
176 3
512 3
12 2
492 4
623 6
555 3
435 2
740 4
10 4
153 4
462 5
704 3
700 4
242 3
207 4
21 2
699 2
735 2
671 2
536 1
556 2
93 2
415 3
102 1
551 4
643 5
774 2
137 4
725 2
580 4
288 1
502 1
232 4
506 3
71 6
751 1
649 2
37 1
4 3
780 4
589 4
95 2
667 3
321 3
51 5
84 2
122 3
635 4
41 2
432 2
167 5
486 3
531 2
337 2
141 1
468 1
83 4
410 3
424 5
340 4
474 1
393 3
755 1
564 6
109 2
45 4
370 1
610 4
177 3
184 2
324 4
377 2
733 1
57 8
356 1
205 2
361 2
653 3
287 3
316 2
204 5
785 2
452 4
131 3
762 1
549 3
62 3
155 2
409 4
685 4
98 2
558 1
359 1
56 3
146 2
300 3
676 5
285 4
398 2
264 4
778 3
792 1
46 4
606 2
38 3
348 3
40 4
732 3
776 6
39 3
537 8
529 4
550 2
76 1
696 2
652 2
477 2
85 3
267 1
143 2
535 3
283 3
375 3
511 3
443 3
517 2
525 5
305 3
619 2
399 3
584 2
472 3
272 4
614 3
320 6
578 4
304 4
299 3
423 2
560 4
642 5
223 2
783 4
271 1
329 2
318 2
528 1
429 2
135 2
126 6
239 4
680 5
218 2
750 2
292 2
335 2
59 3
745 1
504 5
17 3
488 3
82 3
14 5
521 2
69 5
311 3
720 1
625 1
112 2
362 2
179 4
639 4
681 4
312 2
191 2
440 3
798 3
701 3
520 6
182 1
503 2
23 3
13 3
371 5
427 3
101 5
248 3
515 1
534 4
198 2
365 1
270 3
712 3
497 2
547 2
779 1
430 3
741 2
548 4
174 1
422 3
172 2
295 1
514 3
675 2
171 2
530 1
758 2
763 4
471 4
754 3
734 3
291 5
566 2
140 3
693 3
138 3
317 3
729 4
273 3
752 2
764 3
599 2
737 4
192 2
400 1
439 2
233 4
303 3
425 2
527 1
350 2
77 2
684 1
200 2
404 2
65 2
727 2
161 3
354 3
328 3
476 6
116 5
349 3
552 1
694 4
74 2
308 2
449 2
571 1
416 2
418 2
670 2
27 1
379 3
787 1
276 5
463 3
326 1
790 4
216 2
719 1
201 1
756 1
293 1
771 1
562 6
574 2
702 1
713 2
154 5
253 2
360 1
121 2
730 3
178 3
199 2
33 1
437 2
436 2
621 1
235 2
405 1
461 2
494 1
314 1
323 1
403 4
438 2
1 2
183 1
723 1
2 2
99 1
136 4
132 1
108 3
482 3
346 3
298 1
344 2
428 2
651 4
383 5
470 3
170 2
301 1
546 1
236 1
545 1
722 2
561 3
16 4
386 2
641 2
378 2
640 2
791 2
655 1
186 2
637 1
262 2
603 2
782 3
211 1
627 2
473 1
241 2
572 2
342 2
42 2
364 3
212 3
134 2
309 2
341 1
632 2
634 3
516 1
711 4
230 4
206 2
519 1
387 2
246 1
73 2
522 1
274 1
579 2
467 1
89 1
620 2
180 2
70 1
388 2
633 3
590 1
615 3
631 3
647 2
31 1
469 1
672 2
753 1
11 1
30 1
609 1
451 2
394 1
765 1
692 1
677 3
166 2
543 1
591 1
554 2
202 1
718 1
458 2
496 1
250 1
498 1
106 1
793 1
710 1
58 1
66 1
150 2
268 1
297 1
434 1
500 2
656 1
261 3
663 2
53 2
43 1
91 2
319 2
602 1
105 2
194 1
284 1
254 1
110 2
64 1
544 1
657 1
119 1
786 1
220 2
541 1
3 2
659 1
193 1
433 2
19 1
281 1
524 1
455 1
139 1
601 1
97 1
401 1
796 1
278 1
695 1
88 3
709 1
646 1
382 1
784 1
478 1
78 1
748 1
775 1
604 1
222 1
391 1
player: 1 Individualist
253 7
164 2
723 3
56 2
44 3
497 7
391 1
588 6
659 2
702 4
182 3
484 3
521 5
539 3
201 9
548 6
378 4
493 3
753 4
799 5
475 3
76 4
159 1
246 4
195 2
40 3
113 5
572 5
635 4
366 2
359 4
452 4
13 3
227 4
429 3
397 1
130 3
289 2
416 2
413 5
394 5
483 2
237 4
69 5
345 6
556 6
468 1
581 4
158 4
251 3
225 2
685 4
398 4
622 3
91 6
760 1
737 3
404 5
703 5
735 2
665 4
640 3
691 2
611 3
719 4
135 3
786 6
178 5
34 3
502 3
119 8
254 3
190 5
77 3
437 4
792 3
516 3
655 2
570 1
529 5
308 3
302 2
124 3
4 3
551 2
137 1
748 1
108 3
409 4
373 3
717 1
621 4
546 2
348 3
448 5
613 4
637 3
444 3
668 5
670 1
202 4
74 3
242 7
332 1
418 2
752 6
371 1
595 2
82 4
162 3
349 6
120 4
442 2
525 6
240 3
463 3
402 4
115 2
341 3
645 6
338 5
223 2
663 3
267 6
392 3
774 2
773 2
259 1
746 3
208 6
555 1
42 3
457 2
263 4
763 4
84 5
460 2
75 4
451 1
320 4
215 3
652 4
718 4
432 3
504 6
106 2
727 2
779 1
212 2
724 2
697 2
281 3
662 3
422 3
704 4
784 4
783 8
491 3
346 5
421 1
744 3
641 5
97 1
176 3
638 5
10 2
526 5
796 4
211 2
664 4
17 2
187 1
456 2
729 4
582 6
291 4
476 2
692 3
693 4
667 3
536 2
369 1
467 1
609 2
146 3
715 3
644 4
198 4
434 2
245 2
643 2
775 1
542 2
400 6
562 3
566 3
501 2
407 1
153 3
518 2
552 3
330 2
170 3
24 5
243 5
716 3
411 2
695 2
305 1
317 1
293 4
224 4
579 4
229 2
121 2
357 4
94 2
301 3
509 3
733 4
161 4
168 3
766 2
450 2
193 4
473 3
315 5
51 4
343 4
105 2
415 4
179 1
599 3
587 3
765 3
770 3
605 3
738 5
629 3
307 3
532 1
544 3
649 2
23 2
732 1
38 2
660 6
712 2
220 4
207 3
160 2
260 3
377 8
653 5
627 2
512 5
128 5
515 3
648 4
547 1
312 2
165 5
410 5
147 2
184 4
567 2
734 2
123 3
408 6
683 6
166 3
736 3
388 5
785 3
747 5
279 9
688 2
167 5
399 2
150 2
36 5
269 2
755 2
43 2
708 6
355 4
344 4
631 3
386 3
360 1
684 3
235 3
672 3
81 2
247 1
96 4
87 3
143 6
49 5
102 2
133 2
175 3
154 2
273 4
787 5
573 7
381 3
60 2
139 6
313 4
487 2
50 1
185 4
33 4
681 3
266 3
395 3
248 2
31 1
311 1
20 2
690 5
604 4
374 1
482 3
777 4
79 6
200 3
66 4
353 4
99 2
157 4
71 2
372 4
209 3
335 3
192 1
95 5
204 4
788 4
216 3
299 3
474 3
180 1
294 2
304 2
462 2
564 2
584 2
636 4
292 2
67 2
389 4
264 4
707 4
585 1
258 3
393 2
514 2
430 1
18 7
465 2
506 5
545 3
759 5
607 3
196 2
527 5
370 2
132 3
351 3
230 3
569 4
144 3
485 2
39 3
55 8
522 2
647 1
32 1
757 4
361 7
500 2
352 6
417 3
324 2
126 3
379 2
9 4
728 4
98 3
598 4
563 3
677 3
632 4
438 2
479 2
776 3
191 2
136 5
769 5
443 2
358 3
326 2
602 3
714 3
713 3
186 2
453 3
327 4
676 1
549 2
523 4
511 4
756 1
290 3
445 3
538 3
628 3
576 2
222 3
711 4
155 1
508 3
354 2
419 2
174 1
575 3
489 2
272 1
173 4
725 4
678 4
117 1
283 5
384 1
614 1
226 4
528 4
439 3
88 2
396 6
280 2
199 4
758 3
771 5
61 2
642 1
505 1
285 1
356 2
405 2
435 2
586 2
794 3
583 6
594 3
710 3
46 5
742 3
380 1
682 3
568 4
425 1
689 2
589 2
666 4
169 6
608 4
798 2
496 3
376 1
470 3
722 4
177 5
47 2
600 3
571 2
654 2
694 1
540 3
48 4
142 3
274 2
657 2
277 2
188 1
698 2
461 3
778 4
218 3
171 1
577 1
554 1
596 3
125 3
228 2
265 3
534 1
41 2
610 1
3 1
749 2
35 3
30 2
481 2
565 1
86 2
118 3
310 1
249 2
789 2
615 1
601 1
350 5
244 1
580 1
375 3
109 4
639 2
297 3
590 2
513 2
454 4
606 3
574 2
423 3
406 2
140 1
111 3
70 2
591 4
449 3
559 2
104 2
232 2
276 1
673 1
650 2
469 1
25 1
433 1
686 2
480 1
524 2
64 3
767 2
762 2
116 2
145 1
743 2
730 3
333 3
219 2
772 1
148 2
29 2
298 4
8 3
337 1
675 1
306 3
26 1
295 3
401 4
206 3
745 4
630 2
492 2
93 1
78 3
239 2
2 1
231 3
233 1
16 2
498 1
530 4
365 3
110 1
14 1
27 1
620 1
616 1
122 2
687 1
490 2
65 1
680 3
646 4
446 2
537 3
424 3
347 2
517 2
319 4
172 1
674 2
73 5
436 2
189 1
795 2
255 4
45 5
5 2
720 1
238 1
329 2
364 3
334 1
325 1
252 2
731 2
385 2
85 1
510 2
151 1
368 1
262 4
782 3
58 2
7 1
15 2
194 3
592 3
68 2
557 3
6 4
726 2
520 3
149 5
112 2
53 3
241 3
455 1
83 1
217 2
57 3
342 1
478 1
656 4
701 2
781 2
464 1
234 5
131 1
203 1
321 1
651 2
236 2
578 2
62 1
553 3
531 2
458 1
336 2
426 4
288 2
205 1
533 2
300 1
603 1
499 4
593 4
739 1
271 2
101 1
268 1
90 1
19 1
278 1
494 1
471 1
761 2
328 2
709 1
382 1
679 1
420 1
318 1
286 2
22 1
618 2
134 1
751 2
100 1
309 2
221 1
363 1
214 1
339 1
261 2
791 1
270 1
80 2
296 3
92 1
387 1
519 1
127 1
72 1
561 1
250 1
340 1
440 1
661 2
619 1
210 1
624 2
447 1
503 1
669 1
706 1
12 1
1 1
331 2
323 2
213 1
362 1
282 2
383 1
741 1
141 1
player: 7 Individualist
418 1
436 2
791 5
618 5
319 3
785 5
689 4
590 5
274 6
600 5
388 3
335 3
674 7
675 3
782 2
283 3
284 1
490 4
524 2
109 3
178 5
650 5
696 2
405 4
693 4
754 1
225 5
228 2
385 3
241 3
575 5
751 4
26 8
192 7
199 3
574 2
476 2
486 4
579 5
770 2
522 4
798 3
498 2
180 7
342 1
483 2
275 3
240 4
495 3
264 1
39 3
577 3
515 2
138 6
149 3
613 7
748 6
631 3
625 4
409 2
361 5
263 5
48 5
308 3
187 4
774 2
38 5
2 5
607 6
796 6
299 5
204 5
123 2
485 3
627 3
769 3
491 3
448 4
588 3
162 1
404 2
547 5
638 6
289 2
469 1
196 1
447 1
47 4
765 2
53 4
250 1
797 1
247 2
493 2
189 1
120 5
112 2
267 3
71 5
692 2
96 2
259 2
462 2
378 2
633 2
381 2
543 2
167 5
348 4
435 2
80 2
561 4
637 3
135 5
104 4
339 2
742 3
573 1
669 4
258 2
18 1
17 5
70 3
482 3
217 2
253 4
603 1
709 2
394 1
246 2
701 2
552 2
368 5
163 6
312 5
776 1
121 4
630 3
661 5
124 3
761 3
721 3
46 6
763 3
700 3
271 3
136 3
408 2
377 2
234 2
714 3
87 5
287 1
3 1
532 2
664 2
781 2
139 3
473 4
194 2
272 2
694 3
206 2
703 1
704 5
125 3
555 3
197 2
544 3
182 3
236 2
698 5
512 7
184 3
695 5
750 7
198 3
784 4
320 3
710 5
766 9
397 4
392 3
716 3
387 4
682 2
63 4
620 4
519 3
370 2
315 6
226 2
54 2
386 3
399 1
43 6
58 5
340 3
582 3
452 4
468 6
654 1
260 1
568 3
578 4
429 1
673 4
743 3
400 1
24 1
232 3
503 4
749 4
151 5
527 2
36 2
269 2
597 2
224 3
365 3
670 3
663 3
773 2
465 1
593 4
4 5
636 1
309 4
541 5
77 2
762 6
137 7
285 4
375 3
786 2
457 7
329 2
446 2
614 3
414 7
108 1
111 3
478 4
126 4
566 4
97 3
562 5
298 1
635 2
571 4
596 5
477 2
530 2
529 2
25 1
84 8
116 3
13 5
347 6
632 3
667 3
598 1
736 2
672 5
505 4
130 4
20 5
779 4
487 1
117 2
711 2
324 4
678 4
195 6
7 5
364 2
233 6
680 2
589 4
276 3
268 2
440 3
145 3
103 8
203 2
461 4
216 2
420 3
509 5
257 2
428 2
554 2
516 2
517 3
29 6
74 5
140 1
659 1
475 3
584 2
78 5
628 1
95 5
92 1
681 4
733 2
349 4
551 4
470 3
594 3
542 4
453 3
166 2
506 2
624 2
497 4
213 2
238 2
537 4
792 2
101 5
367 2
362 2
62 2
653 6
731 2
601 4
98 5
19 1
69 4
643 2
629 5
450 4
739 3
158 4
313 6
75 2
668 3
102 3
778 1
293 2
278 3
494 2
443 5
261 5
231 2
741 2
291 2
767 7
157 3
290 7
660 2
64 3
160 5
595 1
76 3
306 3
254 1
430 3
10 4
725 4
799 2
540 2
72 2
222 5
334 7
173 1
441 2
322 3
572 4
657 3
384 4
592 4
297 5
132 5
640 2
730 5
683 3
557 2
321 2
639 4
318 4
402 3
164 3
665 1
379 1
105 2
311 2
496 3
86 6
699 5
360 4
366 6
553 3
256 1
350 4
728 2
466 2
794 3
612 2
556 5
212 3
52 5
425 2
307 2
580 3
177 5
310 6
94 4
277 3
780 2
296 2
419 2
245 3
454 3
697 3
558 4
51 7
359 1
82 3
90 4
239 4
764 3
467 6
702 3
332 4
564 3
57 2
424 3
526 4
513 4
119 2
481 1
208 2
500 3
658 4
406 3
393 2
460 2
645 4
115 2
371 3
514 2
442 2
502 3
715 3
422 1
205 4
789 3
317 5
337 2
760 5
474 2
525 1
459 4
649 1
449 4
85 2
642 5
11 3
471 2
438 2
282 1
201 2
790 1
458 2
27 4
336 1
33 4
215 6
586 2
106 2
401 2
504 2
492 1
171 3
159 2
243 2
16 2
353 2
484 1
511 4
1 3
768 1
255 4
373 2
518 2
88 5
188 2
591 2
535 2
523 1
759 3
757 1
176 5
294 4
740 1
604 2
788 3
67 2
34 1
432 5
99 2
146 2
110 2
382 1
747 2
403 3
722 2
142 2
707 3
154 3
416 2
41 3
671 2
147 1
235 3
185 5
426 3
410 1
755 2
288 3
758 2
734 2
383 1
9 1
168 1
327 4
179 1
746 4
265 2
398 2
662 2
395 2
396 2
5 2
12 1
316 1
412 4
510 2
616 1
352 4
237 5
676 2
301 2
148 1
489 5
445 2
89 1
270 2
331 2
356 2
333 3
279 3
434 2
153 4
341 2
437 2
724 1
304 1
772 2
344 2
648 1
152 3
655 1
193 1
569 1
423 3
456 1
472 2
56 2
433 1
280 1
499 2
156 2
369 1
651 1
501 5
207 1
323 2
49 5
44 2
623 1
244 1
183 1
548 2
91 1
427 1
559 3
114 3
431 2
583 2
14 2
229 1
303 1
338 3
727 3
131 3
723 2
644 3
73 2
40 1
455 4
753 1
463 1
100 2
127 1
65 3
251 1
295 3
169 4
107 1
59 2
292 2
735 1
550 2
380 2
745 1
464 1
713 3
42 1
281 1
684 2
611 4
706 2
686 1
652 1
302 2
325 1
262 1
113 1
389 1
357 4
793 1
407 1
520 2
691 2
775 2
641 2
174 3
45 1
37 1
66 1
134 2
626 1
546 3
545 2
326 2
155 4
93 1
656 1
165 3
605 2
219 4
358 1
705 1
606 1
634 1
602 2
343 2
128 1
68 2
50 1
23 1
374 2
22 4
227 1
609 1
415 1
355 2
8 1
345 2
647 1
521 1
305 1
610 1
531 1
615 1
6 1
570 3
439 1
688 1
118 1
549 1
413 1
646 1
390 1
712 1
252 1
737 1
587 2
563 2
777 2
685 2
31 1
186 2
122 2
539 4
451 4
488 1
444 1
585 1
300 1
617 1
720 1
679 1
30 1
507 1
576 1
421 1
581 1
210 2
143 1
218 1
732 1
55 1
565 1
211 2
783 1
787 1
175 1
35 1
752 1
729 1
666 1
21 1
286 1
player: 0 Individualist
314 2
320 4
528 3
486 3
112 3
658 1
507 2
569 3
592 4
186 5
496 3
395 3
505 5
629 4
195 3
678 4
524 2
285 6
37 4
333 4
9 4
740 6
725 1
39 1
243 1
641 2
268 2
263 4
187 3
303 5
80 3
370 3
683 7
706 2
606 1
518 4
484 3
125 3
77 6
506 2
745 3
403 2
325 3
289 3
432 4
405 6
290 3
618 1
577 1
444 5
224 4
642 5
49 4
685 3
742 3
82 3
212 3
551 2
190 3
302 2
129 3
32 2
796 4
149 6
713 4
726 2
497 3
312 5
761 5
294 2
543 4
341 3
424 3
88 8
223 3
435 5
656 3
492 2
366 2
765 5
253 5
499 4
707 2
393 2
208 3
173 3
673 5
357 4
408 5
176 3
70 5
708 3
381 5
731 3
65 4
563 3
127 5
613 2
787 7
470 2
371 6
538 5
121 3
158 5
784 2
79 2
669 3
180 2
616 6
166 2
684 1
96 4
42 7
316 5
785 7
151 2
459 3
732 2
28 3
756 2
140 2
620 6
26 2
626 3
104 1
478 4
698 6
482 5
315 2
376 4
323 6
445 1
256 3
431 3
399 5
54 5
655 4
369 1
136 3
36 4
175 7
339 2
324 2
336 4
251 2
634 2
189 2
41 7
767 3
44 2
147 1
233 4
349 6
255 6
6 4
657 2
585 1
282 3
218 4
319 3
85 2
340 3
590 3
164 4
488 5
601 2
586 2
520 3
47 4
454 2
372 1
442 3
674 2
20 3
530 6
159 3
635 2
213 5
572 2
545 2
581 1
709 2
464 5
117 3
254 4
664 3
250 3
72 1
468 5
555 2
781 3
191 2
646 4
380 5
724 4
455 2
597 4
552 8
205 3
73 2
627 4
64 1
24 2
231 4
141 3
143 5
617 5
123 4
639 2
614 3
494 3
102 2
22 4
539 4
429 3
406 6
610 4
317 5
562 5
439 3
687 4
286 5
437 3
727 1
662 3
17 3
183 1
690 2
650 4
269 2
110 1
46 1
760 4
334 2
453 3
245 7
199 6
296 3
738 1
75 2
717 4
67 5
298 2
69 4
365 3
734 3
116 2
217 4
755 2
279 7
728 2
774 2
487 4
493 2
537 1
373 1
13 4
62 4
571 6
491 3
542 3
681 1
194 2
522 2
23 5
602 4
126 2
242 2
215 3
462 4
354 1
29 4
51 2
789 2
536 2
604 2
122 3
730 2
179 5
692 3
261 4
529 5
145 1
274 2
53 3
465 2
722 3
154 2
309 3
574 3
138 7
457 1
772 5
548 4
98 1
467 2
168 3
91 2
576 4
519 2
531 2
619 2
68 4
475 3
390 4
504 1
579 3
304 3
152 3
295 3
236 5
363 2
375 2
404 7
148 2
307 3
270 4
396 1
557 4
701 3
778 3
598 2
654 1
523 4
793 2
688 3
558 2
78 3
281 2
704 1
477 4
107 3
440 2
583 3
764 2
510 4
359 2
788 2
45 3
628 3
589 4
600 4
232 3
71 6
623 4
31 3
368 4
490 2
226 3
735 2
394 3
144 2
203 5
378 2
227 4
34 3
773 8
288 3
388 2
721 6
498 6
146 2
234 4
66 5
101 5
301 3
648 4
679 5
299 1
697 3
564 1
561 6
412 2
326 1
35 2
769 3
211 5
247 4
653 3
794 2
733 2
489 6
111 4
287 1
19 3
321 2
131 1
556 2
419 4
3 1
693 5
14 3
534 2
48 2
90 3
553 3
550 3
663 3
596 1
58 2
344 3
185 1
8 2
170 4
799 2
750 1
554 3
463 3
156 2
76 3
350 3
262 2
446 1
258 1
74 3
638 3
649 1
759 4
249 5
652 2
668 3
322 2
283 6
501 4
389 2
30 4
89 3
391 3
252 1
16 2
238 3
423 5
360 4
739 1
691 1
743 4
573 1
220 3
416 3
754 2
448 5
137 2
259 3
178 1
751 4
449 1
113 2
345 1
214 2
526 2
779 6
335 3
753 2
364 2
546 4
527 2
694 2
418 5
447 2
540 4
714 5
266 1
591 5
771 2
472 4
521 3
607 3
593 2
758 3
260 1
625 4
332 3
775 2
280 3
132 3
197 3
386 4
133 3
163 1
327 2
55 2
50 2
425 3
1 3
580 2
272 2
192 2
61 2
209 2
582 1
570 2
621 4
343 3
115 3
157 2
84 1
184 1
451 1
632 2
401 1
92 1
57 7
712 1
434 3
384 5
676 3
297 2
40 2
229 2
346 6
762 1
225 2
109 1
310 2
605 1
97 1
160 2
763 3
643 2
87 3
239 1
776 2
33 4
645 1
503 3
114 1
547 2
27 1
207 2
748 5
328 6
311 3
450 3
181 2
566 2
736 3
342 3
560 1
134 3
222 3
549 2
237 2
106 4
413 2
414 5
631 3
747 1
99 2
200 1
206 4
790 3
509 5
153 2
56 3
248 5
385 2
337 2
741 1
532 5
702 2
11 2
630 4
795 2
331 2
476 1
128 2
703 2
210 4
63 3
675 1
353 3
665 2
567 2
377 1
471 4
162 1
502 2
4 3
516 1
392 2
757 3
480 5
352 2
500 1
511 1
659 2
718 2
94 2
680 3
120 1
647 1
495 2
443 3
588 2
671 1
770 3
188 2
612 2
7 2
221 6
228 1
244 3
768 1
230 2
430 4
165 3
275 1
374 3
535 1
682 1
611 1
666 1
695 1
25 5
595 2
267 3
348 1
791 2
402 2
559 2
752 4
177 1
264 2
329 1
603 3
544 1
355 2
305 2
525 2
38 3
43 5
415 1
541 1
438 2
358 1
710 1
483 1
422 2
426 1
118 1
485 1
119 1
786 1
479 1
382 4
782 3
278 1
667 1
640 2
318 3
636 1
633 1
644 1
12 1
512 1
466 2
622 1
277 2
155 1
52 3
608 1
568 3
351 1
481 2
161 1
167 1
699 1
202 1
196 3
749 3
686 1
428 1
420 2
265 2
624 3
276 1
715 1
367 1
421 2
508 2
198 2
219 1
246 1
651 1
15 2
515 1
565 1
95 2
10 2
672 3
308 1
441 2
469 1
216 1
130 1
777 1
139 1
700 1
766 1
383 2
661 1
452 1
723 1
60 1
407 1
456 2
460 1
201 1
284 1
599 1
361 2
347 1
59 1
746 1
517 2
379 1
2 1
411 1
241 1
291 1
135 1
292 1
584 1
21 1
711 1
689 1
533 1
594 1
514 1
169 1
670 1
player: 4 Individualist
322 2
352 1
452 3
773 1
286 3
532 4
81 2
197 5
220 3
92 3
348 3
636 2
787 2
315 6
402 4
218 5
735 2
656 3
744 4
61 1
86 3
641 1
689 7
434 5
367 3
591 2
135 1
527 4
557 3
677 5
231 2
454 6
403 5
406 3
232 2
154 3
724 3
692 2
611 4
790 3
492 2
681 2
268 6
10 3
552 2
535 4
792 2
22 7
325 3
127 4
570 4
179 1
89 3
764 3
757 2
397 1
404 5
548 3
129 2
25 4
640 3
78 3
137 1
371 4
716 4
448 2
774 2
728 7
463 3
310 2
666 2
783 3
311 3
57 2
414 3
733 3
525 4
114 5
267 4
536 5
339 6
445 1
296 1
598 3
554 6
547 6
616 2
228 3
277 4
213 4
509 5
706 5
258 2
159 3
259 4
484 4
29 2
383 3
393 5
428 5
754 4
711 2
781 1
68 3
302 1
731 4
106 4
643 3
238 2
399 7
453 6
158 2
652 2
4 3
499 3
174 3
482 1
59 2
252 3
718 4
16 2
269 4
313 2
100 3
261 5
340 3
300 3
170 5
766 5
204 5
143 2
390 2
797 3
207 5
541 5
307 2
745 6
588 2
467 3
396 6
279 4
575 2
41 2
122 2
319 4
485 3
360 6
63 3
192 3
215 3
176 3
433 5
181 6
444 4
507 2
361 4
416 2
495 2
150 3
637 2
303 1
212 1
679 5
65 1
633 5
594 4
483 4
684 2
359 5
549 3
394 2
747 2
672 5
471 3
241 4
687 2
216 1
587 4
695 3
96 3
520 4
70 3
408 2
356 1
539 2
691 4
254 3
357 3
39 5
755 3
458 5
703 3
662 3
778 5
47 2
349 4
318 4
465 2
265 4
98 4
600 3
31 3
221 1
567 1
80 6
45 5
644 2
400 3
450 2
500 3
52 5
149 3
618 7
793 2
177 1
510 3
676 4
593 6
775 4
256 4
542 2
103 4
788 2
320 4
123 3
189 5
369 2
612 3
198 1
157 3
175 2
620 4
451 2
699 4
273 4
183 2
763 4
205 4
477 6
427 4
560 2
139 2
715 2
201 3
95 1
234 3
693 4
449 6
480 1
79 2
188 2
736 4
515 2
134 4
27 3
7 2
343 3
187 7
721 3
546 2
272 7
405 1
293 2
398 3
314 1
2 6
646 5
19 5
136 3
580 2
240 4
680 5
33 2
36 8
248 3
415 3
503 3
540 3
233 1
72 3
409 2
288 4
317 4
517 6
97 3
161 6
606 4
529 1
761 7
84 3
199 3
132 2
610 4
6 4
561 2
461 7
628 3
124 4
573 3
324 3
144 6
282 5
281 2
48 3
523 3
186 3
654 2
521 4
424 2
99 2
326 1
168 2
12 3
195 5
108 2
274 4
292 3
250 3
528 2
178 3
14 4
152 3
729 3
658 1
298 3
566 4
678 2
126 2
35 2
362 4
172 5
91 1
155 4
235 3
796 2
230 4
519 3
346 4
423 2
50 4
141 4
513 6
780 1
164 2
717 4
704 1
479 1
112 3
462 4
370 3
299 3
374 4
76 6
522 6
795 2
56 3
69 5
624 2
430 2
436 7
28 4
200 1
358 6
524 3
713 3
568 1
40 3
162 5
386 4
785 3
246 2
599 2
533 2
62 5
635 3
32 1
669 3
11 2
13 2
66 1
44 2
17 1
128 1
291 3
571 3
395 2
765 2
419 2
169 3
264 4
577 1
8 4
596 2
308 1
732 2
638 2
243 3
551 2
719 3
378 1
760 3
131 4
698 2
648 4
690 1
634 3
5 2
191 3
225 5
353 3
489 2
772 3
630 2
372 1
496 3
667 2
579 1
202 6
49 1
420 4
21 4
87 2
558 3
338 6
562 1
794 1
73 1
407 1
190 3
659 1
180 2
601 1
602 2
498 1
776 1
592 3
107 6
182 1
770 4
563 2
544 1
432 3
705 2
777 3
125 2
512 1
247 4
647 4
457 1
142 3
789 5
266 5
502 4
723 1
572 2
94 4
446 3
328 2
305 2
537 1
82 4
487 3
156 3
9 3
538 2
625 2
133 2
651 4
392 1
657 1
146 1
786 4
514 2
749 2
511 3
702 3
743 1
113 1
707 2
166 3
171 3
335 2
120 3
151 5
782 2
490 4
725 4
163 2
726 3
421 2
109 1
798 2
649 4
337 4
665 4
304 1
85 2
621 2
569 4
37 2
629 2
384 5
23 3
464 2
767 1
185 1
472 2
508 5
411 2
746 2
165 1
219 3
664 6
206 5
71 2
30 2
632 2
226 4
671 2
341 3
153 2
440 1
617 5
627 2
488 3
210 1
688 2
686 3
750 1
102 2
385 4
759 2
83 1
401 2
493 4
478 1
768 2
418 5
368 4
312 3
473 1
184 2
791 1
701 3
456 1
75 4
590 1
660 3
64 2
275 2
294 3
673 2
284 4
74 2
283 3
431 7
565 2
347 2
583 2
534 2
278 2
578 2
333 1
655 1
425 1
67 3
20 3
342 2
709 3
376 1
301 2
306 1
130 2
138 2
410 3
148 3
429 3
468 1
145 1
613 3
354 1
331 1
712 3
249 1
608 3
653 2
685 2
435 2
58 2
34 3
708 2
377 4
251 3
475 1
682 2
334 4
101 2
442 2
466 2
160 2
104 3
330 1
438 3
739 5
668 1
714 1
236 1
365 1
350 2
214 2
413 2
674 1
88 3
470 2
595 2
597 4
555 2
42 3
700 4
223 1
543 3
737 3
564 3
741 2
622 3
553 2
443 1
619 3
751 1
77 1
683 2
15 1
631 1
90 3
388 2
323 3
196 3
263 2
447 1
18 3
758 2
1 3
494 3
670 1
615 1
661 1
675 1
581 1
586 2
584 1
605 1
173 3
730 1
734 1
379 1
194 4
545 2
276 3
738 2
391 1
364 3
720 2
242 1
53 1
460 1
271 1
260 2
380 4
614 1
779 2
287 2
140 2
694 2
422 2
799 1
110 2
115 1
589 1
722 1
345 1
491 1
663 2
382 3
645 2
295 3
748 1
105 2
497 1
531 1
211 1
316 1
327 1
227 1
38 2
55 1
696 1
119 2
309 1
280 2
373 1
604 2
121 2
469 1
289 1
222 3
626 1
550 1
506 1
60 1
459 1
26 1
46 2
505 1
769 1
585 2
455 1
417 1
366 1
576 1
270 1
244 2
771 2
381 2
526 1
229 1
351 1
481 1
603 1
710 1
24 1
355 1
111 1
518 1
297 1
player: 8 Individualist
13 5
248 2
107 3
290 3
293 4
211 4
277 4
743 2
641 3
144 2
380 4
388 4
200 1
436 4
409 5
166 2
521 4
15 4
300 2
158 4
105 6
734 4
191 4
583 7
519 2
164 2
444 5
728 4
14 6
623 1
431 2
239 2
610 5
230 1
207 4
28 3
350 4
225 2
466 2
367 3
43 2
292 4
387 4
716 1
778 6
606 1
699 3
81 5
531 5
556 4
483 6
313 4
645 5
1 5
485 3
222 2
753 3
518 4
330 3
557 4
695 8
574 2
443 4
540 3
570 7
578 4
669 5
559 3
344 2
151 5
357 3
507 4
305 2
391 5
269 5
749 6
512 9
154 4
110 4
127 6
371 6
771 5
341 4
392 2
702 2
319 3
428 2
5 5
707 2
678 5
448 3
205 3
297 2
765 4
38 3
458 4
692 4
708 5
202 3
275 3
262 5
325 4
438 4
581 3
140 2
602 5
308 3
487 4
113 2
310 3
736 5
343 3
34 4
359 4
260 2
322 2
586 1
7 2
508 3
91 4
22 4
460 6
465 2
774 1
457 3
534 3
364 1
31 8
440 6
750 6
447 1
227 3
563 5
427 4
334 4
628 1
413 2
648 5
595 3
103 3
741 1
670 4
270 5
538 6
137 1
668 2
453 3
169 4
98 4
219 2
17 2
613 3
472 1
267 4
256 3
547 3
544 2
607 1
677 3
231 3
725 3
307 2
6 3
281 1
131 2
651 4
517 5
72 4
558 3
283 3
490 5
135 3
661 4
156 3
51 3
624 5
181 2
646 3
92 3
303 4
478 2
622 2
718 2
687 1
47 3
64 3
338 5
141 6
625 3
323 1
694 2
170 1
768 3
396 3
175 3
711 2
41 3
580 5
389 6
150 3
758 5
224 3
494 2
740 2
499 3
209 5
407 4
193 4
242 1
21 3
599 3
244 3
255 1
552 3
149 3
754 7
136 1
395 3
752 1
199 2
434 1
138 4
673 3
731 2
746 2
450 3
705 8
633 2
630 3
604 4
335 3
73 2
611 2
100 4
733 8
600 4
484 2
29 3
500 2
296 2
417 3
161 4
468 4
714 3
114 3
196 3
121 1
123 3
318 4
527 4
329 3
8 3
546 2
268 4
27 7
306 4
16 6
463 6
414 4
326 2
90 3
735 6
505 3
12 4
393 1
215 2
365 2
406 5
496 3
356 1
397 2
476 5
57 5
261 2
562 3
667 3
759 3
377 4
133 2
634 4
327 4
593 3
788 4
168 2
70 5
71 2
785 1
498 5
369 1
598 3
55 3
361 4
214 7
263 4
243 2
148 1
182 2
76 5
722 3
37 3
520 4
515 3
612 3
25 3
675 2
616 4
298 4
368 5
689 1
422 4
95 1
691 4
88 3
49 3
459 3
798 2
253 2
730 2
416 3
590 2
532 2
289 2
192 5
346 3
294 1
662 5
769 3
119 1
757 4
11 5
421 3
404 6
575 5
108 4
220 4
32 3
157 2
401 6
776 3
703 3
118 2
354 2
134 1
680 2
792 1
366 1
201 2
492 2
185 2
597 4
35 4
425 1
489 3
471 1
18 1
206 2
9 3
439 4
226 2
96 3
635 2
529 3
729 5
342 4
355 2
195 4
782 1
258 3
198 3
696 3
620 2
510 2
756 1
309 4
640 2
165 4
445 3
763 6
265 2
709 3
373 5
400 2
317 1
639 1
167 3
36 4
4 2
250 3
726 2
93 2
74 4
686 3
291 2
415 4
437 3
102 2
339 3
109 2
360 2
685 3
26 4
120 5
280 2
674 3
449 4
94 1
124 2
398 4
433 2
53 1
781 3
591 2
372 4
555 3
331 2
470 3
658 2
482 4
381 5
374 2
147 3
340 4
351 2
755 1
394 3
663 3
791 3
424 2
462 3
682 3
315 4
426 2
584 4
565 3
442 5
524 3
375 2
480 3
204 2
710 4
790 3
525 3
203 1
568 3
723 1
571 1
596 1
528 1
245 2
479 1
550 3
744 2
632 1
320 3
690 3
173 1
217 5
420 1
637 3
362 3
715 2
486 7
152 3
429 4
197 2
644 4
347 3
582 3
516 3
314 2
99 1
328 2
501 3
464 5
523 6
2 4
649 3
276 3
631 3
767 3
655 5
761 1
672 4
213 5
46 4
502 1
536 1
576 1
77 2
75 3
784 1
467 2
287 3
117 3
142 3
762 3
184 2
30 1
739 1
172 4
626 4
179 2
252 4
65 1
302 4
567 5
178 5
218 1
299 4
86 2
772 2
212 2
295 1
454 1
650 1
39 1
251 4
719 2
378 2
163 6
473 1
33 3
42 2
187 1
760 1
679 3
608 2
773 2
97 1
132 4
129 6
48 3
533 3
264 1
23 1
697 3
352 5
751 1
19 4
786 1
551 4
530 1
379 2
399 1
254 1
223 1
474 1
126 2
738 3
638 2
526 2
481 1
587 1
676 1
721 2
236 1
497 2
229 1
271 1
452 1
153 1
240 3
511 3
145 2
609 2
475 2
24 2
238 1
577 2
745 1
698 1
506 1
712 2
615 1
589 6
789 1
419 3
659 4
279 4
286 1
742 2
146 2
56 1
69 4
566 3
247 1
766 3
284 1
190 1
348 1
430 1
40 2
194 3
159 2
477 2
233 2
285 3
208 1
180 2
45 1
780 1
183 2
748 1
724 1
418 1
324 2
456 1
104 2
594 1
139 2
553 2
432 2
257 3
384 1
386 1
44 2
656 1
585 2
548 2
777 3
353 1
652 3
116 2
787 5
779 1
130 1
579 1
67 2
66 2
316 2
282 2
112 1
541 2
321 3
681 1
561 4
704 2
653 1
700 2
59 1
68 1
665 1
605 2
713 3
50 2
693 1
647 3
503 1
423 5
232 1
654 1
237 1
560 4
411 2
3 1
176 4
162 3
592 2
573 2
358 1
441 3
747 3
241 1
311 1
63 1
336 1
54 1
435 2
543 1
84 2
671 3
174 3
85 1
797 2
549 1
405 1
564 2
266 2
234 1
657 1
706 2
273 2
572 3
61 2
666 2
603 3
799 2
764 1
469 1
52 1
636 1
249 2
221 1
720 1
278 3
504 1
186 1
537 1
412 2
535 1
20 1
455 1
228 2
58 1
717 1
451 1
542 2
383 4
83 1
684 1
301 1
79 1
688 1
488 2
509 2
385 1
569 1
345 1
660 1
363 1
143 1
683 1
62 1
732 1
737 1
513 1
210 1
588 1
619 1
259 1
514 1
376 1
player: 10 Individualist
736 2
710 3
209 3
287 1
137 7
320 1
554 3
303 3
770 2
234 3
356 3
35 1
217 5
363 6
484 2
77 2
368 1
373 4
675 3
596 3
404 4
417 3
457 5
232 4
401 6
421 5
118 3
437 3
68 5
638 2
334 4
444 2
564 6
661 4
141 2
514 7
123 4
358 2
161 4
146 2
611 5
130 1
242 1
508 3
767 3
758 4
326 2
462 4
154 2
687 2
670 4
572 4
41 2
704 4
467 4
58 5
690 2
509 2
762 4
114 4
295 2
383 6
145 2
200 2
629 4
152 2
323 4
117 8
11 3
721 3
283 5
680 6
455 5
428 2
734 5
133 6
652 3
132 3
605 3
483 2
602 2
681 4
511 2
691 1
419 4
597 4
256 7
296 3
362 7
705 3
4 6
398 2
185 6
793 1
301 4
682 7
485 5
482 5
199 1
407 4
144 3
461 3
702 2
74 3
129 2
742 4
340 3
707 3
309 3
205 2
244 3
578 3
671 4
558 4
487 3
337 4
14 3
703 4
587 5
424 5
348 1
659 3
562 2
456 3
65 3
60 5
474 4
394 5
176 2
537 3
382 5
411 2
59 2
162 3
95 6
617 3
766 3
580 1
179 4
684 3
360 2
668 4
44 7
405 3
228 5
470 5
272 1
557 3
331 2
159 1
18 2
430 2
664 1
585 2
240 4
493 3
538 3
560 3
781 6
96 2
696 3
741 4
644 2
189 1
354 3
520 2
752 3
442 1
374 2
364 3
381 5
515 3
214 3
720 3
527 3
636 3
391 6
796 1
568 2
306 4
322 4
544 4
547 2
198 3
627 3
140 6
157 2
27 4
282 3
338 2
386 3
543 5
88 2
438 6
525 3
153 3
163 4
201 4
365 2
433 4
535 3
160 4
359 4
576 4
643 3
590 4
648 1
392 3
317 3
324 1
289 4
546 1
516 4
408 5
497 4
190 2
15 2
783 5
164 5
111 3
31 5
615 3
606 3
297 3
247 2
92 4
501 4
739 2
366 4
500 2
385 2
134 5
625 4
630 4
119 4
458 5
361 5
507 3
211 5
494 5
635 3
104 1
614 4
631 2
728 4
453 2
714 3
737 2
412 2
148 3
47 2
279 3
778 4
731 7
612 2
657 2
327 3
647 8
740 2
308 3
545 4
204 6
262 3
332 1
208 2
649 4
170 3
269 2
549 2
526 4
20 1
341 2
300 2
599 6
610 5
313 2
357 1
174 3
46 2
73 2
252 3
243 4
78 3
67 5
760 1
489 4
258 2
257 4
384 2
231 3
302 2
53 4
285 4
607 2
466 2
677 3
147 4
194 2
290 2
761 2
169 3
503 3
343 3
445 4
166 4
158 1
662 3
621 4
574 1
253 3
510 3
81 2
293 4
406 4
488 2
496 4
586 3
420 5
415 4
345 2
299 4
754 2
106 2
325 4
281 2
263 3
609 2
229 5
460 2
645 2
655 2
735 3
592 3
267 2
142 4
98 2
212 1
278 2
280 3
330 2
706 2
513 3
774 2
43 3
168 4
271 4
192 3
84 7
726 5
700 4
236 2
125 2
780 7
101 4
656 1
717 2
436 5
310 4
551 3
603 1
492 3
34 1
249 3
701 2
426 3
716 4
738 4
699 2
791 3
177 2
3 3
9 3
284 2
138 5
409 2
712 2
678 1
156 2
353 5
277 5
633 1
451 3
286 2
434 2
727 2
93 1
180 4
512 4
654 3
377 3
347 2
370 2
108 2
782 1
22 3
329 2
577 1
261 3
220 5
672 1
536 2
71 3
499 3
666 1
779 3
504 4
39 3
128 2
90 1
694 4
593 3
748 4
151 1
51 3
250 2
255 5
288 6
789 3
52 4
708 4
69 1
367 3
698 4
665 3
122 4
270 4
45 1
12 3
747 4
589 2
641 3
669 3
186 2
715 1
642 2
400 4
218 2
355 4
321 3
139 2
19 2
506 4
17 4
124 1
416 6
529 4
191 3
195 3
723 3
480 3
312 3
215 2
463 3
479 2
352 1
371 4
13 1
567 3
115 3
423 3
25 1
502 3
658 4
757 3
403 1
181 3
440 5
759 2
221 2
72 2
632 2
311 3
541 2
673 1
570 1
530 2
7 2
100 3
594 3
608 2
414 1
640 2
768 2
595 5
150 4
443 3
646 2
729 7
135 4
121 4
80 2
223 1
711 1
719 3
431 4
773 1
713 4
755 6
686 1
182 5
266 4
674 1
521 2
697 2
792 5
387 1
634 2
619 3
380 3
785 2
57 3
99 1
178 2
425 2
149 6
756 3
241 5
333 4
336 2
103 4
591 2
435 3
524 1
695 4
528 2
725 1
235 2
319 5
432 2
230 2
559 1
776 1
722 3
202 3
449 2
196 2
233 2
743 2
175 2
413 1
390 1
376 4
378 2
653 2
251 2
688 2
273 2
475 1
172 3
126 3
264 1
349 1
623 3
36 1
346 1
275 2
795 1
395 2
771 1
472 4
468 3
639 5
37 2
97 2
751 2
8 2
23 2
465 3
571 3
63 1
61 2
498 2
797 2
616 2
777 3
1 1
62 4
245 1
628 2
765 3
522 5
339 1
226 2
764 3
556 4
613 2
28 1
553 1
291 2
454 2
787 1
171 2
579 3
718 2
213 3
622 1
772 1
268 2
307 3
450 1
532 2
116 4
83 1
110 1
689 1
769 1
265 2
66 2
518 3
476 1
582 1
775 1
448 2
548 3
91 3
555 1
533 3
459 1
131 1
183 1
685 3
531 4
165 1
429 1
50 1
75 4
227 2
732 2
369 3
550 2
298 1
127 2
446 2
29 1
64 2
486 2
207 2
637 2
143 4
676 2
441 2
248 2
49 2
583 4
799 2
581 1
167 3
155 1
667 3
540 2
239 1
439 1
372 1
692 2
335 1
693 1
679 1
260 1
561 2
173 3
624 2
26 3
342 1
70 2
790 1
87 2
651 1
187 1
109 2
452 2
505 1
203 1
469 2
79 2
473 1
418 1
569 2
495 1
246 2
491 1
30 2
733 3
477 2
618 1
794 2
389 1
471 3
318 1
749 1
292 2
620 1
542 1
86 1
798 2
316 2
40 2
216 1
136 2
6 1
534 1
660 1
393 1
16 2
402 1
399 1
89 2
563 3
601 1
410 1
588 1
464 2
753 2
481 1
188 1
113 1
709 1
724 2
427 1
105 1
193 1
56 1
575 1
259 1
375 1
224 1
120 2
2 1
730 1
746 1
786 1
206 1
539 1
210 1
10 1
225 1
player: 6 Individualist
417 5
338 4
301 4
762 3
353 2
381 5
421 1
754 4
695 4
48 4
411 2
650 8
623 3
678 1
493 8
578 2
713 5
716 5
687 4
749 4
779 4
558 5
426 1
738 2
303 4
160 3
699 3
608 6
530 6
223 4
686 5
138 3
217 5
174 5
104 2
166 4
593 4
83 2
503 3
479 1
332 4
495 4
672 7
781 3
267 3
658 3
515 3
377 4
63 4
629 2
735 4
346 4
347 3
91 8
663 2
743 6
753 3
205 2
768 3
53 3
151 3
606 1
473 6
573 4
590 2
28 2
698 3
692 3
165 5
642 3
560 3
15 4
552 2
454 1
126 2
447 4
509 2
159 7
374 2
740 2
362 2
122 4
540 3
67 3
25 2
264 3
487 3
162 4
343 1
496 4
737 3
651 2
627 3
584 2
352 4
101 3
433 2
340 3
234 5
626 2
326 2
365 4
152 3
621 6
356 3
307 3
43 7
305 6
378 5
292 5
221 2
46 2
360 3
585 3
330 6
681 5
501 5
581 5
706 3
219 1
570 4
33 2
714 5
484 2
784 3
335 5
237 2
128 5
361 1
87 4
694 3
557 3
258 6
144 4
630 3
661 3
130 4
442 2
398 2
189 1
243 3
252 2
476 3
721 3
168 3
323 4
799 4
543 4
351 4
354 1
288 3
393 3
291 3
387 10
533 1
220 4
297 3
690 8
211 4
523 4
289 5
27 4
388 3
35 2
601 3
443 6
315 4
142 1
268 4
520 2
368 1
577 5
94 4
736 5
26 4
156 2
453 2
200 4
427 2
185 1
114 3
76 3
445 4
739 4
334 3
422 4
384 2
218 4
41 5
359 2
143 7
306 5
75 2
526 3
280 4
80 5
669 3
31 3
95 4
135 4
431 5
604 6
405 2
535 3
591 4
238 6
595 2
371 3
463 4
517 3
96 2
597 1
279 7
647 3
181 2
65 1
12 4
285 2
521 2
82 3
273 5
756 4
750 2
541 3
213 6
201 4
84 2
757 7
616 1
665 3
458 3
150 2
66 2
81 6
240 2
350 2
141 2
600 3
717 2
161 1
409 5
208 3
416 4
103 6
373 1
528 4
780 4
410 4
232 2
17 2
155 2
40 6
36 3
191 1
392 2
317 3
341 1
436 3
728 3
684 2
245 3
434 2
283 6
228 2
685 1
673 4
576 4
653 2
348 2
6 1
457 4
518 4
322 1
364 1
397 1
413 2
482 1
146 6
325 2
318 4
676 3
659 2
225 3
70 4
366 2
497 5
69 4
620 1
137 2
329 2
2 3
763 4
251 5
485 2
170 1
412 4
188 1
548 1
108 3
158 2
499 2
216 2
562 3
52 1
793 3
124 4
302 2
319 3
51 3
571 2
747 3
20 2
247 4
224 1
248 3
92 3
38 2
786 3
789 2
441 2
257 5
609 5
282 2
529 3
759 5
239 4
462 1
537 3
415 2
636 5
561 1
612 2
395 5
192 1
508 2
300 3
407 6
489 6
733 2
465 2
294 2
194 3
120 3
386 5
516 6
58 2
563 2
704 2
498 3
105 2
212 1
380 3
277 3
304 1
270 2
276 3
582 4
86 5
327 3
752 3
708 3
227 3
507 3
311 2
536 1
430 5
791 1
464 1
510 3
179 4
534 1
115 3
710 3
483 2
342 5
655 6
295 3
29 2
549 2
438 3
782 1
186 1
391 3
358 2
596 3
401 3
461 6
741 2
574 4
470 1
513 4
184 5
18 3
202 3
567 3
111 2
466 3
255 3
68 5
486 1
652 1
261 3
272 2
30 1
677 2
751 5
774 2
490 5
776 3
772 3
700 1
13 1
746 3
206 2
589 1
49 5
172 4
32 2
71 3
788 5
207 1
11 4
675 1
777 2
298 2
598 1
475 3
390 3
16 4
554 2
500 1
123 2
147 4
551 3
256 2
90 4
632 1
167 2
722 3
599 2
583 3
450 2
78 2
617 3
177 4
588 1
764 1
514 2
129 1
697 2
336 4
689 5
293 4
328 3
778 1
404 3
419 2
230 3
542 1
664 2
157 1
321 3
164 5
679 5
611 2
519 4
312 3
187 2
145 1
61 5
494 1
173 2
310 3
564 1
121 7
139 5
607 1
400 4
619 4
670 6
654 2
235 1
210 4
9 5
266 2
93 2
107 3
770 3
281 1
132 3
569 1
265 3
766 1
39 4
21 2
702 3
640 1
478 4
575 1
367 4
196 2
639 3
183 4
711 3
5 1
643 1
57 5
418 3
748 5
668 2
127 2
587 4
723 2
459 3
792 1
634 4
725 1
727 4
761 3
765 2
492 1
429 4
720 5
622 1
511 2
72 3
24 4
645 3
633 2
783 1
324 1
203 2
254 1
308 2
742 4
729 3
109 1
62 1
539 3
524 3
116 3
637 1
74 3
4 4
37 4
648 3
468 1
550 2
428 1
349 1
491 1
610 1
199 2
420 4
182 5
97 6
14 2
42 2
474 3
118 2
615 4
603 3
525 1
613 2
532 1
790 3
488 1
215 1
439 4
504 2
794 3
544 1
423 2
136 1
745 3
274 1
231 1
559 2
55 2
56 5
100 3
649 4
370 3
176 2
451 1
472 3
435 3
333 3
703 1
580 5
469 1
705 2
592 1
734 1
244 1
23 1
198 2
444 1
178 2
260 3
363 1
133 1
382 3
249 1
250 5
180 1
110 3
278 4
688 1
357 2
414 1
556 3
175 1
233 1
190 5
54 2
403 1
3 1
531 1
131 1
47 1
253 1
683 1
568 3
60 3
635 1
140 1
106 2
313 2
680 3
656 3
760 3
396 1
744 2
456 3
691 3
44 4
565 2
682 2
197 3
773 1
369 1
662 1
19 1
271 3
149 1
437 1
432 1
787 1
701 1
671 1
505 1
545 4
339 1
299 1
767 1
522 3
287 3
171 2
732 1
134 2
566 4
452 1
88 1
379 2
226 1
77 1
1 3
448 2
446 2
241 2
769 1
758 2
586 1
376 1
246 1
644 1
45 1
402 3
59 1
385 3
624 3
512 1
631 2
712 2
309 1
460 2
99 1
553 1
449 1
262 2
605 1
242 1
538 1
296 1
625 1
163 1
726 2
614 1
660 1
355 1
154 1
8 1
214 1
236 2
546 2
148 2
594 1
263 2
646 1
440 2
7 1
73 1
337 1
10 1
22 1
666 2
98 1
113 1
89 1
284 1
169 1
394 2
628 1
34 1
193 1
547 1
229 1
204 1
408 1
502 1
718 1
715 1
player: 11 Individualist
279 5
536 3
304 2
4 3
57 4
444 4
532 1
85 2
6 4
537 4
88 6
118 2
98 5
281 2
519 3
739 2
356 7
235 8
217 4
623 5
438 3
713 3
354 2
642 3
308 2
206 4
254 2
127 3
680 3
492 4
496 2
442 2
566 3
511 5
186 4
654 3
589 4
793 3
521 2
609 8
80 4
92 1
138 4
232 2
672 3
429 5
392 4
757 1
47 5
197 1
741 2
132 3
391 5
561 5
701 2
485 4
175 4
237 4
576 3
260 2
258 2
512 4
625 3
141 1
562 2
585 7
454 3
436 4
668 6
107 6
334 2
729 8
407 2
154 6
212 6
762 4
610 4
698 4
384 3
469 4
366 6
534 2
767 4
78 2
595 2
708 2
482 3
740 6
544 4
639 2
527 2
737 3
596 3
502 4
149 6
432 2
108 3
24 4
779 3
568 2
462 1
706 6
488 4
280 4
220 4
309 5
547 2
32 3
162 1
137 2
20 3
533 3
239 3
515 2
404 3
688 3
795 2
720 2
764 2
724 3
543 4
363 5
655 1
416 2
428 3
110 5
56 3
528 2
158 3
775 4
264 5
374 1
152 5
501 4
745 7
215 3
748 3
59 1
751 3
128 7
13 2
105 4
731 5
181 2
266 4
315 4
295 2
346 4
219 2
500 6
381 4
434 1
165 2
19 3
591 2
535 7
558 3
603 3
750 4
446 5
665 4
355 3
593 3
96 8
734 3
530 2
121 6
400 2
61 5
292 4
369 5
144 1
5 1
664 3
569 3
634 3
8 3
420 4
23 4
111 2
555 4
160 2
473 3
30 5
470 7
548 4
268 3
514 4
316 5
718 2
413 6
662 3
582 5
188 1
478 4
666 3
297 5
483 1
567 4
418 4
205 4
172 5
388 3
271 2
796 8
10 3
792 2
286 2
63 3
372 3
36 5
378 5
370 3
171 1
285 2
236 3
715 3
198 5
375 1
151 6
43 3
479 1
301 4
168 4
410 4
2 6
766 5
587 4
282 3
417 3
414 3
658 2
9 2
692 3
48 3
549 2
207 2
505 2
314 4
12 2
291 4
245 3
275 7
321 4
150 5
590 1
598 3
273 1
133 4
244 2
776 2
467 1
771 2
401 1
697 3
627 4
563 2
661 2
109 3
746 2
339 3
26 1
185 1
487 3
83 3
97 7
520 3
430 4
332 4
241 3
517 2
486 2
214 1
507 5
571 3
386 2
667 3
747 3
704 4
1 3
79 3
463 4
125 3
778 4
565 3
53 4
311 3
119 2
584 6
50 4
123 2
791 2
644 4
116 2
58 2
336 2
503 2
425 1
68 6
456 4
261 1
380 3
683 4
744 2
522 2
490 3
513 2
320 2
612 4
443 2
481 3
578 2
554 2
542 2
540 1
712 2
408 2
306 4
455 2
684 6
312 2
650 3
213 3
103 3
620 4
423 5
131 3
357 4
516 4
330 3
495 2
440 3
170 2
656 5
94 6
736 4
622 4
257 4
91 3
303 3
305 4
230 4
289 3
645 1
722 2
676 2
599 3
349 2
700 4
397 3
556 1
368 3
675 3
35 2
338 2
788 4
253 1
552 2
445 3
798 3
18 2
525 3
572 3
763 6
471 3
606 2
216 1
450 2
189 4
545 3
633 3
494 2
735 2
550 4
509 5
300 3
187 5
11 2
489 3
460 3
159 3
402 2
164 2
577 1
276 2
773 2
265 1
191 2
794 6
705 1
122 3
89 3
476 4
412 4
203 2
54 2
435 4
120 2
782 4
784 2
327 5
383 5
686 2
499 3
389 3
299 5
224 1
33 3
652 3
709 4
142 2
211 3
781 1
161 3
153 3
283 1
755 2
82 2
272 2
647 6
21 2
124 3
367 2
322 2
617 3
263 2
769 2
409 2
233 1
259 4
449 2
674 2
529 2
508 1
580 2
693 1
526 3
101 2
421 5
62 5
269 2
541 2
37 3
225 2
86 3
663 3
631 2
504 4
441 2
41 2
74 2
743 4
649 5
362 3
660 2
360 4
427 2
180 2
146 2
28 1
592 4
629 2
99 2
310 3
783 2
780 2
531 4
725 1
202 1
177 3
419 1
143 3
597 1
786 1
600 3
607 4
588 3
690 1
145 3
437 4
324 1
732 2
27 3
208 1
17 1
333 2
560 4
328 3
255 3
173 4
178 3
234 1
277 3
752 3
742 2
689 2
112 2
670 2
711 5
195 2
422 3
129 1
284 1
352 1
723 4
461 2
679 2
294 4
621 2
184 2
252 4
602 3
218 2
223 2
583 4
682 1
557 6
243 3
52 4
433 4
431 2
250 3
25 4
477 2
343 6
358 3
270 2
640 3
359 2
16 3
190 3
411 3
616 1
579 2
618 2
614 3
710 4
157 2
405 4
365 2
733 2
447 3
350 2
71 1
453 2
139 4
353 3
166 2
377 2
29 2
396 4
290 5
319 3
703 3
77 4
228 3
406 3
38 2
573 1
204 1
371 1
278 2
156 2
226 1
313 1
395 1
344 2
546 1
659 2
696 2
653 4
657 2
601 1
296 2
394 1
179 2
758 1
373 1
518 2
73 1
638 3
491 1
379 1
738 3
613 3
678 1
39 1
754 4
347 1
474 2
635 2
681 1
193 1
466 2
287 2
231 3
169 3
340 4
115 2
256 2
669 1
100 4
765 2
251 1
364 3
104 2
475 2
671 1
345 3
382 3
403 4
719 2
691 3
317 1
302 2
93 5
387 1
114 1
553 3
227 1
716 1
648 3
385 5
60 2
452 4
498 3
200 3
81 2
70 2
608 1
790 2
248 2
117 2
64 2
728 2
594 2
458 1
238 2
559 2
242 1
465 3
325 1
439 2
174 2
393 1
539 2
240 4
415 2
136 1
581 3
249 2
551 2
506 2
318 2
167 3
687 2
90 1
15 3
323 1
646 2
624 2
493 2
699 2
730 1
586 2
636 2
55 1
714 1
337 1
221 1
749 2
761 1
351 1
262 1
726 1
673 1
721 1
7 2
307 3
399 1
759 2
497 1
335 3
787 3
772 1
768 1
196 2
789 1
717 1
448 1
229 2
46 2
222 1
95 3
40 1
34 1
42 1
155 1
348 2
459 1
451 1
677 1
361 1
126 1
604 1
113 2
329 2
106 1
84 1
727 1
774 1
176 1
135 1
457 1
51 1
183 1
22 1
147 1
75 2
632 1
69 1
67 1
192 1
510 1
753 1
player: 9 Individualist
99 4
786 3
615 2
301 4
427 2
196 3
184 5
255 5
228 5
213 3
549 2
234 8
556 3
15 2
199 4
745 4
297 3
694 5
696 3
345 1
580 3
173 1
646 2
622 6
251 3
157 6
653 4
364 5
490 3
28 2
166 3
568 6
469 4
542 3
293 2
725 3
219 7
649 4
392 4
658 4
361 3
318 5
324 5
122 5
67 2
744 4
66 4
260 5
104 2
677 5
148 3
475 5
54 3
473 3
267 4
177 5
60 5
175 2
442 2
527 3
776 3
730 6
569 1
404 4
419 1
468 3
256 3
302 5
410 6
182 4
283 4
478 2
203 4
440 2
720 3
81 3
724 3
343 7
643 1
660 6
322 4
662 6
249 3
772 4
450 4
536 2
233 3
373 1
722 3
787 3
424 1
337 5
144 7
628 4
465 3
356 5
695 8
431 3
697 7
327 3
778 2
693 3
668 3
540 3
743 3
254 5
779 2
415 2
741 4
308 4
68 2
384 5
481 2
282 3
109 4
284 4
624 4
87 6
507 2
512 3
422 3
295 1
92 1
206 2
602 2
366 3
253 3
306 4
391 5
125 2
500 3
227 3
631 4
596 4
495 4
670 4
525 4
261 3
412 1
348 3
539 3
363 3
416 5
686 1
522 4
200 3
726 2
135 1
663 5
319 9
534 3
207 4
496 6
559 2
156 1
782 4
486 4
289 2
523 3
222 2
388 2
35 2
212 4
147 5
492 3
89 3
716 5
521 1
651 3
414 2
387 3
241 2
463 3
290 3
501 2
160 3
597 4
704 3
795 1
152 3
72 3
262 3
714 3
235 3
44 2
236 1
650 2
274 3
487 6
645 2
126 3
24 3
372 2
466 1
777 3
381 1
607 1
752 2
420 3
335 6
399 1
544 1
128 2
139 3
134 1
661 3
6 4
621 2
417 2
402 2
691 4
118 1
517 2
429 2
408 2
718 3
719 2
518 3
406 3
510 4
171 5
79 4
353 2
43 2
449 3
346 1
185 4
351 2
311 2
56 5
480 5
421 3
796 7
30 4
362 4
598 2
742 5
132 3
17 6
40 1
434 3
713 2
591 1
634 3
612 5
619 2
701 3
641 2
270 5
329 1
574 2
497 4
278 5
444 3
604 3
285 3
564 3
143 2
12 4
70 8
123 3
479 4
437 3
112 1
242 1
413 3
552 1
458 3
509 4
555 3
474 1
532 5
456 3
750 2
738 3
765 3
627 2
263 2
390 5
192 3
69 6
13 2
328 2
426 3
82 3
706 5
338 4
158 1
304 5
736 1
349 2
37 4
717 1
729 2
798 4
762 3
52 4
38 3
368 2
773 4
491 5
558 2
739 1
396 1
350 3
97 3
121 2
21 1
31 2
560 1
788 1
600 2
347 2
316 2
232 3
205 8
375 3
230 3
758 4
85 2
520 1
100 2
681 5
709 3
583 2
747 3
138 1
142 2
581 2
493 8
687 2
528 3
211 2
502 4
484 3
537 5
587 5
258 1
377 3
33 1
791 3
326 2
751 2
86 6
666 2
485 4
292 1
735 4
767 2
397 5
563 4
757 4
330 4
221 2
208 4
164 2
451 2
71 3
488 4
609 2
462 2
570 1
53 2
376 3
768 5
111 3
688 1
749 3
240 3
342 2
370 5
178 2
746 3
61 3
636 3
133 2
548 5
378 1
572 1
740 1
623 4
441 3
45 2
224 1
237 1
578 4
781 3
333 5
332 1
210 2
141 2
516 2
405 4
281 5
124 4
245 4
699 2
280 5
783 5
635 5
698 2
214 2
526 2
659 2
116 2
460 2
110 4
561 5
115 4
629 3
77 3
65 3
667 2
454 1
723 3
769 5
784 3
91 4
461 4
753 3
483 4
215 4
153 6
382 1
379 3
113 3
140 1
162 2
386 5
27 2
136 3
792 1
588 2
385 2
268 3
632 3
181 2
95 2
546 5
411 4
317 3
102 2
648 2
46 4
336 3
105 3
259 3
524 4
445 2
754 2
74 5
519 2
761 5
432 5
613 3
708 1
231 4
159 2
625 4
273 4
494 2
737 4
247 4
183 4
764 2
508 2
359 4
300 2
103 2
505 3
703 1
325 3
799 1
700 7
647 2
137 3
585 3
39 4
334 4
47 1
683 1
83 2
545 2
25 4
320 1
352 2
394 3
644 2
169 1
565 4
176 4
608 4
675 2
197 4
127 2
464 2
775 1
448 2
198 1
161 2
220 3
78 2
457 1
506 1
252 4
638 2
204 2
313 2
11 1
594 1
593 4
748 3
64 4
48 1
22 2
5 1
276 3
589 3
669 4
477 1
755 1
315 2
673 4
575 5
202 4
514 4
120 4
269 2
567 2
685 2
380 3
705 4
447 2
94 2
452 5
226 4
639 2
23 2
682 1
425 2
374 1
59 2
515 2
446 3
614 2
409 3
721 2
49 3
428 3
640 1
117 1
617 4
96 1
29 3
193 3
339 2
369 1
20 1
797 1
218 2
303 2
119 2
664 4
595 3
1 2
190 1
657 2
760 2
291 4
358 5
357 1
770 2
482 2
707 1
780 1
433 2
592 3
584 3
633 2
672 3
155 2
467 2
299 1
131 2
331 4
246 2
187 1
167 4
189 3
250 2
702 1
32 2
642 5
680 5
652 2
611 1
489 3
616 2
763 1
531 3
499 4
355 1
759 1
168 1
296 1
238 3
58 3
553 2
371 1
191 2
209 3
533 1
423 1
145 1
676 3
7 3
401 1
690 2
774 1
9 1
186 2
225 1
76 2
305 2
620 1
678 2
655 2
194 2
715 1
150 1
4 1
407 2
790 2
216 2
550 1
455 2
529 2
476 1
513 3
271 3
398 2
244 3
610 3
174 1
734 3
577 1
582 2
93 4
288 1
504 2
2 4
692 1
733 4
710 3
51 2
101 3
10 1
55 2
98 3
50 1
277 2
80 1
323 3
129 3
543 1
298 2
541 1
8 1
771 1
257 1
443 2
108 2
727 1
294 1
195 1
538 2
756 1
674 1
403 1
172 2
393 1
360 2
344 1
439 1
435 2
618 2
217 1
365 1
576 1
606 1
793 2
14 4
179 2
239 1
535 1
590 1
395 1
654 3
114 3
264 1
106 1
3 1
554 1
314 2
307 1
530 2
471 1
689 1
389 2
310 1
626 1
88 1
794 1
732 2
163 1
62 2
84 1
679 1
637 1
36 1
605 2
16 1
498 1
34 1
665 1
731 2
19 1
453 1
400 1
562 1
712 1
312 1
656 1
470 1
41 1
18 1
player: 5 Individualist
350 4
156 6
607 3
525 5
513 4
749 5
100 8
587 7
588 1
386 4
171 6
326 5
566 3
92 6
702 5
207 6
83 3
681 6
271 5
653 4
337 4
788 6
631 2
117 1
118 4
234 2
164 7
667 3
739 2
660 4
323 4
194 5
147 7
473 4
704 1
670 9
202 3
696 5
754 6
142 4
683 4
242 5
205 3
689 4
283 3
132 2
734 4
192 5
633 2
300 3
11 2
403 3
241 1
457 4
785 6
438 3
777 2
455 4
14 4
177 5
580 3
635 1
327 3
579 5
529 4
761 2
567 5
428 3
16 2
39 6
127 4
113 2
493 2
48 3
370 3
44 2
287 2
169 4
537 2
121 3
770 3
125 6
554 4
465 4
478 3
446 3
9 4
727 5
496 6
174 4
81 4
191 5
656 5
18 3
652 3
358 1
682 5
757 2
95 2
349 6
296 2
390 2
424 3
414 3
405 5
80 9
699 2
684 2
45 6
485 7
763 5
262 4
54 3
26 2
352 4
308 2
500 1
303 5
198 5
4 5
563 2
332 2
185 2
686 3
586 2
605 3
276 3
527 2
231 1
235 3
360 1
399 5
195 2
71 2
409 4
168 4
401 2
782 1
706 4
29 3
291 5
114 3
35 2
372 5
286 3
162 1
172 1
88 4
31 4
711 5
442 5
796 1
301 2
477 5
606 5
556 6
46 4
572 1
167 1
623 4
746 3
502 3
596 6
522 2
190 4
694 4
762 4
284 3
509 2
756 4
228 2
19 3
649 3
449 5
376 6
661 2
592 4
318 3
375 3
306 2
237 1
461 1
66 6
193 2
37 2
354 6
484 3
514 4
70 4
331 5
617 3
131 1
536 2
394 3
57 4
223 5
679 5
5 5
695 4
768 3
243 1
319 5
530 2
65 6
49 3
199 2
771 4
315 2
463 3
755 3
603 2
483 5
170 3
435 4
487 2
126 6
642 5
305 2
135 2
697 3
507 3
479 5
504 3
721 2
408 1
425 3
229 6
24 4
244 4
730 6
616 5
759 2
742 3
261 2
445 5
366 4
720 4
675 4
270 4
98 4
713 2
792 5
535 2
497 3
264 3
209 5
374 5
314 7
614 2
47 2
86 2
297 4
569 2
3 1
578 1
208 4
392 4
77 5
56 4
148 3
671 5
379 2
725 2
790 4
758 2
765 2
410 7
654 1
767 4
240 4
673 3
501 3
144 3
795 2
380 3
216 3
666 3
433 3
701 3
338 2
317 5
155 3
625 2
115 4
573 3
316 2
389 2
430 2
175 2
289 2
495 3
91 3
744 4
137 4
643 2
89 3
309 1
285 4
610 2
255 3
669 3
279 2
245 2
641 5
432 3
345 1
385 3
420 4
602 3
10 2
512 3
145 2
423 4
236 4
206 2
20 4
745 3
110 4
123 3
34 2
196 4
778 3
499 4
233 1
773 3
748 2
402 2
789 2
418 4
646 2
225 1
708 3
547 1
106 2
715 2
560 3
741 3
471 2
328 3
627 4
624 2
650 6
359 2
139 6
200 3
325 7
453 2
632 4
112 3
437 3
398 2
456 3
247 2
188 3
506 2
173 3
406 1
685 2
482 3
750 3
772 4
760 4
489 5
268 3
7 1
67 2
751 1
254 2
152 1
494 1
517 2
1 5
324 3
313 2
662 7
436 2
151 2
397 3
41 5
116 2
13 1
336 5
419 4
753 2
82 3
322 2
687 2
176 2
422 2
472 4
678 1
78 4
724 4
700 3
546 3
60 3
43 1
25 2
480 1
738 2
260 3
158 1
72 5
214 3
629 3
577 5
604 2
275 2
2 1
253 4
312 1
23 3
664 1
776 4
718 5
417 2
239 2
421 1
181 1
346 2
111 2
215 2
640 3
69 2
775 3
130 4
149 1
351 5
22 1
263 2
655 2
141 3
600 4
705 3
448 2
334 3
143 3
615 5
182 1
76 2
62 3
407 2
221 2
674 2
163 3
371 4
691 1
122 3
213 2
729 1
108 2
415 3
27 1
288 1
551 1
55 4
280 5
545 1
416 2
583 2
716 3
444 3
589 2
75 2
619 5
676 5
412 3
441 3
138 1
21 2
639 2
570 2
393 6
609 2
85 3
626 3
677 3
187 1
651 4
30 2
391 1
747 1
426 2
365 5
17 3
51 3
784 4
590 7
362 1
608 4
219 2
165 3
348 5
298 3
87 2
357 2
53 1
561 3
38 3
688 2
335 2
594 1
136 2
90 1
781 2
597 1
400 1
532 2
40 3
798 3
73 1
703 1
277 4
272 2
12 1
311 2
396 2
295 2
731 2
774 2
717 2
330 4
79 3
8 2
582 1
736 2
585 3
50 1
559 3
451 2
690 1
443 3
153 2
663 3
124 1
722 2
637 1
220 2
723 1
450 1
250 6
709 1
787 4
460 5
340 1
728 1
28 2
462 4
568 1
665 1
486 1
373 2
740 3
93 2
320 2
180 2
104 1
490 2
367 1
518 4
94 2
538 1
468 3
503 2
552 2
638 1
726 3
576 2
36 1
267 1
388 1
618 3
99 3
470 2
411 2
593 3
658 6
310 1
427 3
377 2
488 1
292 1
692 1
541 2
719 4
791 2
302 2
634 4
571 3
481 5
97 4
304 1
543 4
558 2
64 3
281 2
154 1
33 5
764 1
178 2
672 2
119 2
101 4
752 3
636 1
299 1
343 5
384 2
621 2
474 1
184 1
329 3
160 2
526 1
628 2
6 2
197 3
598 1
183 3
278 1
257 2
440 3
251 1
133 1
581 1
555 1
381 3
248 3
769 1
565 3
657 3
668 1
186 1
342 2
129 3
574 1
203 2
293 1
698 1
544 1
648 2
146 3
161 1
140 2
431 2
644 1
413 2
611 1
780 2
107 2
786 3
439 2
68 2
290 1
222 1
469 3
659 1
266 3
230 1
368 3
575 2
387 1
382 2
294 2
333 2
562 2
429 1
63 1
521 1
515 1
458 2
540 1
355 3
557 1
454 1
134 4
344 1
341 1
550 1
612 1
452 1
265 1
620 1
179 1
505 1
548 1
105 1
466 1
595 3
459 1
232 2
42 2
622 1
799 1
735 1
584 2
534 1
733 1
491 1
15 1
553 1
601 2
204 1
712 1
218 1
516 1
710 1
794 1
211 1
783 1
227 1
201 1
189 1
238 1
447 1
256 2
539 1
212 1
52 1
166 1
613 1
61 1
434 1
395 1
224 1
157 1
player: 2 Individualist
752 2
676 2
64 3
590 4
145 5
280 2
521 2
8 7
185 4
77 4
292 4
361 5
223 2
572 3
331 3
414 4
539 3
726 2
66 3
470 5
91 1
730 4
645 2
606 2
27 4
701 3
309 3
796 3
420 4
258 3
784 2
704 3
89 3
763 6
311 7
219 4
40 4
569 4
674 2
405 3
220 2
236 4
121 5
716 2
146 2
60 4
454 3
570 3
128 8
750 5
731 4
482 3
136 5
782 3
615 2
30 3
544 4
357 3
638 3
189 3
622 1
501 4
785 2
274 4
515 8
678 3
639 4
744 6
711 1
417 2
447 5
410 5
696 2
469 3
94 3
419 3
252 2
241 3
522 3
61 3
298 3
762 4
670 4
50 3
320 4
182 5
245 2
281 2
164 3
263 5
427 5
473 4
430 6
485 3
343 1
690 2
305 4
755 6
257 2
552 2
535 4
754 4
23 2
57 8
312 6
558 2
568 1
87 1
392 5
557 4
149 6
710 5
598 3
440 3
757 5
108 2
216 2
126 3
130 3
284 8
93 5
84 3
595 5
400 7
385 2
378 2
602 2
490 5
625 3
373 2
409 4
743 2
301 3
256 2
768 3
472 3
334 3
734 7
435 4
103 4
246 5
293 3
692 3
589 7
562 3
621 5
574 4
338 4
341 3
230 3
247 2
117 2
99 3
514 3
723 4
714 5
474 4
358 6
688 2
546 3
175 1
265 2
295 3
786 6
156 3
753 2
32 5
566 3
69 3
672 4
749 4
285 3
641 3
328 6
205 2
102 1
683 5
792 1
114 1
226 5
272 5
395 6
760 3
399 2
693 2
232 4
459 2
79 3
478 7
303 4
199 2
691 4
488 4
289 5
273 3
106 2
178 2
682 3
523 2
403 5
561 5
344 3
462 2
783 2
633 2
326 3
297 2
769 4
339 7
669 5
224 2
201 5
270 1
80 1
264 1
47 5
510 4
765 6
90 5
679 4
390 3
346 3
657 1
776 1
511 3
210 5
348 3
407 3
549 2
132 2
542 3
78 4
781 3
705 3
276 6
330 2
582 2
584 3
646 6
634 1
160 4
729 5
73 5
607 3
55 4
658 5
551 4
322 4
255 5
644 4
198 5
724 4
443 2
92 4
59 1
654 1
425 3
708 2
581 3
531 5
770 5
372 2
498 4
394 2
25 1
413 1
381 3
2 4
605 1
794 4
412 2
4 5
225 2
596 5
35 3
307 1
100 4
167 3
186 4
685 3
604 2
651 2
449 4
51 3
165 2
487 2
737 2
227 8
489 4
42 3
642 5
5 2
54 2
123 4
13 3
475 2
687 3
38 3
530 5
756 2
540 4
380 3
124 5
617 3
217 3
52 2
444 1
398 1
14 7
738 4
509 2
271 3
600 3
192 5
384 4
789 1
431 3
120 4
712 3
244 1
41 2
628 2
229 5
525 4
98 2
450 1
260 5
506 5
532 4
101 2
163 1
408 2
619 4
365 4
363 2
300 2
383 1
238 4
17 1
86 3
746 2
404 2
759 4
751 2
367 2
262 5
207 4
261 3
401 4
195 1
221 5
559 2
442 2
591 3
393 2
155 3
630 4
364 3
663 4
319 2
131 5
142 3
396 1
580 3
370 2
779 2
379 1
279 4
277 2
112 1
699 1
613 3
627 3
184 2
777 4
537 4
228 1
698 2
283 3
7 1
722 2
434 5
553 4
49 2
423 2
503 2
556 2
347 2
797 2
231 2
774 2
429 1
415 3
172 2
668 4
795 3
291 2
46 6
340 5
448 4
461 5
21 4
579 1
486 1
389 4
162 1
76 4
597 4
588 1
610 1
375 1
788 4
83 3
560 1
22 2
418 3
151 2
36 3
359 4
336 3
313 2
310 2
294 2
355 2
467 1
725 2
137 1
681 2
740 2
519 2
58 4
168 1
736 5
12 3
771 2
349 3
502 1
352 4
791 1
402 2
564 2
296 4
213 3
152 4
433 3
173 2
790 1
335 3
496 2
122 3
67 1
317 1
9 1
594 1
85 2
118 3
324 1
513 4
623 2
495 4
235 2
464 2
706 1
721 5
555 3
466 3
637 1
111 1
237 3
686 2
720 5
197 2
254 4
153 1
492 5
104 3
702 4
299 3
302 2
764 4
135 2
703 3
366 3
457 2
422 2
278 2
479 2
585 2
206 1
545 3
661 2
31 1
773 3
28 3
739 3
526 2
593 6
6 3
707 2
88 2
635 2
516 3
608 1
15 2
727 1
547 1
29 2
493 1
233 2
766 2
105 4
141 4
484 2
567 4
97 1
157 3
458 2
371 1
543 2
775 2
159 1
671 4
618 2
71 2
476 1
748 3
140 5
179 1
161 2
253 2
767 3
287 4
133 3
315 2
655 2
455 2
620 3
360 2
468 3
664 3
321 2
304 4
673 1
11 2
391 3
266 1
169 2
129 3
499 1
386 2
505 1
798 3
267 2
68 2
345 2
439 3
650 4
16 2
548 2
491 2
653 3
351 2
290 1
354 2
780 1
713 1
282 2
329 4
512 2
48 2
728 2
332 3
350 1
269 1
215 2
416 2
667 3
368 4
609 3
234 1
471 1
793 3
95 4
689 2
323 4
529 2
188 2
239 1
436 3
659 1
456 3
318 2
411 1
44 2
647 2
243 1
665 2
183 3
143 2
203 1
377 2
34 1
39 1
742 3
353 2
700 2
616 3
204 1
24 1
214 1
460 1
369 4
648 2
684 3
218 1
494 2
306 3
563 2
65 1
453 1
33 3
288 1
176 1
421 2
578 1
741 2
717 2
733 4
191 1
554 2
53 2
508 1
316 1
451 2
127 4
376 2
694 1
259 2
193 1
649 3
709 2
115 2
787 3
517 1
240 2
150 1
772 2
148 1
497 1
538 2
388 2
211 1
337 1
697 1
533 2
72 1
426 3
43 4
109 2
528 3
202 3
342 2
428 1
573 1
96 2
571 1
577 1
63 2
643 3
171 2
180 2
636 2
518 2
565 5
125 2
675 2
208 1
406 1
62 2
56 3
362 2
626 3
662 1
575 3
719 1
660 1
586 3
37 2
465 1
190 1
212 1
10 3
463 1
432 2
483 1
314 2
81 1
732 1
147 1
761 2
116 1
477 2
250 3
187 1
144 1
1 1
799 1
113 3
534 1
374 2
680 2
611 1
677 1
74 1
333 1
268 1
718 2
70 1
507 1
275 1
745 1
587 1
158 1
601 1
222 1
107 1
138 1
652 1
196 1
576 1
75 1
541 1
640 1
695 1
778 1
rank player: 3 Individualist
10 161
9 151
6 160
3 144
12 167
11 182
4 174
5 170
8 179
7 161
1 166
2 185
rank player: 1 Individualist
3 173
2 166
11 175
1 162
7 150
5 151
9 181
10 138
12 186
4 167
6 179
8 172
rank player: 7 Individualist
9 177
7 154
12 178
11 148
10 167
6 157
5 155
2 191
4 145
8 177
3 175
1 176
rank player: 0 Individualist
5 167
4 179
8 184
6 151
9 146
7 178
10 160
2 168
11 173
1 178
12 155
3 161
rank player: 4 Individualist
6 157
7 160
12 143
8 174
1 181
3 165
4 178
10 182
11 164
9 159
2 166
5 171
rank player: 8 Individualist
1 178
3 154
2 151
4 167
8 191
11 153
9 154
5 166
6 167
7 181
10 186
12 152
rank player: 10 Individualist
11 175
3 186
5 153
4 182
10 161
6 166
12 175
9 180
1 145
8 168
7 159
2 150
rank player: 6 Individualist
8 158
5 179
4 153
11 152
10 165
6 171
12 160
2 174
9 161
7 178
3 160
1 189
rank player: 11 Individualist
4 158
8 146
5 187
1 166
2 150
6 169
9 196
10 167
3 171
12 177
7 164
11 149
rank player: 9 Individualist
2 168
12 179
10 182
5 190
11 167
1 139
3 169
4 162
7 159
8 155
9 164
6 166
rank player: 5 Individualist
7 176
1 158
9 154
12 157
10 161
2 169
8 154
4 163
11 186
3 176
6 189
5 157
rank player: 2 Individualist
12 171
10 170
1 162
8 142
6 168
3 166
2 162
4 172
9 177
5 154
7 180
11 176
