player: 10 Competitive
535 6
683 5
52 3
241 2
753 7
709 4
269 6
716 6
29 5
85 1
631 2
125 5
788 5
289 1
640 4
740 5
283 2
380 2
148 3
23 1
500 5
203 2
228 4
80 2
756 3
314 3
615 5
191 3
764 1
385 1
736 5
318 2
36 2
9 3
506 2
610 2
46 3
174 4
57 6
290 4
149 3
574 4
112 1
224 3
742 1
355 5
45 5
391 4
705 4
774 3
759 5
646 1
541 3
287 2
708 3
659 3
490 2
83 6
455 3
434 3
198 1
523 4
432 3
770 3
508 3
329 4
777 1
368 3
623 3
605 1
347 2
645 3
596 3
737 2
195 7
292 4
763 3
323 5
177 1
543 4
493 2
711 4
51 4
732 2
644 4
528 2
73 4
582 6
178 4
38 3
531 2
42 2
163 2
246 3
254 2
317 8
783 3
270 3
102 3
762 3
786 4
795 2
496 1
675 5
752 2
8 2
312 2
132 5
682 1
278 4
715 3
116 2
747 2
3 4
22 4
336 3
797 3
374 8
663 1
215 3
698 3
437 1
133 3
600 3
39 4
324 4
26 7
338 5
144 2
757 2
120 7
417 4
522 6
395 2
320 3
56 4
633 1
276 6
767 2
234 2
754 5
190 2
293 3
422 2
566 4
30 7
384 1
568 3
280 3
90 3
12 3
225 3
492 4
213 4
452 2
48 5
449 6
249 4
171 4
521 3
745 3
245 2
768 3
41 4
670 3
443 4
554 4
470 6
667 4
433 2
263 3
230 2
587 6
146 7
222 4
414 1
309 1
179 2
674 2
170 4
55 4
502 3
726 4
61 1
419 2
50 3
299 4
400 3
235 4
727 3
499 3
334 3
33 2
739 3
109 5
389 2
268 1
106 5
189 5
622 4
274 4
591 3
639 3
326 2
173 6
634 2
399 5
719 4
567 3
175 2
412 7
669 4
513 3
649 3
435 3
642 3
579 3
678 4
671 5
40 1
454 2
373 3
108 3
772 5
469 7
584 3
181 3
200 5
476 1
620 3
35 5
661 1
796 1
484 5
381 3
321 4
733 4
611 2
590 2
157 3
512 6
79 1
616 2
370 2
445 3
515 3
701 2
387 4
188 1
176 4
18 2
429 5
632 4
341 2
365 5
428 4
349 2
627 4
594 3
460 4
124 3
552 4
420 2
71 5
464 2
729 2
798 5
551 2
520 6
147 2
89 2
686 5
192 2
95 3
296 2
749 5
714 3
547 1
495 1
300 1
346 6
692 4
390 4
482 5
251 1
311 3
405 3
382 5
710 2
519 2
14 4
25 3
77 3
354 4
697 5
784 4
658 1
162 4
575 3
466 2
70 3
352 4
69 2
86 3
392 3
100 3
67 2
618 4
284 4
350 7
87 2
641 3
673 1
337 2
169 3
734 3
408 7
461 3
141 3
260 4
724 2
569 2
315 2
717 5
651 2
21 1
647 2
504 3
511 3
282 1
386 1
558 5
534 1
478 2
595 2
725 1
706 4
664 3
731 5
63 3
205 6
532 4
577 4
142 2
279 2
49 5
160 5
220 2
277 6
518 1
159 2
261 3
773 3
221 1
549 2
168 3
498 2
238 3
652 1
565 2
607 1
96 4
166 3
707 4
265 5
152 5
755 2
411 3
4 5
509 2
550 2
700 3
497 2
491 2
145 3
467 2
372 4
713 1
54 3
351 1
44 3
751 2
297 3
223 1
78 1
31 3
559 4
563 4
99 4
593 2
214 2
444 1
262 1
396 1
359 3
357 4
560 2
468 4
137 2
376 5
356 1
11 1
693 3
291 3
81 4
690 2
539 2
325 5
84 1
430 2
126 3
319 3
104 5
694 3
416 3
247 2
248 3
379 5
172 3
272 1
310 4
766 1
322 1
37 5
533 1
136 4
167 3
544 5
530 3
98 2
489 3
267 3
472 4
555 2
462 1
103 4
64 4
483 2
115 3
485 3
92 1
275 1
448 2
648 1
662 1
231 2
236 3
150 3
425 3
131 5
586 1
257 3
657 2
47 4
139 3
687 4
458 3
689 2
202 2
427 1
5 4
302 3
629 4
501 4
413 2
475 5
525 6
720 3
792 3
672 4
585 2
88 2
123 4
229 2
212 1
439 3
378 3
218 3
583 2
340 1
712 1
459 1
333 4
660 3
165 2
440 5
217 2
15 1
363 2
542 3
481 3
227 2
794 2
193 1
684 4
28 2
331 2
164 4
250 2
342 3
135 2
151 1
730 3
451 3
361 3
259 2
255 1
401 3
6 2
613 5
153 3
383 3
140 5
335 3
266 2
602 2
304 2
572 2
253 1
606 2
402 3
209 1
232 2
576 2
59 4
431 4
599 3
621 6
703 3
72 1
775 4
206 1
612 2
494 5
790 3
787 2
273 3
196 4
155 3
301 2
603 3
327 5
239 1
702 2
76 2
679 4
418 1
154 3
507 2
473 3
343 7
138 1
538 1
765 4
760 4
306 2
407 4
685 3
93 2
743 2
666 1
226 2
194 1
699 3
316 4
66 2
328 1
704 2
182 1
424 3
487 1
503 1
97 1
571 2
339 2
793 1
423 3
240 2
442 3
285 3
34 2
17 1
570 2
536 3
643 2
617 3
237 3
545 1
436 1
204 1
446 1
185 3
122 2
479 1
313 1
781 1
415 1
60 2
180 3
161 1
592 1
474 1
286 1
91 5
609 1
101 1
7 2
303 3
58 1
252 2
608 2
758 1
129 6
597 2
288 1
505 4
281 2
635 2
367 2
394 1
2 1
156 1
638 5
113 3
197 3
201 2
143 2
746 1
718 2
219 2
656 4
561 4
540 1
564 1
779 1
438 2
548 1
553 1
471 1
366 3
256 1
330 1
13 3
619 3
517 2
750 2
526 1
771 3
119 3
488 3
298 2
514 2
735 2
403 1
308 1
677 2
348 2
529 1
799 1
388 1
20 2
294 1
744 1
628 1
637 2
447 1
480 2
10 1
307 3
668 1
107 3
510 3
332 2
377 1
364 2
778 1
557 1
344 2
134 1
791 2
43 1
441 1
404 1
398 1
186 2
578 3
477 1
780 1
199 1
121 1
776 2
375 1
738 1
761 2
681 1
111 2
456 1
588 1
614 1
655 2
665 1
688 1
208 1
589 1
463 2
598 1
127 1
721 1
465 1
130 1
527 1
676 1
128 2
105 1
421 1
453 3
722 1
654 1
573 1
581 1
271 1
397 1
393 1
24 1
258 1
158 1
769 1
264 1
353 2
524 1
345 2
358 1
53 1
369 1
406 1
94 1
360 1
650 1
player: 4 Individualist
220 4
447 8
338 1
507 1
748 2
514 3
286 2
209 7
472 2
58 9
278 2
618 1
74 3
6 3
268 3
272 7
54 4
516 3
235 4
409 4
184 3
733 9
172 8
648 3
491 3
204 4
757 3
608 3
224 5
110 3
105 4
360 4
133 5
482 2
374 3
659 4
164 6
553 4
627 7
518 5
494 2
775 2
592 3
451 3
476 4
790 2
62 2
96 4
419 4
195 6
541 2
628 2
619 2
751 3
354 3
486 7
773 3
497 2
461 2
783 6
253 4
535 2
588 4
505 2
626 3
689 3
40 1
667 5
784 3
700 3
560 2
84 1
686 5
222 3
375 4
312 3
556 4
649 2
539 1
383 2
174 3
109 2
385 2
432 5
444 2
387 2
760 4
117 1
275 1
448 4
540 6
87 4
45 2
537 3
598 3
296 3
137 3
157 3
50 4
583 5
66 2
442 1
787 2
493 1
140 4
25 3
616 1
455 4
273 3
595 7
381 4
720 4
81 3
599 1
480 3
15 2
30 3
149 3
384 6
38 3
283 4
310 4
643 2
562 5
634 3
587 6
126 2
71 3
135 2
343 3
699 3
336 3
407 5
319 3
228 5
49 4
119 3
466 3
661 4
270 4
245 7
147 4
345 7
168 4
509 2
301 3
274 4
740 3
579 5
327 5
208 2
76 3
458 3
684 5
103 3
303 3
162 3
4 1
261 3
481 3
798 6
532 3
364 3
367 4
633 4
266 4
443 5
794 2
604 2
666 4
398 2
29 3
292 2
210 5
681 2
153 3
199 7
652 2
315 4
159 2
390 3
785 1
362 1
622 6
46 4
276 4
251 5
91 3
701 5
615 3
139 2
734 1
309 3
501 4
789 5
662 2
506 4
324 4
464 2
431 2
389 1
563 2
293 3
581 3
288 1
473 6
191 4
586 3
212 6
322 1
445 3
405 3
80 5
306 3
564 6
70 4
674 2
474 4
647 4
534 4
326 3
768 2
400 1
295 2
573 3
630 2
156 2
214 5
37 3
585 3
124 1
223 1
202 4
788 4
750 6
477 2
116 4
572 2
185 2
777 1
548 2
349 1
624 1
728 1
176 2
469 5
738 3
500 2
138 2
355 2
179 2
399 3
765 2
621 1
305 3
26 2
584 3
57 3
561 2
696 2
20 3
143 3
718 2
423 6
242 3
23 6
406 4
123 5
388 1
141 2
607 4
125 2
611 5
197 2
192 3
475 4
705 4
151 5
89 2
425 3
233 4
95 4
753 3
625 1
361 4
85 3
737 4
687 3
77 3
601 2
237 2
637 3
479 1
43 3
502 1
528 4
485 4
459 4
115 5
669 3
600 3
78 5
337 5
410 2
724 6
263 3
754 1
330 3
280 5
55 2
629 1
247 5
698 3
682 6
691 4
304 4
269 2
526 3
47 4
302 3
429 6
545 4
79 2
752 5
558 3
529 2
331 3
265 2
369 4
796 3
112 7
271 4
218 3
725 2
42 2
231 4
457 4
653 2
543 3
436 4
342 5
63 1
41 3
227 2
680 5
470 1
359 4
72 2
462 2
277 4
65 4
797 3
294 1
640 2
570 2
248 3
591 1
566 4
489 3
660 2
217 1
198 4
555 3
64 4
401 4
397 2
449 2
5 6
779 3
380 2
665 1
318 6
33 4
59 3
175 3
463 3
769 2
580 2
395 4
341 2
82 3
351 1
440 2
692 3
672 4
352 2
711 2
236 2
88 2
521 3
187 3
328 3
148 4
372 3
69 2
645 2
755 1
424 2
350 2
403 1
378 3
128 2
254 2
731 1
730 2
97 1
311 2
234 3
67 1
297 1
107 2
498 1
746 3
317 2
795 5
416 9
213 2
577 2
173 3
747 3
663 5
524 3
28 4
377 2
712 2
332 1
565 3
108 3
75 2
260 3
120 6
98 4
533 3
544 3
90 1
252 3
770 4
421 3
484 1
358 2
435 2
44 3
102 5
639 4
610 5
420 3
426 3
194 4
239 2
363 2
201 3
522 4
504 1
741 2
93 3
496 3
651 2
146 1
551 6
453 4
255 2
664 1
782 3
203 3
22 1
450 1
408 1
267 1
430 4
642 1
767 2
412 2
52 3
258 1
339 3
379 4
144 2
190 5
154 3
780 4
439 2
413 1
196 2
743 4
48 1
334 6
415 3
122 1
205 6
290 5
685 2
468 4
357 5
452 2
759 2
609 3
221 3
764 2
513 2
702 3
688 2
512 4
129 1
508 3
240 1
778 3
346 4
793 3
597 2
631 1
542 3
713 4
547 1
211 1
171 1
735 2
188 1
313 4
118 2
717 3
8 3
727 1
32 4
617 4
323 1
503 4
371 3
282 4
706 4
571 3
35 1
2 1
17 1
460 3
638 4
791 1
523 3
495 3
340 1
471 1
490 3
136 1
229 1
291 1
668 5
756 2
515 1
111 3
568 2
99 2
613 5
225 3
86 2
761 1
356 1
574 3
256 3
14 1
246 4
181 2
742 6
679 2
183 2
673 3
21 3
722 4
316 1
27 2
189 1
392 2
344 1
569 2
169 1
92 3
257 3
382 1
215 2
739 2
391 3
396 2
73 1
13 1
606 1
612 1
284 2
483 1
61 4
177 1
329 4
373 1
411 2
656 3
427 2
414 2
279 3
715 1
441 3
145 2
772 3
370 2
39 1
428 2
636 1
456 2
320 3
697 4
709 1
671 1
244 2
729 4
152 2
594 4
499 2
593 1
762 1
281 2
259 3
467 3
287 2
632 2
298 2
596 3
434 2
683 1
736 2
487 2
710 1
216 1
131 2
94 2
230 1
732 2
766 1
433 2
605 1
193 2
771 1
527 2
307 1
12 1
250 1
36 1
249 4
745 1
550 2
492 1
418 2
726 1
163 1
243 1
404 2
774 3
646 4
155 2
446 2
437 2
678 1
546 1
422 2
68 4
348 1
51 2
18 1
614 1
635 1
693 2
170 1
525 1
695 1
670 2
650 2
34 3
454 2
166 1
554 2
365 1
158 2
226 3
299 2
114 2
704 1
655 2
792 1
694 1
11 1
417 1
186 1
786 2
402 1
232 1
744 1
134 2
31 1
238 1
150 1
582 2
321 1
7 1
707 2
132 1
538 1
677 1
719 1
24 2
19 1
465 1
703 1
104 1
536 2
567 1
690 1
799 1
10 1
200 2
781 2
161 1
531 2
333 2
578 1
438 1
763 1
386 2
207 2
708 1
182 1
749 1
552 1
106 1
101 1
56 1
165 1
142 1
264 1
121 1
130 1
589 2
393 2
394 1
player: 11 Competitive
521 7
383 2
476 4
83 5
496 5
445 4
396 4
402 2
703 5
685 5
374 2
594 4
653 2
468 3
612 3
669 2
345 5
74 2
286 5
501 3
591 5
316 2
51 3
589 4
584 4
776 2
656 7
12 2
608 3
657 2
384 3
664 3
363 5
31 1
409 1
730 1
628 3
295 4
112 2
39 3
508 2
642 2
283 5
108 3
553 5
423 5
78 3
535 1
85 3
529 4
159 2
449 3
121 5
592 3
619 3
743 4
478 8
721 3
146 2
660 4
203 5
546 2
713 2
623 4
668 6
597 3
332 3
165 3
325 5
60 3
675 4
132 3
176 5
70 4
773 3
150 3
106 2
474 2
182 4
349 1
577 2
747 2
473 3
333 5
301 5
674 2
679 3
190 5
166 5
306 4
513 1
536 2
514 3
705 3
712 4
224 5
69 4
635 3
62 3
138 1
654 4
769 5
142 8
652 6
562 4
564 6
25 3
485 3
272 1
606 3
736 5
701 4
770 4
672 2
604 3
187 8
729 3
329 3
758 1
362 1
631 2
277 3
406 1
202 6
41 4
9 1
618 2
448 5
100 3
334 3
154 5
256 4
607 2
171 2
5 4
523 2
787 2
344 1
790 3
56 6
220 7
52 3
183 3
641 2
211 2
164 3
263 2
330 3
390 2
550 1
452 3
8 5
465 5
101 4
615 3
250 2
410 4
403 3
336 4
774 1
103 2
633 3
353 1
129 3
162 5
732 3
364 2
716 2
520 5
544 6
226 4
477 2
531 2
420 4
451 5
764 5
321 3
259 1
4 3
677 6
54 3
576 1
682 6
723 5
693 6
757 2
210 4
140 5
573 3
755 1
248 3
725 4
518 2
613 2
480 3
252 2
185 3
63 4
372 8
570 2
299 4
671 1
50 3
360 4
621 4
331 4
382 4
348 3
469 4
771 2
26 3
768 3
684 3
371 3
257 2
229 3
650 3
191 2
366 3
197 3
312 1
234 2
424 5
322 5
49 4
45 1
648 2
395 3
392 4
238 2
94 4
744 4
16 3
475 5
378 2
305 7
528 2
237 4
139 5
313 4
30 2
484 2
58 4
694 3
711 2
3 2
110 1
746 3
404 4
158 4
279 3
175 3
798 5
517 2
588 4
482 1
289 3
645 3
598 5
261 3
241 4
216 4
511 2
718 5
141 1
775 2
258 5
585 2
503 2
235 6
489 1
772 3
195 3
439 4
453 2
760 9
408 4
762 2
68 2
87 2
522 4
199 3
335 1
253 3
413 3
551 6
542 4
583 2
28 1
155 2
446 3
389 3
201 2
479 4
46 4
57 1
124 2
22 3
429 4
11 3
323 1
676 2
292 1
40 1
643 1
561 1
524 2
427 1
340 5
287 1
136 4
438 2
457 3
582 2
563 2
359 3
267 2
560 6
48 4
765 4
792 3
92 1
414 5
512 2
29 3
649 4
67 1
525 3
27 3
516 3
507 1
240 3
735 3
86 1
590 2
709 2
161 1
79 7
509 7
59 2
73 2
208 3
137 2
266 4
290 4
678 6
145 1
209 3
7 4
260 2
222 4
296 2
791 4
343 4
688 3
75 1
637 3
609 3
527 3
294 2
548 2
714 3
91 5
245 3
206 4
98 2
88 3
38 3
443 2
196 2
786 7
636 3
99 2
19 5
470 6
639 7
302 3
632 2
569 3
683 4
418 1
303 4
734 3
355 3
236 2
119 2
568 3
710 4
308 1
391 4
430 3
738 3
756 4
554 3
761 3
177 2
595 4
218 3
640 1
173 4
358 2
610 2
239 4
567 2
419 4
97 4
722 6
194 4
767 1
526 3
375 5
689 3
538 3
394 2
291 3
254 2
532 3
742 2
43 4
504 4
795 2
273 3
117 6
315 2
426 1
602 3
571 2
151 3
681 1
539 3
412 6
599 2
264 2
737 5
80 4
552 2
186 2
293 4
285 2
646 2
782 2
319 4
399 3
579 5
629 2
466 5
352 4
575 1
739 6
310 4
386 3
659 3
749 4
47 4
502 3
549 3
309 1
634 1
271 3
314 4
133 1
556 2
212 6
644 2
311 2
244 1
341 1
686 4
265 1
72 2
407 3
228 3
460 3
436 2
720 4
700 1
754 3
557 2
559 2
661 1
96 1
750 2
35 5
555 2
411 2
440 2
193 3
326 2
377 4
778 1
347 6
537 2
281 1
270 1
143 1
157 2
243 5
105 3
497 1
284 4
724 2
663 1
127 3
180 2
533 1
662 4
249 2
733 5
603 2
455 2
135 1
10 2
670 2
232 2
357 5
379 2
447 2
510 2
148 2
780 1
367 3
168 1
428 3
695 2
102 7
498 2
144 2
160 2
304 4
622 5
114 2
385 3
456 2
6 2
717 2
759 4
704 2
351 3
500 1
13 2
317 6
620 3
262 2
696 3
794 3
400 2
763 4
181 1
55 2
350 2
178 2
655 2
789 1
491 2
433 3
483 1
81 1
275 2
692 2
246 1
84 3
89 1
667 3
691 2
387 1
42 2
519 4
221 2
486 3
174 1
687 2
369 1
462 3
626 2
361 3
169 3
574 3
731 2
14 1
586 1
441 2
163 1
435 1
214 1
184 3
205 2
71 3
207 1
541 1
18 2
365 2
490 1
64 2
33 2
126 3
227 3
338 3
368 4
215 1
614 1
204 2
487 3
346 2
647 1
624 3
61 4
152 2
149 2
784 1
339 3
1 1
417 3
425 1
506 5
34 2
581 1
122 1
111 2
673 1
76 4
337 2
269 3
219 2
587 3
21 2
2 1
658 2
745 1
698 1
715 1
493 1
318 2
130 1
381 2
373 1
116 2
170 2
354 2
120 4
104 2
370 2
565 3
255 5
356 2
444 2
699 1
24 1
543 2
596 3
128 2
198 3
467 3
416 3
242 1
515 1
66 2
167 2
405 2
172 2
777 1
153 3
707 3
223 1
380 2
492 2
401 3
505 1
665 1
421 1
638 2
785 2
651 1
297 1
499 2
611 1
288 1
488 1
779 3
540 1
461 1
601 1
65 2
328 1
431 1
797 2
251 2
706 1
463 2
415 1
397 1
748 1
558 2
298 2
545 1
388 1
434 1
179 4
36 1
20 2
115 1
342 1
53 1
307 1
547 2
494 2
118 1
327 1
481 2
616 1
572 1
225 1
437 1
247 2
93 1
442 1
781 1
231 1
422 1
15 1
625 1
113 1
719 1
320 1
753 1
580 1
player: 2 Individualist
386 1
459 4
623 4
358 2
7 2
49 4
186 5
207 6
288 4
690 2
205 1
30 2
520 7
595 5
397 4
101 2
368 2
549 2
715 2
349 3
43 2
411 3
15 3
605 5
125 4
412 4
569 3
89 3
596 3
790 5
262 2
36 3
434 5
127 3
641 4
367 4
41 5
55 2
525 2
458 5
601 1
257 1
99 3
671 7
485 2
772 5
415 3
672 5
2 6
530 3
325 3
505 7
785 3
445 3
724 3
759 3
503 9
564 3
765 6
42 3
60 4
237 6
501 6
5 5
156 5
626 7
470 2
701 5
450 2
727 2
776 3
636 9
496 2
335 3
165 1
760 9
571 2
766 3
289 4
6 6
383 1
366 4
35 5
402 3
365 4
171 3
612 3
614 5
466 7
787 3
493 1
451 1
85 1
206 1
400 2
103 3
218 5
54 5
29 4
574 6
692 3
279 3
84 2
464 4
104 6
199 4
775 6
448 5
48 4
742 4
142 5
176 3
230 3
232 3
681 2
57 3
621 3
310 3
583 3
276 5
190 3
154 4
253 1
343 2
592 4
274 2
9 2
795 5
160 1
658 4
63 1
294 3
345 3
204 3
265 6
738 4
750 2
684 3
355 3
723 2
598 6
446 2
754 2
665 2
736 2
490 3
683 2
304 3
423 2
273 5
656 2
337 6
378 1
579 5
87 2
740 5
255 2
495 4
523 3
678 4
177 4
774 3
784 3
468 1
716 2
334 2
541 1
610 5
653 4
116 2
510 4
336 4
514 5
382 2
192 3
744 1
157 2
14 2
475 4
733 2
597 2
745 2
645 5
561 2
758 5
371 1
660 5
23 4
661 1
590 5
146 4
688 4
51 3
659 4
710 1
45 5
427 3
181 2
616 4
664 5
587 6
680 4
591 6
713 3
469 6
570 2
338 4
457 3
395 2
405 1
110 2
66 2
547 4
651 2
663 3
600 3
141 3
741 4
719 3
128 1
492 4
100 2
489 2
61 7
148 1
4 3
650 4
499 7
120 1
37 3
372 1
697 5
149 3
266 1
362 6
293 4
535 3
86 2
786 2
748 5
222 4
562 2
351 1
122 1
483 2
68 2
539 2
543 4
463 3
360 3
536 4
33 2
379 5
410 2
768 3
576 8
71 2
438 2
292 4
194 3
195 3
27 3
308 5
198 3
642 4
669 4
52 2
568 4
437 5
8 3
328 2
270 4
83 3
77 2
21 2
196 3
137 2
315 6
24 5
309 3
756 2
407 5
518 3
545 3
628 2
109 4
356 3
373 1
271 7
519 2
542 4
235 3
268 2
314 1
687 1
486 4
39 2
439 3
426 1
670 6
111 3
559 2
225 3
254 4
454 4
251 3
637 3
212 2
133 3
472 1
435 2
694 6
301 1
696 2
625 1
347 3
364 3
135 2
487 3
346 2
582 3
75 2
359 2
95 3
376 4
31 4
567 3
646 2
711 2
17 3
662 6
236 2
793 1
19 4
629 5
180 2
18 2
563 6
1 1
640 5
482 3
452 3
677 5
553 3
124 2
401 2
134 4
432 3
455 1
413 2
620 3
65 4
706 4
158 4
418 6
763 2
132 3
326 2
409 2
94 3
286 2
691 4
213 3
295 2
572 7
333 1
712 5
674 3
734 2
726 5
208 3
581 4
695 2
223 3
732 3
79 4
191 5
558 3
421 1
416 5
676 3
578 2
76 1
619 2
370 3
22 1
118 5
348 2
178 4
704 3
313 2
755 3
240 3
743 3
312 3
537 2
221 1
557 2
502 6
484 2
632 3
430 3
679 1
269 2
115 2
341 2
281 6
150 1
342 3
769 2
108 3
731 2
521 4
721 4
481 6
161 2
241 3
707 2
498 2
777 2
431 3
394 5
735 1
131 3
285 1
767 2
98 4
144 2
647 2
476 1
62 2
46 2
163 3
589 2
238 5
638 5
480 2
462 3
608 1
473 3
749 1
602 7
398 2
307 1
290 3
261 1
172 2
730 2
615 3
467 2
129 3
508 2
778 5
88 4
20 3
673 2
201 2
297 2
729 2
762 1
260 3
538 2
25 3
97 2
603 2
737 2
67 3
321 2
318 3
442 2
657 1
151 2
534 3
757 3
686 1
74 4
533 5
56 3
322 2
123 2
565 1
387 2
119 3
330 3
573 2
599 5
630 2
169 2
516 5
722 3
105 3
728 1
138 5
624 2
72 4
627 2
381 5
607 4
643 2
788 1
357 2
751 1
404 1
789 3
58 3
250 1
258 1
374 2
617 5
229 1
566 4
546 3
389 3
515 3
388 3
556 4
174 2
422 3
249 4
339 2
532 2
47 3
420 7
69 4
130 3
380 2
59 3
529 1
517 3
252 1
193 2
479 3
631 2
248 4
761 3
145 2
113 6
352 1
280 2
792 4
783 1
794 2
182 2
797 1
433 4
102 2
461 4
675 1
419 2
408 5
231 4
652 4
209 1
444 1
771 3
189 1
263 4
618 4
284 3
278 2
299 3
353 2
215 1
511 1
331 2
385 1
622 3
185 1
551 2
53 4
428 2
544 2
414 4
153 2
114 1
224 2
708 1
436 2
497 1
478 1
779 2
187 1
782 2
316 1
324 1
702 2
781 3
682 3
243 3
259 1
28 1
320 3
580 1
264 4
188 2
753 4
173 1
747 2
210 3
552 1
477 3
703 1
644 2
424 2
425 1
709 3
139 1
509 2
164 1
226 1
277 2
244 2
217 2
791 3
107 1
725 2
329 3
500 1
396 2
93 1
302 1
296 2
369 2
228 1
717 1
344 1
594 1
92 3
202 1
700 2
267 1
718 2
214 3
34 1
184 1
384 1
13 2
635 3
211 2
152 3
361 4
291 2
242 3
282 2
417 1
705 1
526 3
10 1
275 1
634 1
38 5
70 2
604 3
554 2
147 1
319 2
197 2
796 1
471 1
162 3
540 1
667 1
465 4
90 1
200 2
246 1
491 1
140 1
513 3
323 1
752 1
593 3
82 3
363 2
770 1
12 3
613 1
764 1
447 1
739 2
354 1
685 2
453 1
399 1
443 2
440 1
798 1
441 2
429 1
746 1
305 2
586 2
256 1
548 1
155 1
560 1
332 1
96 3
179 2
512 1
390 1
392 2
126 1
698 1
577 1
216 4
689 1
714 1
639 3
106 1
283 1
300 1
16 1
720 1
311 1
73 1
460 1
168 1
449 1
588 1
350 1
298 1
player: 5 Individualist
326 2
783 4
410 4
58 2
748 2
437 3
270 2
5 5
164 2
53 3
373 2
255 4
359 2
454 3
579 2
519 4
185 2
206 2
755 5
241 3
230 4
14 1
734 6
12 6
168 2
277 2
142 3
56 5
512 3
511 3
630 4
214 2
663 5
393 3
719 4
122 2
703 3
338 4
77 2
76 2
623 2
680 4
245 3
572 3
760 5
396 4
411 1
460 6
585 4
59 4
38 4
518 3
161 4
501 4
147 2
267 4
332 5
583 5
779 2
476 1
251 1
313 1
170 4
353 5
656 4
612 5
205 3
533 6
673 2
337 4
33 5
717 4
445 2
463 2
87 4
435 2
625 2
433 5
795 3
136 6
571 3
402 4
662 1
209 3
421 4
727 3
763 3
307 2
705 5
127 3
616 2
125 2
124 3
320 4
743 5
600 4
179 3
213 3
372 3
569 3
659 3
726 6
573 2
551 3
770 5
23 3
491 7
224 3
576 4
448 4
74 5
682 3
749 2
479 3
638 5
503 2
477 1
405 3
769 3
195 2
497 5
283 2
247 5
370 6
563 3
764 5
723 3
106 2
655 6
80 6
747 5
510 4
68 5
627 5
91 5
641 6
541 3
22 2
126 2
194 4
604 2
183 2
21 2
615 3
575 2
633 2
204 5
483 2
602 3
111 4
607 3
116 5
675 5
190 2
708 3
644 3
774 3
222 2
776 4
730 2
220 3
225 6
46 3
342 2
276 2
654 4
582 4
231 7
312 4
83 5
650 2
119 3
710 5
413 4
457 4
254 3
236 2
554 4
740 6
620 4
570 3
534 2
666 2
226 3
301 2
679 2
252 2
672 1
72 3
132 2
54 3
350 4
700 6
557 3
468 1
481 6
597 5
429 2
203 5
143 4
257 2
264 3
260 5
737 3
304 3
356 4
108 6
290 2
509 5
746 3
667 4
617 1
371 2
790 5
186 3
466 6
274 1
415 2
52 4
773 2
242 4
629 3
729 3
731 4
458 3
788 2
259 3
695 3
44 2
151 4
217 3
286 3
129 1
133 4
452 1
498 4
649 3
191 9
293 3
450 3
567 4
545 3
8 3
692 2
791 4
295 2
671 8
49 2
595 2
71 2
725 3
32 6
263 2
412 1
37 2
745 1
140 2
442 2
298 2
472 5
233 3
382 3
631 5
310 5
198 4
797 2
265 2
216 3
651 4
556 1
669 1
613 3
771 3
67 3
66 6
590 2
369 3
285 4
98 4
425 2
718 4
781 1
6 3
732 5
92 3
322 5
16 2
112 5
385 4
528 1
4 6
713 1
271 3
375 4
408 3
210 4
65 2
404 4
738 4
608 3
699 5
504 1
238 2
199 7
333 2
314 2
99 5
515 2
646 4
506 2
323 1
156 3
152 2
377 3
103 2
287 3
681 2
443 3
598 1
184 3
759 3
677 3
11 4
61 5
715 2
772 4
334 2
141 4
422 5
500 3
229 2
548 2
376 4
684 4
555 2
798 4
45 1
453 1
441 2
395 2
399 4
546 2
626 3
319 3
540 2
89 4
237 7
138 2
36 1
409 2
172 4
202 3
374 3
178 2
661 4
643 2
728 4
316 5
308 3
487 2
173 2
449 3
150 4
348 4
182 2
397 1
149 6
698 5
526 2
78 2
325 2
428 2
392 2
593 4
712 2
167 1
289 3
436 2
330 1
796 8
93 2
176 2
131 4
758 2
341 3
690 1
459 2
688 1
187 1
565 1
358 3
733 7
335 1
35 7
328 5
39 2
115 2
386 6
73 4
664 3
577 1
70 3
523 4
652 2
756 3
693 3
29 4
390 2
416 2
484 3
327 2
431 2
535 4
696 3
41 5
165 4
109 1
440 3
530 1
212 3
642 1
660 1
470 3
352 2
614 4
269 2
27 3
157 3
181 4
513 3
303 2
742 5
494 3
158 4
42 2
389 1
139 2
193 2
155 3
394 2
15 3
243 1
349 1
777 4
516 2
724 4
473 2
775 2
767 1
360 5
462 3
640 2
336 2
439 4
426 2
464 1
420 1
451 2
741 2
82 3
169 2
739 4
560 1
398 3
311 3
253 3
232 1
189 3
31 2
559 1
200 4
266 3
300 2
246 2
175 3
278 5
701 4
75 3
507 5
628 2
100 4
221 1
10 4
761 2
55 2
606 2
128 1
591 2
489 1
282 2
564 2
432 2
192 2
228 4
685 1
670 3
19 2
279 1
478 1
765 3
351 1
363 2
434 1
107 1
704 2
272 2
3 2
762 4
543 1
721 2
716 3
258 5
118 2
694 2
709 2
619 3
502 2
599 4
566 4
268 2
296 3
539 3
219 3
438 2
244 2
789 1
689 5
611 2
637 1
648 1
480 1
418 2
57 3
665 4
299 2
419 1
379 3
273 4
135 2
40 3
95 4
305 1
605 3
50 2
24 4
104 4
754 2
658 2
97 2
562 4
653 1
490 1
751 1
621 2
485 3
446 5
227 2
447 2
347 1
586 3
364 6
47 1
471 1
482 4
146 1
406 1
735 2
223 1
317 2
622 1
529 1
636 1
239 2
85 2
768 6
262 1
256 3
574 1
711 2
427 1
121 2
234 2
154 4
248 1
544 5
9 3
674 5
618 2
558 1
400 1
339 2
318 3
592 6
18 1
340 1
105 1
102 2
30 5
60 1
160 2
51 5
86 2
632 3
744 2
291 2
430 2
780 2
357 1
678 1
531 1
753 3
63 2
218 3
645 2
782 1
784 2
720 2
388 4
635 4
64 4
610 1
362 4
137 2
587 3
603 3
455 1
469 1
321 1
207 2
736 2
527 1
315 1
467 1
368 2
697 2
517 1
691 2
367 3
387 1
568 1
514 1
499 1
668 1
113 1
706 2
525 1
197 3
346 1
110 2
799 2
174 1
461 1
474 2
578 1
94 1
159 1
657 1
43 1
549 1
581 2
383 2
188 1
284 3
380 2
584 2
520 1
17 2
20 2
177 2
486 1
240 3
683 1
1 5
639 2
496 1
148 1
162 2
34 1
294 1
624 1
550 1
403 1
542 1
249 2
538 1
792 1
297 2
235 2
354 1
414 2
424 2
288 2
2 1
292 2
750 1
62 1
702 2
114 2
329 1
495 1
634 1
522 1
407 1
163 1
81 4
96 1
201 1
90 3
324 1
456 1
778 1
306 1
280 1
707 1
787 1
417 1
752 1
166 1
757 1
208 1
13 1
343 2
79 1
309 2
547 2
384 1
444 2
7 1
123 1
714 1
345 1
365 1
786 1
302 1
521 2
25 1
331 1
423 1
561 1
580 1
player: 1 Individualist
678 3
648 3
542 5
679 2
66 2
438 2
719 5
148 4
479 4
40 4
194 3
162 2
565 4
147 4
80 2
771 2
619 3
586 3
635 1
13 5
419 7
476 5
691 3
477 4
570 4
293 4
62 3
618 2
740 1
322 3
207 3
379 3
699 4
90 1
423 4
505 5
700 3
701 6
698 2
214 3
552 5
369 6
525 3
465 6
96 1
119 3
63 6
533 3
739 3
414 3
399 6
662 2
433 2
720 4
444 6
747 2
349 2
250 4
195 1
319 3
632 2
78 5
355 3
230 3
186 4
310 2
385 4
397 5
676 2
133 6
413 4
118 3
36 7
537 3
217 6
630 3
658 4
387 4
128 3
782 5
317 2
696 1
425 6
551 3
468 2
507 8
578 1
280 5
726 3
29 2
454 2
577 5
724 4
336 6
124 2
168 3
185 5
705 3
370 2
628 2
271 3
206 3
571 5
5 4
8 3
20 2
103 3
278 6
563 4
350 2
407 4
531 6
392 3
123 4
671 3
580 4
178 4
681 4
226 2
774 4
754 3
412 6
767 5
499 5
501 2
686 7
299 3
150 3
532 3
490 4
169 3
512 4
238 2
575 3
625 2
122 3
487 3
627 3
218 3
288 5
225 5
613 2
30 5
209 6
449 4
396 4
258 3
82 2
410 4
616 5
722 1
694 2
100 3
327 4
418 5
729 3
599 6
215 6
234 2
689 3
173 6
415 2
320 3
344 6
605 6
668 3
353 3
557 3
108 2
403 3
101 3
792 2
190 3
402 4
251 3
725 6
728 5
566 1
784 4
626 4
428 6
177 3
311 2
741 3
212 1
697 1
427 7
92 6
569 3
175 3
201 6
615 2
152 1
508 1
279 3
22 8
688 3
703 2
466 5
604 2
457 5
409 6
57 2
300 5
213 2
19 7
91 1
70 4
759 7
129 3
68 2
707 3
71 3
650 5
435 2
84 1
75 5
116 2
777 2
50 5
472 1
561 4
246 3
773 4
751 5
267 3
88 2
766 2
406 6
298 1
518 3
203 2
772 5
583 2
787 1
762 2
55 2
677 2
666 4
326 3
629 3
567 2
341 5
198 6
467 2
95 2
582 3
357 2
32 2
277 3
576 3
781 2
523 3
515 3
558 4
272 2
191 2
383 4
264 2
550 4
639 3
624 2
595 4
244 5
104 2
620 2
429 2
661 3
670 4
775 3
763 3
765 5
144 5
704 3
516 4
282 3
117 3
683 2
314 2
193 5
764 3
343 5
584 3
733 3
672 2
682 2
401 5
12 3
321 1
488 7
389 4
602 2
473 2
692 4
434 2
735 2
237 2
53 3
684 6
715 4
367 4
283 5
484 2
253 3
39 3
325 3
601 3
656 3
546 3
6 2
364 4
585 2
44 4
731 2
509 2
77 3
156 3
485 4
3 2
356 2
43 3
61 5
493 6
790 2
443 4
647 4
548 2
11 3
458 5
612 3
470 3
587 4
145 1
799 3
769 2
795 3
181 2
285 5
717 4
768 3
568 2
667 2
621 2
495 3
49 3
593 3
249 5
76 3
182 2
506 2
486 1
269 2
660 2
208 3
315 4
2 3
140 4
489 3
636 1
233 3
702 5
223 3
176 2
295 4
28 4
522 3
798 3
498 2
262 2
776 3
445 2
296 2
398 4
649 4
374 4
746 3
480 4
674 4
97 6
114 2
652 2
596 3
302 3
205 4
734 3
456 3
527 2
608 3
132 7
574 5
112 1
366 1
199 3
362 2
188 3
535 2
87 6
643 6
655 1
371 3
284 2
541 1
750 3
598 2
390 2
318 2
377 1
714 1
346 3
437 2
709 3
617 3
562 2
553 3
372 3
163 1
328 4
21 2
463 3
380 2
502 5
526 3
138 2
335 1
222 3
422 2
469 4
544 3
309 7
17 2
15 1
794 1
783 2
301 2
38 2
107 2
41 5
24 1
732 5
231 2
93 2
460 4
155 3
748 1
641 4
665 1
306 2
197 1
651 2
560 4
340 2
365 1
170 3
161 1
451 4
753 2
368 5
540 2
420 2
529 2
219 1
442 3
47 3
745 2
716 6
307 3
125 2
416 1
65 1
654 4
351 2
153 5
180 2
127 3
453 3
229 3
333 2
216 2
796 1
610 4
378 3
475 3
305 2
538 1
183 1
592 3
609 1
25 1
653 3
539 5
242 5
452 4
579 4
687 2
361 1
491 3
143 1
459 2
137 1
287 1
224 5
554 2
663 1
291 2
793 1
73 2
256 2
7 3
255 3
640 4
166 2
268 1
241 4
354 1
347 1
503 2
474 2
235 3
174 2
441 1
644 3
634 3
204 3
556 1
105 2
35 3
276 1
136 4
81 4
348 3
126 4
179 3
54 2
245 1
536 4
534 1
227 2
638 3
464 1
290 3
530 2
603 3
121 3
597 5
252 5
211 1
524 3
120 2
756 2
791 2
210 1
110 1
547 2
408 4
758 2
240 2
519 1
113 1
555 2
308 2
149 3
64 1
228 2
187 1
600 2
439 1
462 1
510 3
171 3
573 2
730 1
359 2
646 3
461 4
109 2
111 3
69 2
142 4
257 5
513 4
337 1
18 2
521 2
60 2
690 2
338 2
45 1
34 1
432 3
405 1
202 2
611 3
313 1
106 1
743 1
426 2
14 4
86 1
393 1
448 3
757 2
394 5
270 2
154 1
785 4
159 2
631 1
543 1
673 1
99 1
254 3
752 3
421 2
695 2
345 1
386 1
323 2
79 2
27 1
72 2
141 2
559 1
263 1
167 1
376 1
259 1
446 1
589 3
4 1
645 4
528 1
358 1
247 1
26 1
248 2
657 1
594 2
52 4
260 1
514 1
59 1
274 2
115 1
37 1
312 2
744 1
83 2
737 4
693 2
424 1
492 1
381 1
395 1
736 2
184 4
135 1
33 1
511 3
478 1
334 2
622 2
151 2
332 1
755 1
289 1
481 1
713 2
158 2
685 3
329 1
496 2
483 1
273 2
304 3
711 1
286 1
760 1
330 1
497 1
504 2
721 2
192 1
590 2
236 1
588 1
281 1
48 1
42 4
564 2
749 1
275 1
58 2
545 1
139 4
331 1
200 1
94 2
606 2
31 1
455 1
303 1
239 2
591 2
786 1
85 1
417 1
642 1
324 1
131 1
51 1
384 1
710 1
297 1
89 1
98 1
261 1
494 1
520 1
375 1
266 1
232 1
607 1
player: 9 Competitive
665 4
255 4
174 5
435 3
97 4
544 4
334 1
393 3
421 4
770 3
618 5
311 3
341 6
12 2
698 2
408 1
678 4
625 2
491 3
674 3
361 1
494 3
4 3
11 1
87 4
702 2
111 3
765 4
90 1
622 2
781 4
52 5
520 6
160 3
165 6
443 4
228 3
733 1
245 5
681 3
583 3
191 2
464 2
263 3
473 4
546 1
67 2
179 3
518 5
722 4
415 2
226 2
353 1
633 1
281 2
235 4
332 4
390 1
779 3
506 5
324 2
610 5
243 4
595 4
357 2
358 10
313 3
153 3
642 2
623 5
127 5
794 6
56 3
292 4
307 3
687 2
569 3
398 3
405 4
777 5
409 3
634 1
296 3
455 7
508 5
138 2
515 11
549 3
31 5
123 3
767 2
525 7
481 4
599 2
283 3
340 2
536 6
130 2
752 3
246 4
662 2
364 2
675 4
561 1
19 2
285 2
502 5
220 3
323 2
530 1
280 5
248 2
176 2
24 6
766 4
763 2
554 2
64 5
437 7
672 3
629 4
104 3
278 3
714 4
337 3
758 3
59 4
274 2
151 3
718 2
378 3
539 3
738 2
326 5
389 4
433 2
252 2
51 5
462 5
163 5
166 3
118 4
208 5
30 3
577 2
423 3
744 5
477 2
690 2
42 1
608 7
668 7
505 3
117 3
70 4
368 4
537 4
33 1
182 3
586 2
418 3
730 5
565 1
541 3
751 4
193 3
331 2
669 7
427 3
343 2
276 3
186 5
43 2
321 1
168 2
150 3
414 4
312 3
419 3
746 5
786 4
348 2
95 6
480 5
206 3
187 6
140 4
571 2
602 1
756 4
511 5
575 3
98 2
645 7
484 3
486 6
531 4
683 2
315 3
754 3
526 1
782 6
39 3
385 3
50 3
330 3
214 4
35 4
559 4
93 3
582 2
155 3
200 8
490 3
768 4
581 4
716 3
712 4
106 3
440 1
204 7
444 4
13 3
156 2
192 2
747 5
663 3
308 6
139 6
725 3
719 3
458 4
189 2
112 5
708 3
62 4
580 1
58 6
45 3
547 3
788 5
420 5
603 3
277 2
572 3
271 4
778 1
528 4
456 3
309 2
293 6
254 4
159 3
764 1
21 4
119 2
769 4
157 2
753 5
503 4
640 5
578 4
2 5
375 3
438 4
452 1
231 2
185 2
347 5
373 2
265 3
522 2
5 5
299 5
288 4
791 5
251 3
545 1
785 2
65 6
354 2
585 5
626 2
524 2
671 4
686 3
631 1
240 3
422 4
576 3
472 2
247 1
10 3
381 1
470 4
567 3
451 3
591 5
149 3
650 3
44 7
693 4
728 3
593 3
266 4
162 3
759 3
412 3
627 2
787 2
406 4
704 5
533 4
363 3
190 2
749 1
724 3
441 2
507 4
9 2
727 1
403 2
664 2
183 2
351 2
413 2
362 4
607 2
657 3
689 2
304 3
170 4
557 1
213 4
371 4
512 3
236 8
735 3
743 5
391 4
300 1
46 4
667 1
379 5
614 6
110 3
352 7
792 4
732 2
660 2
516 3
275 4
469 2
195 2
335 3
144 2
487 1
152 3
535 4
36 4
394 3
740 2
316 1
496 3
401 3
706 4
26 2
76 5
628 3
259 2
592 3
320 4
396 2
18 4
27 3
551 2
237 4
126 3
350 3
22 4
388 2
269 3
84 4
739 1
540 2
760 1
359 3
679 3
697 3
695 4
590 1
624 2
310 2
232 2
619 3
564 2
397 4
290 2
145 2
146 3
500 2
268 5
135 1
253 2
345 1
584 2
601 3
431 1
122 1
445 2
327 4
338 1
731 3
54 3
434 4
344 2
439 3
684 2
270 2
346 2
177 1
291 3
374 3
142 3
333 3
723 2
643 2
114 3
88 2
453 1
7 3
258 5
711 2
342 1
66 3
717 2
510 1
262 1
301 5
755 3
102 2
92 5
399 2
115 1
196 2
233 2
256 2
620 4
573 4
411 4
570 5
239 3
57 2
229 1
647 3
721 3
513 2
476 3
91 1
632 1
774 2
534 2
383 3
641 4
203 4
729 2
272 2
676 3
680 1
209 4
167 2
294 2
701 4
109 2
25 3
238 1
356 2
700 2
501 5
707 2
425 2
188 1
198 1
223 2
61 1
446 3
133 2
101 1
720 1
370 3
736 4
450 2
94 1
131 2
108 5
116 3
463 4
298 2
273 3
407 3
796 2
392 4
41 5
521 2
426 4
302 2
148 3
382 2
217 1
129 2
780 3
147 2
261 2
329 2
132 2
264 3
550 5
105 2
617 2
529 2
305 1
404 1
74 1
202 4
349 2
230 1
750 2
703 3
519 1
75 1
77 1
504 2
279 3
673 2
17 1
222 4
653 4
99 1
745 2
635 1
514 2
636 1
609 2
566 2
207 2
588 4
318 3
287 4
416 2
303 3
424 1
81 1
15 2
49 5
143 3
128 1
48 3
377 3
107 3
615 3
286 2
661 1
40 4
376 1
136 1
366 2
666 3
400 1
249 2
495 3
319 1
428 2
227 3
604 2
82 4
384 3
387 2
726 3
386 1
267 3
325 1
492 3
775 1
172 2
799 2
594 3
53 2
461 2
773 3
651 2
169 2
297 3
474 2
175 1
242 2
685 3
552 1
691 4
210 1
649 2
523 3
499 4
317 4
23 4
432 1
173 2
234 2
86 1
360 3
757 2
489 1
218 1
80 2
761 4
124 3
289 2
705 2
71 4
556 1
137 1
579 3
402 1
37 2
184 1
611 1
600 2
205 1
164 1
355 1
488 2
498 3
141 1
467 2
314 2
306 2
762 2
790 2
589 2
613 1
493 2
429 1
606 1
244 4
709 3
38 2
60 1
3 2
241 1
336 2
201 2
598 1
597 3
442 1
295 2
73 4
410 2
694 1
430 2
161 1
72 3
328 1
658 1
797 1
20 1
194 1
47 2
646 2
568 2
447 2
605 1
225 2
652 1
1 1
216 2
449 2
16 2
457 1
85 1
696 1
63 1
644 3
372 1
783 1
369 2
89 2
699 1
741 1
748 1
639 2
460 1
713 1
527 1
199 1
417 1
224 2
78 1
548 1
655 2
365 1
692 1
219 1
587 1
517 1
560 1
28 2
282 2
260 1
211 1
436 1
134 1
555 2
459 2
55 1
8 2
178 2
558 2
83 1
479 1
120 1
742 1
793 1
6 1
562 1
637 1
538 1
448 1
798 1
79 1
367 1
648 2
29 1
483 1
772 1
221 1
100 1
715 1
player: 0 Individualist
472 4
397 2
250 3
791 4
414 5
291 1
35 4
104 6
662 2
228 6
178 4
94 6
500 2
712 5
631 4
311 4
167 3
136 4
379 3
722 2
394 3
650 3
677 2
649 6
753 5
747 3
481 5
480 2
568 2
435 7
347 5
789 3
49 4
62 7
127 4
146 2
108 2
507 5
475 2
54 5
234 3
205 3
573 1
713 4
304 1
458 3
787 4
572 4
763 1
516 5
410 1
156 1
348 4
70 3
609 3
236 6
40 4
504 2
413 2
248 2
335 2
736 2
476 5
9 2
64 2
642 2
289 1
639 4
540 4
87 3
275 4
300 5
678 5
672 5
150 5
230 2
750 4
212 3
252 1
280 2
93 4
66 7
465 3
586 3
18 8
511 4
783 4
515 2
542 5
610 4
544 4
607 3
74 3
99 5
366 1
525 2
179 2
401 5
78 3
621 3
538 3
7 4
102 6
553 4
61 4
449 5
164 2
418 2
557 3
240 1
315 5
547 3
691 2
558 1
778 2
375 2
82 2
707 2
85 5
283 3
651 4
120 5
508 4
770 3
125 9
596 4
598 3
461 3
199 4
323 1
110 2
83 4
114 4
489 3
238 1
552 1
294 3
295 2
757 4
623 2
718 2
184 5
563 2
692 3
792 4
450 4
582 6
447 6
638 3
693 1
423 1
698 1
723 2
251 3
688 2
339 5
351 2
635 4
272 4
60 2
177 4
132 5
63 3
608 3
438 4
764 6
555 5
633 3
671 3
276 4
182 1
259 4
309 3
354 7
728 2
281 5
485 3
173 5
301 4
220 2
262 6
537 2
36 3
448 7
89 2
72 3
73 1
246 5
197 4
617 3
148 2
159 2
541 3
669 9
640 4
654 3
501 2
33 4
16 5
453 1
52 3
338 5
731 1
721 2
119 3
218 4
170 2
383 3
97 3
776 3
219 4
661 3
647 3
533 2
81 6
187 3
77 4
293 5
314 2
470 4
710 2
505 4
80 2
399 3
702 6
191 2
358 2
614 2
630 3
556 3
217 4
594 5
186 4
765 2
171 2
201 3
532 6
161 8
254 2
577 3
101 2
103 3
441 2
655 2
142 4
353 2
325 3
517 3
673 4
206 3
685 3
675 3
255 4
666 1
264 4
26 2
8 8
328 4
717 3
786 5
589 2
781 6
446 6
180 3
748 4
147 4
584 2
152 3
466 2
788 4
518 2
592 2
106 4
554 1
222 1
86 1
208 4
782 2
48 6
382 2
528 1
263 1
279 3
720 4
126 6
567 4
233 3
559 3
232 4
689 1
679 2
709 2
249 5
244 1
370 3
445 4
24 2
429 3
308 2
701 3
25 2
549 3
599 2
624 3
143 6
428 1
305 2
758 2
588 5
732 2
253 4
785 2
235 4
377 3
645 2
5 4
760 2
51 2
629 2
569 2
153 2
42 2
183 3
604 3
434 3
45 2
312 3
273 1
65 3
155 2
436 3
756 2
84 4
738 2
131 3
307 6
226 3
260 2
242 2
224 1
495 2
625 3
44 4
364 3
580 4
668 3
378 4
181 4
519 1
47 3
579 2
37 4
112 1
761 2
641 3
751 2
628 2
462 1
796 2
135 4
138 4
1 2
774 3
204 3
775 2
426 2
590 1
20 2
409 1
346 4
268 3
719 2
658 3
22 2
381 3
417 2
3 2
165 1
329 4
587 2
118 4
488 1
14 1
50 5
459 2
473 3
189 2
424 3
581 2
468 4
526 3
368 5
711 7
27 5
746 3
175 2
595 3
605 4
534 3
107 6
464 4
725 2
225 4
531 3
729 3
611 5
372 2
660 2
670 3
578 1
737 4
4 1
149 5
696 3
419 1
415 3
491 3
287 3
425 4
95 3
371 3
23 4
284 4
403 3
457 1
768 4
245 1
700 3
134 4
391 2
798 3
467 2
772 4
697 2
777 3
6 5
145 5
137 1
686 4
502 4
43 2
652 1
412 4
169 3
708 3
565 4
318 2
694 5
437 3
202 1
198 5
562 3
506 3
160 3
474 1
498 2
406 4
430 2
444 1
395 1
116 2
349 3
427 1
570 3
400 2
207 1
174 1
140 4
356 5
766 1
551 2
405 4
105 3
88 2
682 2
699 2
296 2
521 5
270 1
76 3
743 1
211 1
771 2
601 7
19 3
561 2
192 1
420 4
176 2
512 1
320 1
21 1
695 3
421 3
141 2
680 1
121 3
454 1
653 4
369 2
331 3
603 4
239 1
535 2
575 1
28 5
299 3
715 1
258 2
597 2
342 4
130 2
376 2
585 2
726 2
545 1
336 5
619 2
92 4
636 2
326 3
322 3
392 2
282 3
620 3
75 4
163 2
478 2
745 3
267 1
627 2
210 3
637 1
612 3
539 2
385 1
762 4
739 2
319 3
393 2
716 1
344 2
213 1
214 4
780 1
634 2
431 1
215 3
285 4
613 2
321 3
290 3
615 1
799 3
166 1
564 1
345 1
503 2
32 2
606 3
286 1
706 1
288 3
292 1
724 3
59 1
451 1
241 1
31 3
11 2
442 3
767 2
690 2
548 3
56 2
643 3
111 3
727 1
196 4
440 2
752 6
714 1
499 3
172 3
162 2
749 1
193 4
277 1
317 3
41 1
744 1
168 1
58 3
797 2
530 1
271 2
306 1
96 4
583 1
795 3
374 2
656 4
115 3
373 3
256 1
411 3
674 3
367 1
705 3
574 3
529 4
432 1
302 2
471 2
340 2
407 3
68 3
486 2
350 1
456 1
754 3
546 1
386 2
389 1
522 2
365 2
591 3
416 1
359 2
477 2
261 2
154 2
560 3
388 1
644 2
266 4
17 2
402 1
316 1
622 2
664 2
113 3
303 2
343 2
687 4
330 2
337 2
646 2
396 2
237 2
626 2
324 1
742 3
484 1
46 2
657 2
310 1
740 3
576 1
497 1
91 1
38 3
221 1
510 1
57 1
496 2
665 2
487 2
593 1
243 2
71 3
122 1
509 2
158 2
67 1
734 2
363 2
360 2
200 1
514 2
157 1
13 1
117 1
493 2
124 2
794 2
333 1
663 1
683 1
779 2
133 1
194 1
390 1
460 1
10 1
227 1
600 1
704 1
520 1
463 1
128 1
39 2
703 1
482 1
404 1
422 1
257 1
100 1
513 1
357 1
90 1
784 1
29 1
384 1
278 1
151 2
332 1
188 2
341 2
543 1
733 1
523 1
524 1
123 2
297 1
203 1
274 1
265 1
12 2
790 1
30 1
79 1
298 1
216 1
632 1
380 1
676 1
209 1
247 1
327 1
648 1
player: 8 Competitive
786 5
777 3
688 3
748 3
617 2
80 2
88 4
566 3
267 2
459 9
506 4
472 5
172 4
766 3
233 6
226 2
749 6
100 4
406 4
5 8
126 6
533 4
511 6
136 2
733 6
625 3
131 1
423 3
308 4
168 2
351 3
287 2
116 2
115 2
155 1
458 2
97 3
743 3
456 1
599 2
498 5
313 2
236 3
575 6
614 6
387 3
448 5
388 4
107 5
677 3
594 5
109 4
616 6
791 3
45 4
264 3
179 2
611 4
237 2
81 2
667 4
34 4
370 5
623 2
648 6
558 4
260 5
289 4
466 1
244 4
595 3
66 3
489 3
274 3
483 2
46 2
788 2
570 3
514 2
642 6
792 2
717 2
67 1
372 3
643 2
726 1
181 5
552 4
485 4
137 2
698 1
285 4
692 3
332 6
315 4
77 4
478 3
129 3
375 3
762 3
473 5
695 6
680 4
11 3
60 5
551 1
295 2
428 3
703 2
697 6
715 5
352 4
280 2
201 6
716 6
184 2
618 1
373 5
263 9
443 1
427 3
220 6
725 6
57 2
301 7
753 3
292 4
1 3
61 2
343 3
306 3
231 1
424 1
272 3
731 3
544 1
451 3
234 3
303 5
750 3
383 5
344 3
326 5
747 1
720 7
621 2
464 6
200 6
87 3
281 3
683 4
502 2
120 3
689 3
323 3
256 2
600 2
435 3
534 3
243 4
758 4
798 2
124 3
512 4
360 4
368 4
17 2
608 2
186 8
589 2
211 2
340 4
54 4
150 5
7 2
576 3
15 2
597 3
504 3
253 4
590 2
446 5
632 4
334 2
663 4
527 5
767 3
176 4
701 6
768 5
581 4
396 3
503 4
674 3
770 3
192 5
686 2
470 3
724 4
314 4
400 1
421 3
382 1
630 5
676 6
49 3
79 3
624 2
2 2
658 5
278 1
410 6
55 4
560 7
353 7
708 3
209 4
729 5
304 2
117 3
437 2
606 4
50 6
452 3
99 5
365 3
588 2
453 2
113 5
299 2
513 6
202 6
146 4
655 5
224 3
687 3
401 4
525 4
248 1
520 2
6 2
261 2
518 5
702 2
567 4
771 2
742 2
693 2
19 3
43 4
23 2
765 1
322 1
30 4
430 3
646 3
640 3
221 2
139 1
341 2
795 4
208 1
245 3
657 3
4 2
302 4
438 1
505 5
105 1
546 1
342 2
417 3
519 3
266 5
492 3
356 2
312 3
547 2
359 2
718 1
276 4
56 2
416 2
431 2
385 5
694 1
465 2
3 1
242 4
187 2
635 4
571 2
62 3
659 5
376 3
585 1
273 4
8 2
641 1
170 4
444 2
386 2
647 4
528 4
404 1
196 2
526 4
673 1
610 2
13 2
638 2
133 4
350 3
194 4
537 3
247 2
745 3
25 5
64 5
601 4
740 2
784 6
193 3
408 2
609 3
515 3
378 2
678 1
706 4
764 6
732 2
774 3
583 3
42 3
249 4
216 3
321 3
554 3
214 4
228 2
58 4
10 5
654 3
487 2
510 3
475 2
138 2
455 3
82 2
14 6
563 3
104 4
125 4
148 1
700 1
779 3
22 2
422 3
671 3
746 3
619 5
132 3
166 6
78 3
93 2
165 4
235 2
436 3
529 2
9 2
664 3
681 1
358 3
462 1
778 3
573 3
390 2
331 3
282 2
490 5
346 2
239 5
29 6
160 2
317 3
760 2
254 1
335 2
426 4
203 3
135 6
613 3
175 2
639 1
83 3
661 6
578 3
696 3
180 3
70 3
474 1
794 1
684 5
250 1
660 4
158 3
277 2
633 1
584 4
411 2
736 2
152 1
591 2
174 1
596 3
447 3
543 3
167 2
349 3
47 3
28 3
240 3
497 3
714 2
662 1
283 2
394 2
213 3
751 7
324 3
177 3
316 2
18 3
230 2
586 3
108 1
419 1
190 1
159 5
325 2
72 2
604 3
157 4
569 3
354 3
682 6
319 4
500 2
782 5
16 2
499 3
123 2
439 3
182 3
719 3
440 1
35 2
162 3
210 3
523 6
142 4
262 2
629 1
407 4
628 2
163 3
565 1
467 3
296 6
603 3
557 1
634 2
432 1
329 2
592 5
95 1
21 3
787 2
38 3
269 3
772 1
507 2
298 2
101 2
103 2
442 4
290 1
121 1
92 4
141 2
293 5
191 3
540 1
153 3
653 1
650 3
699 1
265 2
218 2
508 3
612 2
797 2
690 2
36 3
412 2
775 1
607 3
310 4
12 2
399 3
377 2
118 1
128 4
199 3
454 1
185 4
197 1
328 3
418 2
76 2
668 2
539 6
195 4
24 1
238 2
255 1
727 1
420 4
587 2
130 2
246 2
434 2
53 2
297 3
759 2
381 3
219 2
582 2
164 4
535 2
755 2
366 3
783 2
556 2
251 1
189 3
516 2
51 1
86 2
127 1
205 1
212 2
501 4
580 1
722 1
728 2
730 2
413 4
572 3
627 1
143 3
52 2
477 6
553 4
522 1
215 3
649 2
532 3
602 2
541 1
405 1
110 2
309 1
111 2
198 2
785 1
562 1
524 2
173 1
773 1
305 2
96 1
780 1
712 3
710 1
140 1
491 5
217 2
347 2
441 2
392 2
90 2
171 6
367 5
134 1
89 2
669 1
605 3
145 1
68 2
345 3
776 3
98 2
450 3
517 1
482 2
330 1
545 2
362 3
468 2
112 1
31 2
379 3
41 1
307 3
74 1
644 4
232 2
734 1
270 2
626 3
429 1
530 2
461 2
403 2
271 1
744 3
223 1
348 2
494 3
71 1
371 2
119 1
476 3
300 3
222 2
486 1
336 4
338 3
94 1
415 1
327 2
593 2
691 2
225 1
241 3
542 2
384 4
615 1
496 2
32 2
333 3
337 1
656 2
33 1
389 1
206 2
559 2
637 2
393 1
156 1
102 1
754 1
481 1
48 2
549 1
568 2
757 2
391 1
675 1
161 1
294 1
449 2
471 1
154 1
380 2
488 1
204 3
178 1
672 1
721 1
374 1
509 2
705 3
311 2
793 2
75 1
395 2
756 2
37 2
463 1
63 1
761 1
531 1
364 2
622 1
286 1
645 1
151 1
425 1
739 1
495 1
665 2
536 1
737 2
469 1
73 1
288 1
40 1
268 1
114 1
707 1
564 1
738 1
538 1
183 1
320 1
27 2
752 1
339 1
227 1
409 2
275 1
26 1
631 1
713 1
735 1
369 1
44 2
579 1
318 1
284 1
69 1
402 1
355 1
620 1
91 1
player: 6 Competitive
325 4
522 5
3 2
64 4
576 3
563 4
665 1
657 2
625 3
706 6
181 5
628 5
559 2
476 3
535 2
677 3
343 5
388 1
425 4
444 3
132 7
215 3
557 1
478 4
18 3
424 2
203 2
620 3
619 2
119 3
786 1
321 1
405 2
515 3
219 2
663 6
104 3
671 3
426 3
275 6
485 4
40 4
759 2
21 2
423 5
782 2
180 4
28 2
661 7
660 3
85 2
552 5
441 4
544 1
400 4
33 3
262 6
228 2
412 3
34 1
484 6
764 4
487 7
178 3
539 6
364 1
184 1
584 2
205 3
503 5
78 3
153 6
532 2
674 4
418 2
280 3
116 3
507 3
633 1
302 1
373 5
541 4
230 1
327 2
174 1
336 3
664 2
99 3
670 2
499 3
531 4
691 1
642 5
252 1
298 4
276 3
289 5
382 1
189 3
62 6
25 3
355 5
646 1
779 2
345 3
587 3
368 4
187 5
37 1
593 4
149 1
463 5
224 5
32 4
662 2
566 2
385 4
510 2
777 4
509 2
488 3
720 4
94 5
679 5
53 2
70 5
342 6
396 2
267 4
209 2
521 3
164 4
767 3
746 4
729 3
297 3
415 3
260 5
26 3
398 6
278 5
735 7
5 3
785 4
602 6
97 4
80 4
23 4
229 3
30 1
312 4
416 3
39 2
4 1
511 2
266 4
498 3
306 5
654 5
340 5
656 4
615 2
551 1
798 3
556 3
772 2
238 5
362 6
47 1
550 7
684 2
73 4
186 4
528 4
429 5
183 5
766 3
603 3
605 3
357 3
2 4
152 1
421 2
202 2
789 1
594 1
769 3
367 3
231 3
175 2
381 5
331 5
623 7
456 1
146 3
285 2
261 3
741 5
22 2
20 2
86 10
596 4
330 5
129 3
703 1
111 3
545 4
610 4
322 3
723 2
377 5
317 2
277 3
649 2
788 2
775 1
311 4
410 2
35 3
150 5
333 6
110 3
776 4
736 3
295 2
672 3
329 5
430 4
61 1
570 1
7 2
288 4
204 2
294 2
210 8
751 1
353 3
464 5
608 7
708 4
51 2
290 3
282 2
341 3
529 2
716 3
667 5
442 2
630 4
653 1
271 5
379 2
286 1
634 3
214 2
65 3
732 4
466 4
753 2
419 5
747 5
546 2
232 2
393 7
420 1
157 2
655 1
310 2
514 2
151 7
161 3
361 4
612 2
616 4
168 2
346 2
437 3
8 3
773 3
450 3
403 2
387 5
728 3
154 5
652 3
730 2
79 4
371 5
208 5
264 3
446 3
407 4
714 4
554 6
284 3
493 2
693 1
90 2
406 6
109 1
492 4
704 4
140 3
82 2
640 6
344 3
757 3
696 4
774 4
145 3
113 3
508 5
471 2
568 4
771 2
567 2
235 2
44 2
752 6
392 2
240 1
613 2
790 3
482 3
211 4
300 5
726 3
614 6
167 5
682 2
676 2
750 4
147 1
731 3
201 1
216 2
690 8
460 2
565 3
179 4
477 1
647 4
74 6
626 4
698 2
292 4
42 3
347 8
513 6
77 4
160 2
176 3
458 2
588 2
675 2
114 2
525 2
439 3
607 3
589 3
91 2
643 4
701 1
309 6
711 4
12 3
461 4
69 3
443 2
107 3
126 6
595 4
506 5
451 5
76 2
133 1
683 2
324 3
611 1
520 2
738 5
397 3
631 2
96 4
251 1
307 2
134 3
537 1
768 2
527 2
749 3
195 1
401 1
448 1
505 1
191 2
673 5
89 3
793 3
173 3
83 1
781 3
305 3
717 3
697 2
469 3
502 4
253 1
31 3
582 2
101 1
536 3
315 5
555 1
236 3
733 2
226 4
92 1
88 2
304 1
108 1
700 3
115 2
193 3
501 3
9 7
249 1
627 2
592 2
182 2
399 4
52 3
366 3
734 2
123 1
495 4
36 2
712 5
14 2
257 4
778 4
212 2
334 1
243 3
500 3
359 3
650 2
549 2
247 1
45 2
68 2
389 2
316 3
15 5
796 3
621 1
313 3
433 3
6 2
754 3
103 1
391 2
139 2
158 1
112 3
447 4
279 4
213 3
560 3
374 2
575 5
597 2
632 1
177 3
686 3
724 3
323 4
438 1
692 2
172 2
318 2
577 3
287 2
467 7
669 4
136 4
207 2
455 2
299 4
523 4
117 4
540 2
636 2
504 2
609 4
348 2
490 1
794 1
408 3
468 3
19 2
291 1
332 1
169 2
411 2
268 2
376 2
319 2
569 2
335 2
66 3
303 2
740 3
281 2
479 2
629 2
274 1
71 3
761 3
526 2
265 3
250 1
138 5
233 1
67 3
641 2
386 1
256 4
93 2
194 3
244 1
638 2
745 5
725 2
797 2
259 1
100 5
715 1
162 3
722 2
127 2
356 2
339 3
56 1
218 2
453 1
707 1
24 2
38 2
658 1
384 4
688 2
255 2
63 2
743 3
272 1
483 2
206 2
50 2
163 2
601 1
128 1
481 2
795 3
571 1
517 4
221 1
457 3
591 1
585 5
792 1
301 2
573 1
48 2
413 3
369 2
363 3
474 4
59 2
354 1
604 1
579 5
404 2
533 1
590 1
121 3
417 6
378 1
222 1
1 1
269 2
530 2
43 2
225 4
659 2
564 1
120 3
687 3
600 1
583 3
337 2
55 3
548 2
27 2
75 2
562 2
84 3
254 4
644 2
519 3
328 2
685 2
534 1
308 1
635 3
486 2
799 2
192 3
223 2
365 1
473 3
60 2
383 2
190 2
431 1
227 2
422 2
156 2
198 2
440 1
459 2
561 1
171 2
41 1
470 1
283 1
57 2
137 1
744 1
320 2
762 2
748 2
54 4
106 3
165 1
710 1
727 2
293 1
372 2
666 2
622 1
496 1
770 1
122 2
125 2
702 2
46 2
409 1
248 1
512 1
428 1
432 1
705 2
524 2
494 1
241 1
98 2
29 2
578 1
518 1
755 2
783 2
737 1
462 1
648 1
436 1
617 1
58 2
375 2
142 1
756 2
491 1
49 4
105 2
574 1
624 2
572 1
131 3
185 2
380 2
197 2
188 1
402 2
390 1
695 1
314 1
599 1
449 1
475 2
713 2
542 1
102 2
758 2
10 1
689 1
480 1
454 2
547 2
370 1
220 1
245 2
239 1
516 1
739 1
237 2
765 1
497 1
598 2
465 1
143 1
780 1
719 2
791 2
606 1
651 1
95 1
414 1
694 1
234 2
144 1
395 1
124 1
678 1
553 1
350 2
270 1
159 1
130 1
17 1
199 1
558 2
326 1
87 1
581 2
13 1
player: 3 Individualist
162 1
177 7
451 3
394 3
468 4
673 3
714 5
234 4
239 4
150 4
32 4
560 3
582 2
569 3
645 3
173 3
692 5
349 5
454 3
434 4
556 3
260 4
487 2
719 5
612 6
47 6
644 1
56 1
231 2
614 1
498 4
753 1
166 5
467 3
579 3
194 4
512 5
242 1
324 6
565 7
119 2
766 3
459 8
659 3
121 4
338 1
153 3
589 4
68 5
585 2
706 3
171 5
782 2
217 3
84 3
377 1
402 1
745 4
352 3
722 3
760 3
274 4
146 3
328 2
578 5
92 3
573 3
187 5
593 4
419 2
429 2
325 4
473 1
564 7
35 2
69 1
315 6
393 1
430 7
58 2
574 2
562 3
595 3
615 2
632 5
727 3
17 4
697 4
625 3
179 4
362 3
221 2
501 5
291 2
795 2
31 2
677 7
40 2
678 4
148 2
223 3
210 4
308 3
286 2
131 6
592 5
493 3
244 4
568 2
311 6
127 1
288 5
38 4
102 4
27 3
742 4
168 3
182 6
551 5
337 4
382 5
74 1
684 1
209 5
609 6
407 2
215 2
374 6
761 4
778 4
321 2
353 2
650 2
503 2
571 2
9 1
310 5
786 1
461 3
275 2
190 3
111 2
198 3
43 7
547 3
611 3
550 2
271 7
115 3
180 4
798 2
369 5
378 1
738 2
440 3
470 5
25 4
558 5
135 4
371 3
264 4
386 3
48 3
671 4
219 3
298 4
546 2
549 2
80 2
372 4
624 4
628 3
89 4
46 3
471 3
297 4
339 6
425 4
575 7
720 3
576 4
283 5
346 2
693 3
681 2
631 2
437 4
435 3
453 5
717 2
444 4
106 4
415 6
257 5
607 4
246 2
475 1
621 4
262 3
797 3
388 3
197 1
598 4
57 4
649 2
379 2
193 4
344 2
276 2
466 2
545 3
250 5
83 1
757 4
213 3
544 1
460 2
610 5
638 4
208 2
789 2
792 3
75 2
212 3
336 6
53 4
307 3
137 4
728 2
496 3
555 2
253 3
226 2
590 6
658 3
581 3
139 5
653 4
474 2
787 3
731 4
118 6
695 2
184 2
409 4
71 2
370 5
774 4
748 3
95 3
455 3
241 5
752 3
41 3
42 6
16 5
390 3
130 2
277 3
172 7
406 1
410 1
696 3
506 2
335 2
509 4
108 3
301 3
266 7
781 3
255 4
389 2
174 3
663 2
469 3
685 5
777 4
522 5
505 2
216 5
432 3
488 2
492 4
138 1
691 2
711 4
281 1
652 3
771 4
152 2
366 5
497 1
6 1
646 4
206 6
245 5
299 2
367 2
794 3
791 2
726 5
674 3
256 3
702 4
202 3
401 6
189 2
126 2
436 3
630 1
707 2
639 1
368 4
502 4
294 4
116 2
563 2
423 2
618 2
688 2
218 1
60 3
112 4
523 2
405 5
740 4
703 3
627 1
37 4
280 3
373 6
758 3
364 3
292 2
36 5
532 4
510 3
144 3
755 4
396 3
735 6
90 2
617 7
656 6
733 2
33 5
660 1
52 2
1 3
608 1
136 2
442 5
583 2
743 2
203 5
486 1
334 2
716 3
5 4
67 3
516 3
128 6
145 5
489 4
140 1
2 7
635 1
192 1
783 3
248 3
515 1
701 4
680 1
273 3
312 4
439 1
759 4
557 1
96 2
267 2
732 2
195 2
258 4
718 5
110 2
676 3
81 3
723 3
670 2
21 6
249 3
672 1
623 1
167 4
26 1
91 1
122 5
642 2
528 2
457 3
28 5
654 4
44 3
661 2
125 2
228 3
616 2
452 2
479 3
178 1
537 5
63 4
448 1
776 3
764 2
648 1
449 2
705 2
657 2
699 4
85 3
14 3
11 2
559 4
13 2
675 3
647 2
586 3
317 1
463 4
773 4
539 1
519 3
395 5
478 1
441 1
737 5
793 1
666 2
577 3
78 3
715 4
159 2
303 7
55 1
319 6
606 3
285 2
708 3
169 2
375 2
744 3
287 3
713 3
318 3
746 5
514 1
566 2
668 2
39 3
507 4
533 3
499 1
143 2
464 2
109 1
600 4
293 2
570 1
361 3
426 3
356 3
431 2
79 2
133 2
7 4
269 1
342 1
381 4
97 3
347 3
165 1
235 2
15 3
327 2
259 2
529 3
161 1
721 3
164 2
446 1
254 2
626 1
305 1
494 2
263 3
20 6
348 1
594 3
207 4
157 3
34 4
651 2
282 5
232 2
580 4
531 2
289 3
664 4
380 2
655 3
331 2
734 3
641 1
24 2
790 4
689 2
572 2
88 2
779 3
93 3
427 2
662 2
465 1
686 2
687 5
554 2
762 1
749 1
634 1
513 3
132 4
8 1
679 1
330 1
142 3
622 3
603 3
443 3
240 1
104 4
422 2
155 2
113 2
518 2
601 4
154 2
643 1
483 2
295 4
365 2
587 2
304 4
768 3
438 2
72 2
129 4
252 4
51 1
50 2
724 3
411 1
561 3
482 1
45 5
413 3
62 2
329 3
105 2
279 2
141 1
224 3
391 1
237 2
491 1
784 2
538 3
227 3
709 1
185 3
343 2
599 2
101 1
296 1
65 3
780 1
477 2
333 4
387 1
214 2
117 4
770 3
10 2
400 1
424 1
300 1
730 3
637 2
511 4
100 1
418 3
799 2
29 3
124 3
151 1
23 2
123 1
604 1
326 2
103 2
314 1
229 1
694 3
383 2
272 2
704 2
243 4
476 2
481 1
30 2
417 2
238 2
247 2
160 3
485 2
82 3
729 2
584 3
188 4
534 3
398 2
147 3
525 2
204 1
605 3
54 1
669 2
690 2
421 2
230 1
19 1
306 1
49 2
712 2
363 1
332 1
640 2
530 2
456 3
222 1
73 1
524 2
181 1
265 2
433 1
596 3
403 1
99 2
107 2
251 4
500 2
700 1
567 3
284 1
358 2
345 1
535 3
397 2
788 1
357 1
384 2
341 2
70 2
175 2
309 2
355 1
201 2
404 1
59 1
548 4
597 1
340 2
392 1
302 1
445 1
360 2
408 1
495 1
665 1
613 2
520 1
416 1
769 1
163 1
763 1
12 2
552 1
751 1
450 1
508 2
233 2
64 1
225 1
199 1
741 2
739 1
541 1
399 1
775 1
420 1
351 2
553 1
636 2
785 1
350 1
526 1
521 1
18 1
66 1
736 1
765 1
player: 7 Competitive
88 4
102 4
107 3
591 1
174 6
788 3
192 8
556 1
10 4
546 6
135 7
557 4
714 3
55 7
181 4
477 5
323 5
418 2
196 1
528 4
13 6
738 6
737 4
603 3
221 2
571 4
332 2
569 5
146 4
219 5
445 3
356 3
390 5
692 2
239 4
220 4
292 3
41 4
43 3
68 4
301 7
537 3
697 4
80 4
726 2
234 2
188 2
414 4
21 2
564 3
392 7
694 3
772 5
795 5
446 2
712 3
695 3
421 5
131 2
464 7
407 2
308 4
129 2
349 2
2 1
333 5
314 3
381 4
172 2
596 3
747 3
242 5
365 3
717 2
8 4
247 3
544 3
442 4
385 2
512 3
209 1
708 3
535 7
248 2
655 6
191 2
506 4
612 5
396 3
782 4
205 2
505 3
742 1
759 5
299 2
89 4
186 3
343 6
31 1
684 5
263 5
476 3
223 5
753 8
167 3
616 3
611 3
145 3
538 2
295 5
621 4
659 3
189 4
75 1
529 4
605 2
440 3
650 3
504 2
230 3
81 6
741 2
76 3
693 2
12 3
594 3
51 4
16 4
425 2
373 3
651 2
527 5
134 10
398 2
179 3
361 3
24 2
98 4
642 4
725 4
106 3
137 3
487 3
410 1
254 2
488 3
92 3
702 3
548 3
303 4
576 5
424 2
423 8
279 1
212 4
494 2
485 2
566 3
530 2
28 3
769 4
763 1
450 7
273 4
165 2
244 5
428 6
447 7
681 2
57 3
770 2
534 3
197 2
559 5
623 2
724 2
170 2
86 3
46 5
141 7
710 2
183 3
634 3
56 4
493 5
128 2
758 1
736 2
350 4
337 5
154 4
346 3
161 1
582 5
474 2
100 4
355 2
691 4
749 4
322 3
195 4
461 2
439 3
184 2
719 2
602 3
415 1
394 5
116 4
315 4
590 4
339 4
640 2
227 2
340 5
609 2
387 3
522 3
589 3
648 4
412 4
291 5
207 5
543 2
148 3
352 1
664 4
444 6
500 2
431 4
614 4
456 3
367 4
451 2
663 3
635 5
375 2
731 2
171 2
405 2
627 2
26 5
231 2
290 3
402 2
200 1
467 3
69 2
156 3
168 5
111 3
687 1
73 2
619 3
260 3
280 6
676 2
586 1
761 4
386 2
77 4
718 4
707 4
723 3
567 2
465 4
310 1
150 3
748 2
403 4
441 3
66 2
729 3
584 3
601 1
173 2
433 4
713 2
411 6
275 3
637 2
489 1
175 5
475 2
779 4
540 1
432 2
120 4
130 2
182 3
27 2
286 3
321 2
169 3
734 2
615 3
329 1
153 4
296 3
267 1
492 4
620 2
284 1
96 4
152 4
709 2
630 2
669 4
653 4
281 2
347 2
222 6
118 4
470 3
599 1
249 1
374 1
794 2
202 3
351 3
285 3
9 3
297 3
72 3
236 1
185 1
773 3
499 4
380 1
679 2
514 2
460 3
338 3
435 3
583 2
654 5
305 6
610 1
277 2
449 4
11 4
206 3
547 1
253 6
513 5
436 5
376 1
604 1
771 3
592 2
319 6
304 2
732 4
401 4
162 5
246 5
368 3
780 1
293 1
215 2
766 5
751 3
764 3
667 3
370 3
50 4
661 1
577 3
117 2
17 4
108 3
194 3
531 2
23 3
536 4
462 2
199 5
271 4
282 2
579 2
560 1
416 4
574 3
123 4
258 3
336 3
264 2
298 2
787 5
232 1
70 4
35 3
790 3
90 2
238 3
716 5
353 4
25 2
673 2
203 3
344 2
180 1
665 1
581 2
233 2
789 1
29 2
593 1
163 2
636 1
208 3
101 7
211 4
217 1
54 2
201 6
481 3
743 2
83 3
289 5
309 1
5 2
272 1
395 4
508 3
63 4
61 3
671 2
218 1
554 4
701 3
699 4
341 2
400 1
728 2
18 3
784 2
778 2
383 5
79 3
578 5
552 1
48 3
575 1
703 3
78 1
144 3
765 2
550 3
668 1
325 2
40 3
675 3
797 4
257 2
698 6
159 3
633 4
497 2
408 4
509 2
455 2
672 1
468 1
127 5
644 2
261 5
674 3
229 3
142 3
730 4
245 3
250 4
555 3
690 2
466 4
60 3
39 3
362 1
711 1
328 1
629 2
85 4
647 1
720 3
114 2
511 2
752 2
510 2
757 2
99 3
132 3
597 2
799 1
62 1
645 2
662 4
204 3
404 1
638 3
744 2
265 2
139 1
502 3
745 2
237 3
210 1
632 1
641 4
331 4
126 2
160 1
715 2
33 1
266 1
187 2
496 2
38 4
422 4
44 3
643 1
74 1
366 2
357 2
507 3
364 2
549 1
241 2
287 2
777 3
112 2
649 2
413 4
483 1
598 2
32 3
278 3
115 1
705 1
516 4
670 2
124 3
20 2
793 2
251 1
82 5
572 1
417 4
391 1
235 4
495 2
479 4
573 3
438 3
113 2
369 3
53 1
754 1
532 1
177 1
49 1
595 1
783 2
542 3
628 3
689 4
525 3
607 2
270 4
785 2
384 4
36 4
240 2
214 1
158 2
686 2
388 3
225 1
443 2
685 4
67 2
420 3
563 2
626 1
498 3
409 2
378 2
585 4
524 2
91 3
519 2
334 2
696 4
746 2
34 2
19 4
652 1
426 3
776 4
482 3
274 1
473 4
316 1
587 2
151 3
288 1
354 2
798 3
283 2
119 1
320 1
406 2
454 2
580 2
224 2
359 2
109 3
125 2
666 1
389 4
767 2
768 2
136 3
484 1
688 2
382 1
706 1
760 2
348 1
372 2
300 1
588 2
269 2
533 2
503 2
64 3
228 1
775 1
262 1
259 1
721 2
570 2
164 2
520 2
313 1
453 2
501 1
658 1
327 1
727 2
427 1
363 2
565 3
558 2
268 1
677 2
45 2
452 1
216 2
138 2
103 2
312 1
624 1
133 3
786 2
193 2
646 2
682 1
84 1
523 1
143 3
480 1
178 3
430 2
617 2
307 1
140 1
155 2
680 2
377 1
149 1
95 1
639 2
94 1
166 1
4 1
521 2
176 1
379 1
252 1
656 4
360 2
345 1
105 1
15 1
393 2
469 1
342 1
704 3
463 1
358 2
7 2
796 1
419 2
459 1
71 1
87 1
326 1
755 1
518 1
190 2
6 1
59 1
52 2
774 1
121 2
256 1
478 2
65 2
792 1
553 1
302 2
618 1
471 1
399 1
104 1
317 2
243 1
324 1
606 1
756 1
47 1
429 1
147 1
490 1
526 1
3 1
335 1
561 1
371 1
437 1
1 1
rank player: 10 Competitive
9 157
10 168
2 165
4 179
12 159
1 161
5 143
3 174
11 171
7 166
8 190
6 167
rank player: 4 Individualist
3 183
6 171
8 185
11 177
7 159
4 156
1 160
5 177
9 156
12 167
2 164
10 145
rank player: 11 Competitive
8 156
4 172
9 159
3 163
7 169
12 169
10 163
11 175
6 180
1 141
5 172
2 181
rank player: 2 Individualist
6 158
7 164
11 183
5 163
1 181
3 135
10 175
9 204
2 155
8 171
4 147
12 164
rank player: 5 Individualist
5 166
12 181
7 166
1 187
10 161
2 172
3 163
6 146
4 173
8 142
9 150
11 193
rank player: 1 Individualist
11 176
9 188
10 174
2 168
6 173
3 168
8 172
4 150
5 161
12 147
1 152
7 171
rank player: 9 Competitive
10 160
3 159
4 152
7 178
9 164
8 178
6 168
12 179
11 144
2 170
1 180
5 168
rank player: 0 Individualist
7 149
5 142
12 185
4 151
1 175
2 190
11 147
10 158
9 164
6 185
3 190
8 164
rank player: 8 Competitive
12 155
11 168
9 180
2 155
10 157
4 187
8 159
3 152
5 175
1 163
7 175
6 174
rank player: 6 Competitive
4 169
8 157
1 172
2 139
10 206
9 158
11 138
3 172
12 169
7 177
6 155
5 188
rank player: 3 Individualist
2 176
8 167
6 161
11 153
10 187
7 151
3 155
1 168
9 156
5 154
4 199
12 173
rank player: 7 Competitive
1 160
3 186
9 164
4 165
12 152
10 146
7 175
11 175
8 159
5 191
6 162
2 165
