player: 7 Altruist
116 7
148 5
287 4
308 4
717 3
738 2
326 5
309 5
587 1
227 7
316 5
420 2
458 7
726 8
445 3
366 3
394 3
242 5
616 1
75 3
502 5
623 6
299 1
451 4
161 3
374 4
355 3
279 5
429 5
21 4
407 4
706 4
49 2
85 5
327 3
364 7
312 6
527 4
260 4
206 2
230 2
210 5
459 2
53 5
313 6
328 6
412 3
722 3
306 3
233 3
700 3
229 5
739 1
758 2
118 3
774 1
600 3
333 3
130 1
555 6
360 3
105 6
423 7
278 6
791 5
595 2
776 1
495 4
794 5
219 5
745 1
174 2
82 3
406 5
690 3
576 2
10 3
448 2
505 4
240 2
177 5
38 1
440 2
486 4
414 3
433 3
707 2
769 3
162 5
516 2
380 7
472 6
74 1
586 4
5 4
795 2
186 3
471 5
511 1
478 5
396 5
481 3
656 4
226 4
599 2
155 1
417 3
551 2
51 4
310 3
461 5
538 5
180 4
638 4
772 1
498 4
54 2
545 2
318 6
166 4
699 3
625 4
789 5
191 5
704 1
553 1
86 3
735 3
257 6
194 5
391 6
702 5
15 1
413 4
342 4
252 3
331 1
668 1
50 7
39 4
149 2
244 4
453 2
270 2
76 3
591 3
615 3
163 4
436 3
324 6
202 2
66 4
256 6
120 6
264 2
35 3
416 3
107 5
627 2
612 3
426 4
434 3
566 2
752 4
643 3
336 5
27 5
311 5
588 3
640 4
18 2
530 4
721 6
295 3
729 2
370 3
314 3
250 2
798 2
251 6
482 1
231 4
8 3
388 4
397 6
655 2
88 2
330 3
134 4
661 3
799 4
442 5
398 2
504 3
117 6
296 3
353 4
581 3
604 4
609 4
144 3
188 4
247 4
686 4
300 2
198 3
597 2
20 2
220 4
444 3
320 6
305 5
637 1
692 1
282 5
341 3
449 1
401 2
403 4
208 2
60 1
630 4
465 7
443 3
760 3
487 3
367 4
790 1
384 4
275 2
78 3
405 5
189 2
697 3
399 2
6 5
213 5
385 4
389 5
365 1
337 1
67 2
753 2
408 3
36 4
358 2
266 3
452 3
425 4
575 2
343 3
357 3
184 5
317 4
560 4
466 6
378 3
525 5
23 3
766 3
248 2
529 2
261 6
80 5
744 2
376 4
778 2
128 5
97 4
223 4
17 4
153 2
211 2
395 4
138 1
573 5
334 2
2 7
682 3
382 4
631 2
714 1
172 3
16 3
22 2
570 1
79 1
30 2
727 3
77 6
755 4
179 6
684 2
475 1
262 4
1 4
375 5
127 3
40 5
96 3
639 3
725 3
634 4
670 3
437 2
69 5
679 2
691 2
294 5
556 4
549 2
419 1
454 3
483 3
236 6
510 3
592 3
199 4
523 2
168 3
93 3
705 5
607 1
164 3
171 3
141 3
687 2
371 3
469 1
574 4
197 3
44 3
474 2
602 3
325 4
140 4
73 4
71 3
681 5
723 3
255 3
99 2
204 1
91 3
373 2
400 5
103 2
361 4
740 3
284 2
441 2
201 7
301 4
775 5
650 1
496 2
125 2
158 2
246 1
793 1
102 2
450 1
779 4
728 1
501 2
730 1
129 2
712 1
491 1
583 3
626 5
114 4
222 2
232 6
520 1
674 2
293 4
792 1
137 1
590 2
770 3
113 2
160 2
57 4
225 4
322 3
393 5
561 3
786 3
3 1
390 4
694 3
564 2
119 2
677 2
81 2
101 3
518 4
547 1
641 2
708 3
557 5
524 3
323 1
115 2
55 3
654 3
696 1
216 4
386 2
489 2
249 3
303 3
152 4
131 2
19 3
346 1
750 2
339 1
368 3
470 1
215 1
580 2
383 3
133 1
542 2
34 2
488 1
582 4
751 2
90 1
598 2
89 1
150 2
41 2
435 2
259 1
356 5
110 2
632 1
268 4
460 1
348 5
12 2
175 2
537 2
9 3
642 1
159 3
493 2
671 1
338 4
585 4
187 3
241 1
550 3
377 4
245 2
693 2
332 4
673 3
410 1
731 2
288 3
121 2
307 5
531 2
291 5
217 5
181 4
797 2
563 3
267 2
193 5
178 2
645 2
409 2
540 1
543 3
43 2
274 3
490 1
658 3
596 1
468 1
742 1
411 3
594 2
56 2
558 2
666 1
58 3
455 3
446 1
304 6
710 3
784 2
124 3
688 4
147 2
785 3
235 3
438 5
517 2
52 1
577 1
611 2
477 2
280 2
4 1
352 5
422 3
46 5
157 2
126 3
221 4
350 6
238 3
95 1
297 2
683 3
182 1
139 4
169 2
652 1
608 2
754 2
665 2
672 1
447 1
427 3
72 2
286 4
64 1
351 3
415 2
521 4
344 1
31 2
269 1
676 4
84 2
122 1
796 3
619 1
379 1
32 2
536 1
146 1
541 4
234 3
635 1
190 4
667 1
756 1
514 2
205 5
430 1
439 1
214 1
83 1
781 1
463 1
37 5
273 2
392 2
281 2
559 3
106 3
456 2
315 1
762 1
629 3
457 3
145 1
532 2
61 4
749 1
224 1
372 2
62 2
154 1
476 1
151 1
7 5
513 3
200 2
467 1
552 1
647 2
170 1
492 3
340 2
13 1
302 3
428 3
648 1
431 2
212 2
660 4
546 2
298 2
663 1
767 1
473 4
418 2
554 4
25 2
548 1
424 2
464 1
165 3
111 2
183 1
176 2
335 1
617 3
354 1
519 3
628 2
533 1
522 1
387 2
203 1
173 1
65 2
63 2
98 2
289 2
649 1
207 2
659 2
253 2
276 2
782 2
773 2
732 1
359 3
196 4
319 2
497 2
644 2
764 3
759 1
743 1
362 2
747 1
499 3
112 2
757 1
624 1
263 2
132 2
254 2
741 3
237 1
506 2
737 2
185 2
535 1
92 1
614 2
272 1
363 2
142 1
432 1
381 3
568 1
108 3
724 2
610 1
24 1
507 1
218 2
678 1
653 1
500 3
484 2
68 2
716 1
321 3
565 1
421 1
349 1
685 1
135 2
709 1
633 2
571 1
777 1
100 1
123 2
277 2
285 1
290 1
680 2
143 1
265 1
104 2
572 1
636 1
28 3
695 2
195 2
167 1
109 2
292 1
664 2
329 2
768 1
347 1
589 2
718 2
763 1
11 1
94 1
719 1
87 1
526 2
701 1
70 1
479 1
711 1
239 1
651 1
579 1
228 1
584 1
258 1
player: 9 Altruist
3 1
222 2
394 2
504 4
297 5
588 2
758 6
513 8
44 3
376 4
384 4
258 6
403 2
242 4
784 3
798 4
38 2
428 6
288 5
461 1
557 3
245 2
293 3
569 2
155 3
163 3
699 3
662 2
74 3
591 2
432 2
107 2
70 3
27 1
282 3
643 3
188 2
241 3
269 3
692 3
786 4
173 6
237 6
467 2
407 4
86 4
520 1
328 4
416 6
523 3
392 5
375 4
308 2
748 6
296 1
675 1
604 2
28 8
353 2
162 3
72 5
186 2
322 4
453 4
238 3
435 3
260 3
742 4
225 3
326 7
71 3
84 8
475 5
444 3
265 3
525 2
644 3
794 5
680 1
270 3
15 2
378 3
348 4
58 4
30 4
197 3
651 3
157 6
158 7
684 2
125 2
7 1
45 2
9 5
202 2
96 2
149 4
515 6
210 4
324 3
701 5
509 1
498 4
40 5
251 5
653 2
454 5
530 4
131 3
121 5
182 9
507 8
47 7
132 6
413 1
336 7
431 3
546 4
332 2
592 2
292 3
343 4
259 4
396 6
123 8
112 6
492 4
707 2
152 5
216 5
585 2
230 3
329 3
31 4
255 1
75 1
717 4
203 3
65 2
414 4
723 5
29 2
303 4
471 5
367 5
493 4
731 1
150 3
607 2
232 8
753 4
310 4
457 1
390 2
129 2
657 2
318 5
518 3
180 2
581 1
534 2
79 5
767 4
126 2
393 5
655 3
437 5
10 3
472 4
451 2
66 3
555 6
621 2
778 3
253 3
656 3
550 2
193 5
226 3
558 2
488 2
306 4
667 1
234 3
401 6
576 3
115 4
298 1
19 2
67 4
48 2
439 3
373 3
137 2
244 4
294 3
438 3
387 5
184 1
423 6
522 4
174 2
302 5
148 3
178 7
331 1
634 5
645 4
729 5
49 3
380 5
542 2
517 7
101 1
466 3
746 3
719 2
316 4
415 6
208 5
82 3
5 5
481 2
615 1
706 4
433 3
233 2
299 4
638 1
603 3
166 1
334 4
317 2
90 4
446 2
339 2
335 4
677 3
304 2
59 2
395 5
791 4
127 8
499 6
18 3
460 4
587 4
196 3
443 2
424 2
775 2
666 3
676 1
194 5
33 4
122 3
120 1
141 4
267 2
108 2
626 4
370 7
420 5
262 4
735 1
385 2
582 2
346 1
608 3
145 5
219 6
341 2
362 4
228 7
285 2
501 2
23 6
286 5
456 6
300 1
369 1
567 5
633 2
34 4
319 5
56 5
252 1
681 2
458 5
417 4
455 3
641 4
281 4
371 1
63 5
214 1
703 2
54 5
85 2
792 2
441 2
752 3
473 3
505 7
117 1
12 6
140 4
114 2
261 2
179 5
221 2
64 5
69 5
551 1
147 2
568 2
99 2
223 4
205 3
544 2
400 2
313 3
722 3
280 2
485 3
497 2
736 3
759 3
635 2
553 2
689 2
159 3
386 1
774 1
618 2
110 2
751 2
430 6
620 2
200 4
26 3
171 3
25 5
231 2
566 2
536 3
624 3
528 4
164 4
484 1
640 3
773 2
693 1
57 4
579 5
94 5
422 3
340 5
694 3
195 5
198 2
88 2
167 4
436 2
425 2
364 3
215 5
320 3
356 5
449 3
503 2
625 2
538 2
445 4
397 1
257 4
726 4
109 2
100 3
583 6
273 6
494 6
728 6
541 1
1 3
698 2
405 6
715 2
459 2
62 1
740 2
168 3
206 1
119 6
749 3
737 3
240 2
254 4
532 1
98 3
720 3
22 2
357 6
105 1
480 1
379 2
136 3
156 3
531 2
309 4
113 3
36 2
161 3
682 1
669 1
780 2
419 4
434 2
399 2
354 1
35 2
220 2
383 3
739 3
93 2
135 2
510 3
330 1
490 2
560 1
700 2
183 2
272 2
627 3
470 2
571 2
142 4
595 1
229 1
236 1
765 2
447 2
374 1
478 5
500 3
289 3
695 3
80 2
652 2
176 1
724 3
556 2
574 2
593 2
411 2
539 2
333 2
46 5
91 3
799 1
209 1
408 3
679 3
175 2
227 5
708 4
185 4
170 3
279 2
790 2
479 6
190 1
21 3
554 3
266 2
278 1
646 2
549 6
465 4
559 2
631 2
477 3
661 2
526 1
111 2
514 3
124 1
2 3
586 4
511 2
508 4
406 2
361 8
516 5
61 2
247 2
165 3
713 2
524 1
17 1
463 2
732 3
55 2
623 2
697 2
6 1
187 2
630 3
565 3
496 2
398 2
248 2
609 2
363 2
796 3
151 5
529 1
649 2
191 4
599 2
665 3
207 1
271 2
350 5
73 2
77 3
118 3
725 4
338 2
347 1
83 4
716 4
616 2
612 2
427 3
685 1
660 1
342 3
352 2
325 1
366 2
573 2
189 3
81 2
360 1
426 3
743 2
771 1
256 3
464 2
495 3
672 1
562 2
130 1
16 2
502 2
246 3
637 1
204 3
563 1
714 3
683 3
235 1
486 3
263 2
561 6
307 1
491 3
277 3
102 1
636 1
276 2
337 1
545 1
482 1
512 2
169 3
154 3
678 2
721 2
547 2
20 1
32 1
312 3
572 2
344 2
410 2
476 1
95 1
37 2
311 1
144 1
274 1
770 2
60 3
738 2
103 1
543 2
606 1
181 2
450 2
598 1
519 1
483 2
250 3
381 1
212 2
763 1
711 1
795 2
153 3
295 1
727 2
654 1
301 3
788 2
134 3
614 1
797 1
89 2
92 1
570 3
199 2
213 2
138 2
769 2
673 1
128 1
224 4
601 1
41 1
781 2
474 2
104 2
747 3
8 4
421 1
783 1
78 2
755 2
590 1
750 2
613 1
372 1
365 2
605 1
744 2
648 1
143 2
709 1
440 2
284 1
52 1
741 3
305 2
409 1
13 3
527 1
745 1
53 2
355 2
785 1
211 1
264 1
139 2
639 1
50 3
42 2
349 3
537 2
345 2
291 2
578 2
469 1
218 1
622 1
412 2
287 1
787 2
674 2
106 1
382 1
11 1
594 2
733 1
670 1
602 2
402 2
418 1
611 1
688 1
323 1
448 1
4 3
754 1
368 2
540 1
704 1
642 2
548 1
756 1
757 1
321 1
192 1
39 1
43 1
314 1
249 1
160 1
718 1
589 1
664 1
533 2
217 1
628 1
358 1
24 1
564 1
617 1
690 2
243 1
671 1
777 1
596 1
710 1
789 1
391 1
687 1
442 1
388 1
87 1
766 1
player: 3 Altruist
242 3
535 3
94 3
602 2
139 6
731 2
726 3
219 3
335 4
371 5
461 4
527 4
463 2
739 2
73 2
544 5
251 3
210 2
705 4
467 4
756 3
590 1
38 4
790 2
425 2
377 3
275 3
795 2
446 4
413 3
692 3
185 2
783 5
671 1
151 3
78 4
431 4
357 1
243 5
291 7
241 6
84 4
799 2
447 1
476 4
203 8
652 2
10 5
173 3
437 3
497 4
742 2
486 1
118 3
419 8
369 3
206 3
493 6
732 5
74 6
735 2
265 3
228 4
227 3
438 5
656 3
503 2
190 4
521 2
31 5
563 1
310 9
722 4
133 5
225 5
36 4
524 3
4 3
167 6
624 1
72 5
512 2
779 2
175 4
565 3
625 1
304 2
326 7
223 11
411 4
3 2
483 2
92 2
189 4
108 4
17 4
5 2
302 5
423 3
763 6
352 1
319 3
543 4
87 2
528 3
30 1
299 6
179 3
381 2
695 5
37 5
325 3
257 3
550 4
639 4
282 2
356 3
154 1
90 3
171 4
747 3
39 5
663 4
480 7
276 2
560 2
271 5
102 2
792 3
260 2
773 1
797 5
199 4
316 2
793 3
112 5
26 4
428 3
761 3
67 1
57 4
435 3
105 5
750 8
418 2
442 1
211 3
295 3
378 4
162 5
460 2
531 4
284 2
769 4
267 2
582 3
507 2
709 5
100 2
753 3
472 1
607 1
407 5
269 6
436 2
149 2
253 4
782 3
450 3
229 3
324 2
165 5
380 5
293 4
452 3
340 2
349 2
662 4
236 3
708 3
519 4
569 3
678 2
204 2
529 5
222 6
237 1
347 2
391 4
68 4
727 4
621 1
164 3
405 5
343 3
168 4
61 2
365 4
441 2
523 5
97 3
475 4
605 3
736 6
230 3
11 3
235 1
128 3
459 5
462 3
629 4
677 2
277 4
96 3
256 3
283 6
311 4
376 7
66 2
234 2
150 3
600 1
784 5
440 3
333 4
415 5
337 4
430 2
245 4
477 1
285 3
606 5
754 2
688 3
93 3
466 2
416 1
616 1
586 3
344 2
252 2
156 3
649 2
52 5
56 2
142 3
281 5
791 1
766 2
444 4
214 3
632 3
65 2
183 6
182 2
414 3
653 1
194 2
309 2
594 1
394 3
161 4
321 6
261 1
510 3
636 1
51 3
317 3
373 3
42 3
18 2
572 2
323 6
140 2
288 1
315 4
202 4
686 2
617 3
192 3
169 3
737 6
798 4
292 3
294 4
520 1
781 6
633 3
2 2
718 3
89 2
110 4
558 4
278 5
240 3
562 3
647 2
79 5
399 2
796 1
745 2
645 4
359 2
637 2
619 1
355 3
216 3
474 4
458 3
109 1
689 2
76 4
733 1
372 2
196 3
465 3
345 3
358 1
641 1
395 4
221 4
785 2
48 5
760 1
290 6
623 2
400 6
640 3
504 3
113 2
95 1
489 1
484 4
82 1
328 3
526 2
305 4
615 2
375 2
432 4
681 2
644 1
181 6
303 7
205 2
564 3
457 4
555 3
131 4
506 3
549 2
421 2
496 4
707 2
518 3
129 4
664 2
687 2
685 2
273 1
114 5
336 2
697 2
693 6
390 4
1 2
455 4
542 6
8 4
752 3
41 3
701 2
408 2
15 2
539 3
402 3
98 5
177 2
393 2
584 2
43 7
71 4
348 5
417 3
612 3
54 3
191 3
794 3
233 4
748 4
648 3
426 2
481 6
710 1
126 3
592 4
248 2
238 3
715 1
166 2
13 1
53 5
115 3
574 2
604 2
714 3
331 4
247 1
46 3
123 3
771 1
464 4
642 2
368 4
147 2
174 2
449 4
699 3
573 4
157 4
212 2
608 1
788 2
684 4
614 1
7 4
88 5
332 2
155 2
516 1
514 2
329 1
658 1
361 2
660 2
759 3
581 4
401 4
21 2
145 3
587 2
232 3
674 4
577 3
62 4
495 1
23 1
134 1
25 4
743 1
499 2
263 2
479 2
27 2
213 2
513 4
501 4
29 4
404 2
200 2
289 6
775 2
143 3
85 2
353 1
103 3
751 3
121 3
296 3
231 1
696 5
44 2
137 4
350 3
439 5
556 1
279 3
224 2
385 2
9 2
611 4
24 1
597 1
764 2
116 2
298 1
104 2
254 3
314 2
392 5
724 2
320 3
694 2
541 4
424 4
306 4
193 1
533 1
468 2
124 2
706 1
787 2
338 4
270 2
370 2
351 3
341 1
599 3
244 3
744 2
22 2
433 1
308 1
471 4
396 4
613 3
59 1
268 3
410 5
16 1
532 1
12 2
117 2
711 3
683 3
50 1
551 2
35 2
498 4
478 1
125 2
548 3
570 2
673 2
635 1
258 3
536 1
755 1
119 1
515 2
387 2
40 3
186 3
618 1
318 3
403 2
120 2
723 1
99 2
786 3
148 2
651 1
367 3
470 1
127 4
749 1
702 1
246 5
698 3
717 1
768 3
218 2
716 3
451 2
534 1
397 5
545 2
107 3
170 4
598 2
334 1
342 1
669 3
239 1
272 1
672 1
312 1
757 2
566 1
69 5
777 1
159 5
552 4
620 1
553 2
287 3
659 1
172 3
770 2
286 3
313 2
725 3
187 2
178 2
494 2
482 3
91 1
297 2
339 4
492 1
596 5
266 3
511 2
730 1
19 3
195 3
448 1
547 2
259 1
158 5
720 2
249 2
86 3
691 3
680 1
180 2
580 1
45 2
307 2
561 2
207 2
538 1
163 2
55 3
106 4
226 3
626 1
537 2
6 2
488 2
740 2
631 2
141 4
198 1
83 2
500 1
220 1
58 3
445 1
595 1
670 4
217 3
208 3
160 1
354 4
473 3
364 3
666 2
366 2
122 3
301 2
327 2
406 2
75 1
152 3
622 2
409 4
517 1
28 1
530 1
330 1
774 1
490 3
422 2
765 1
188 1
153 2
146 3
571 3
668 2
362 1
384 1
682 2
434 1
201 1
540 1
546 1
453 1
138 1
255 2
383 2
643 1
382 2
485 2
646 2
758 1
184 3
603 1
300 1
322 3
762 1
136 1
176 2
630 1
209 1
741 2
576 3
585 1
700 2
398 1
675 1
776 2
389 1
704 1
77 1
665 1
250 1
657 1
379 1
719 1
579 1
49 1
789 1
487 1
63 1
729 1
627 1
386 1
690 1
713 1
363 1
508 1
502 1
443 1
388 1
32 1
14 1
197 1
583 1
679 1
60 1
412 1
420 1
454 2
280 1
728 1
33 1
player: 4 Altruist
447 3
97 6
69 5
702 1
642 1
164 5
335 2
346 3
753 3
405 7
148 4
18 2
256 6
727 5
315 1
241 7
604 1
344 4
126 4
214 4
292 4
590 3
403 3
172 3
397 4
104 2
536 1
114 3
156 4
796 5
359 5
112 1
438 4
78 1
203 2
697 2
284 3
437 5
330 4
480 3
434 1
592 5
267 1
478 4
206 4
202 6
425 5
504 8
122 5
119 2
254 3
245 3
563 6
251 6
145 3
723 2
96 5
571 2
116 3
687 2
141 3
331 6
211 6
212 2
321 5
136 1
239 2
741 1
314 3
408 6
491 2
772 2
492 1
761 2
19 7
509 4
441 4
620 2
693 3
574 4
133 5
259 3
289 5
120 2
13 2
220 4
237 3
336 3
208 10
549 1
7 4
192 3
65 5
358 4
280 3
219 3
690 2
355 2
533 2
118 7
410 3
686 4
752 4
388 6
255 6
132 4
442 1
9 4
265 4
400 4
485 5
101 1
777 3
774 2
152 3
36 2
785 5
66 4
307 6
350 6
544 7
776 4
63 4
149 4
751 6
147 1
439 3
799 3
304 3
168 3
589 4
467 4
446 2
568 2
570 5
25 3
605 3
514 3
33 2
496 4
409 5
348 3
194 3
789 2
226 6
692 2
545 2
53 4
266 4
456 5
584 1
431 3
556 4
356 5
632 2
689 2
310 6
415 4
746 2
614 3
128 2
274 2
107 2
784 2
685 3
198 2
51 4
451 7
529 4
455 2
60 1
154 2
721 3
296 4
125 1
86 5
270 5
196 5
494 1
151 6
670 1
363 4
305 7
452 5
105 4
375 5
30 2
109 2
117 6
745 5
345 4
323 3
188 3
511 2
433 1
72 3
576 7
579 2
398 3
283 3
68 5
12 2
422 2
498 4
35 2
380 4
378 4
758 2
204 5
470 2
612 5
58 4
661 2
717 3
601 2
734 3
174 6
707 5
113 4
84 2
301 4
615 3
234 2
770 3
726 2
382 1
412 3
755 2
465 4
34 2
417 6
88 3
213 3
139 6
244 2
633 2
766 2
263 5
295 3
22 2
153 2
553 3
140 4
20 3
160 4
786 3
550 4
328 4
17 3
472 3
444 2
338 5
56 1
372 2
513 5
788 1
347 6
341 1
645 2
38 2
639 4
526 2
285 5
252 2
762 2
287 2
454 3
279 4
618 1
578 4
754 3
530 4
404 5
8 3
29 3
384 4
92 3
333 5
146 5
28 2
297 6
264 3
161 4
706 3
792 3
381 4
64 3
499 6
57 2
560 4
683 1
144 3
660 4
429 3
610 4
724 2
273 3
272 4
418 2
782 1
312 1
532 6
176 1
366 3
587 2
497 4
708 5
48 4
502 2
735 2
49 3
411 3
427 3
195 4
674 4
228 2
166 1
537 2
94 2
351 5
16 1
386 2
362 1
268 2
694 1
797 1
581 3
787 3
308 5
135 2
261 4
737 2
291 4
621 2
510 3
368 3
45 5
91 4
249 5
722 2
247 2
115 2
416 3
613 2
523 3
183 6
175 2
235 4
716 3
243 4
324 3
293 3
484 4
207 1
288 2
253 2
24 6
477 1
597 3
435 2
269 3
229 2
123 3
596 3
357 4
52 3
712 2
428 2
508 2
23 3
794 3
522 5
572 2
793 4
390 7
99 2
420 4
201 4
479 5
520 2
505 2
26 2
677 2
798 2
795 4
137 2
389 3
518 3
67 5
775 1
552 3
617 1
711 4
180 1
542 2
512 2
385 3
163 1
474 3
406 2
643 2
189 6
371 1
374 2
327 3
463 2
110 2
698 4
747 2
332 3
75 3
165 5
525 1
489 5
87 8
517 2
582 2
173 1
476 4
392 5
599 2
672 1
688 3
127 4
322 2
108 1
15 5
567 4
376 6
516 2
248 2
339 2
250 4
210 2
624 1
3 2
10 3
61 5
142 1
424 1
493 4
73 2
471 1
671 2
602 2
603 2
106 2
186 3
487 2
302 2
585 3
337 2
231 3
306 3
701 3
39 3
653 2
667 1
83 3
778 2
157 2
527 2
668 2
460 4
426 4
242 3
177 2
298 2
80 4
630 4
343 2
586 4
158 3
448 2
575 2
673 2
490 2
402 5
232 3
74 1
569 5
765 2
414 3
461 4
647 1
294 3
640 5
200 3
459 1
781 2
482 2
515 1
557 3
299 4
682 3
595 1
598 1
399 1
326 6
215 1
313 2
627 2
458 2
98 2
656 4
743 1
644 1
93 2
580 4
364 1
555 4
286 1
395 3
271 2
750 2
731 2
277 1
577 3
445 3
319 1
258 4
1 2
506 1
131 2
436 3
311 3
528 1
150 2
44 1
407 5
233 3
608 4
736 3
622 1
538 3
184 2
763 1
21 1
440 3
181 3
199 2
76 2
85 2
77 1
554 2
519 1
562 1
742 1
100 2
138 2
588 2
170 3
365 3
658 1
551 1
450 1
32 2
59 2
725 3
216 2
709 1
791 2
373 2
197 4
715 1
227 2
130 2
360 1
636 1
37 3
481 2
462 3
300 1
383 4
594 1
340 3
652 1
54 1
638 1
767 4
193 4
41 2
11 2
4 3
31 1
738 1
394 3
276 4
129 3
675 1
71 1
473 3
648 4
342 1
759 3
769 1
704 3
81 2
611 1
205 2
167 1
684 1
649 3
124 1
89 4
367 3
238 2
179 1
240 1
710 1
82 4
6 3
421 2
464 3
720 2
143 4
779 2
278 2
483 2
62 1
593 1
664 2
475 2
559 3
546 1
524 5
43 3
714 2
548 4
469 3
699 1
432 4
162 3
260 2
696 2
650 1
282 2
757 1
729 3
534 2
303 3
47 1
329 3
5 1
171 3
728 1
419 2
50 2
430 3
573 1
423 2
625 2
155 1
730 1
768 1
246 4
732 2
783 2
370 3
111 1
413 1
669 1
209 2
654 2
443 2
401 2
679 1
103 1
257 1
495 1
221 1
379 2
185 2
225 1
377 1
352 1
387 3
453 1
744 1
222 1
309 1
771 1
703 1
609 2
521 2
354 1
539 2
500 1
531 1
540 1
739 1
320 2
547 1
623 1
501 2
488 3
349 1
224 2
606 2
740 1
79 1
583 2
191 2
334 1
713 1
565 1
543 1
325 1
561 1
457 1
760 1
663 1
718 2
486 1
159 1
719 1
102 1
393 1
503 1
659 1
748 1
169 1
666 1
631 1
player: 1 Altruist
247 1
150 9
406 1
475 3
215 7
6 8
113 6
632 1
271 1
545 4
680 4
698 5
413 5
317 2
450 6
494 2
122 3
664 3
687 3
485 3
255 4
137 4
197 3
323 2
53 2
481 3
402 5
459 2
707 1
791 2
552 5
775 2
553 2
753 1
745 4
355 4
164 3
117 7
157 5
542 3
736 2
258 4
782 2
469 1
740 4
559 2
456 5
56 2
738 1
163 5
374 4
228 6
440 3
37 4
279 4
64 4
673 2
408 3
762 3
161 3
568 2
127 4
361 4
516 2
213 4
195 7
254 1
286 5
112 3
72 3
509 4
534 1
441 3
675 3
11 2
578 4
468 2
395 5
379 2
229 8
464 2
183 7
239 3
592 4
766 2
656 3
13 3
430 2
483 4
784 3
208 3
551 5
75 5
719 5
670 3
580 2
684 1
598 4
384 5
570 2
199 4
300 5
297 4
572 2
296 6
607 1
604 2
272 2
423 7
377 3
273 4
352 5
153 4
263 4
677 1
333 3
54 4
194 6
383 5
786 2
385 2
594 2
79 2
359 4
71 2
418 2
292 2
20 3
14 1
452 2
256 5
348 2
357 4
125 4
760 2
151 5
227 2
36 1
490 3
339 4
538 3
716 5
203 5
81 2
181 5
111 3
186 3
266 4
389 6
581 4
447 3
672 3
42 4
526 4
431 4
169 4
751 4
205 5
692 6
89 5
416 5
470 4
605 3
371 3
699 1
643 1
282 1
432 4
335 4
202 4
695 3
196 5
563 2
278 4
260 3
586 3
744 2
761 1
319 2
442 2
527 4
405 5
794 3
295 5
249 5
498 5
655 3
476 2
758 2
488 6
343 2
280 5
5 3
50 2
407 3
309 5
521 5
46 4
265 2
541 3
484 2
124 8
8 4
165 3
443 2
58 3
615 1
24 1
463 3
637 4
248 5
372 2
103 4
360 3
80 2
245 4
435 6
171 3
363 6
515 4
473 3
302 6
480 6
472 6
131 3
69 4
60 2
200 1
465 3
307 2
726 2
212 2
187 4
2 3
109 2
564 3
795 3
251 2
188 3
177 3
30 2
119 3
668 2
48 3
709 4
747 2
458 3
243 5
623 5
729 2
12 2
129 2
514 2
47 3
555 4
495 4
601 1
32 3
584 2
666 3
523 4
301 4
705 1
250 3
436 3
550 2
394 2
288 3
115 2
798 4
345 2
682 2
380 6
134 2
220 7
499 1
252 5
305 3
116 2
723 4
39 4
780 1
291 2
175 3
703 5
651 4
107 2
93 4
322 2
294 4
4 4
315 3
392 3
287 4
575 2
316 3
640 3
330 4
367 2
491 5
16 1
170 2
702 2
438 4
146 1
15 2
776 3
636 1
274 1
477 4
350 1
535 4
460 1
201 6
312 3
415 2
226 2
325 5
519 4
457 6
767 4
610 1
455 1
735 3
97 3
334 4
571 2
671 1
110 2
653 1
83 6
91 2
536 2
369 5
461 1
773 4
225 5
546 4
90 3
419 3
525 4
739 2
500 3
308 4
262 1
189 2
33 3
51 3
209 4
548 2
331 4
349 2
221 3
23 5
328 1
742 1
573 1
510 1
155 4
522 3
178 1
382 7
512 4
192 4
303 3
688 3
57 4
562 2
366 4
624 3
685 2
236 3
635 4
74 3
789 2
332 3
517 5
342 2
61 4
717 1
749 2
376 3
662 4
232 4
283 3
462 2
437 2
694 2
19 6
482 1
132 4
727 5
52 4
577 3
444 2
95 2
206 3
356 2
746 4
657 3
231 3
123 1
748 3
722 2
593 1
193 6
174 4
453 1
763 4
130 2
714 2
253 3
337 2
497 2
98 3
26 1
324 1
327 2
156 3
641 3
652 4
290 2
27 4
529 3
439 2
391 2
712 3
414 5
336 3
173 3
17 3
41 3
185 5
506 3
210 1
549 2
299 2
404 2
191 2
721 3
285 4
741 4
1 2
537 3
591 1
689 3
362 3
768 1
596 3
449 3
246 4
400 4
25 2
446 5
143 4
693 2
399 3
353 3
417 5
29 2
235 4
710 6
237 3
326 2
329 4
154 1
234 4
626 2
466 1
603 4
785 2
674 1
66 4
198 2
34 2
608 3
162 3
557 3
565 2
539 3
35 2
106 3
311 8
508 2
224 7
589 1
77 2
82 2
167 1
351 1
310 3
600 1
216 2
222 2
219 2
681 1
799 2
144 5
422 4
731 2
293 1
101 3
792 3
579 1
269 3
264 2
268 1
796 3
691 2
543 1
781 3
448 1
502 2
321 1
214 2
478 3
276 4
531 2
105 3
683 4
434 4
588 2
401 2
451 2
429 1
318 1
244 3
108 1
556 2
424 1
787 1
788 1
257 1
410 3
396 3
378 3
190 2
426 1
611 1
28 3
737 3
320 4
797 2
340 2
99 5
149 4
223 2
493 3
59 1
667 4
639 5
275 3
757 1
771 3
148 1
139 3
314 1
370 3
44 2
425 3
524 3
711 2
65 4
428 2
87 2
207 2
230 2
520 2
755 1
145 3
387 3
344 2
619 3
136 3
669 2
518 2
104 2
238 3
364 2
259 1
398 1
375 2
492 1
341 2
133 3
732 2
638 1
347 2
663 3
147 2
700 1
160 3
184 3
168 5
554 2
733 1
427 1
18 3
388 5
412 3
88 3
92 3
390 4
304 2
313 1
487 4
660 2
78 2
597 2
567 1
182 2
267 2
544 1
606 2
85 2
158 3
770 1
128 2
616 1
793 1
55 1
501 1
633 2
120 2
358 5
386 4
599 1
582 3
752 2
140 2
471 2
734 2
86 1
540 2
121 1
566 2
49 5
70 4
724 2
496 1
622 1
642 1
76 3
354 1
504 1
45 2
96 2
479 3
454 1
511 2
679 2
94 2
728 2
114 3
365 3
759 1
43 1
778 1
649 1
281 1
486 2
67 2
172 4
576 1
381 3
393 1
261 1
180 1
618 1
40 2
21 1
706 2
583 1
420 2
532 1
569 1
152 2
609 2
756 2
474 2
648 1
704 1
38 1
574 1
242 1
678 1
620 2
126 1
769 1
647 1
31 5
204 1
686 1
135 1
503 2
211 1
9 1
142 2
368 1
630 1
697 1
790 1
676 1
68 1
507 1
7 2
505 1
627 1
701 2
3 1
240 1
612 1
241 1
617 1
141 1
176 1
634 1
587 1
590 1
645 1
779 1
629 1
player: 11 Altruist
710 2
585 6
603 4
348 4
304 4
672 1
780 4
253 6
319 5
296 1
278 4
301 1
782 1
503 5
784 2
160 4
376 6
453 1
350 3
328 3
176 5
334 2
729 2
576 1
325 2
223 5
738 3
407 5
414 3
404 5
485 4
320 4
730 1
662 2
57 3
456 4
656 1
270 6
776 1
178 2
20 5
218 5
204 2
790 4
425 5
773 4
704 3
795 5
19 3
127 3
69 7
97 2
246 3
206 3
125 3
533 5
187 2
159 5
705 6
661 2
757 1
767 3
134 2
14 1
144 3
553 1
311 1
259 3
650 1
515 4
467 2
692 6
432 1
62 4
228 3
390 3
365 2
504 2
89 4
477 3
341 7
199 5
590 4
708 3
224 3
673 2
156 5
59 4
781 1
479 2
430 2
42 2
793 1
209 3
363 4
480 4
8 2
169 5
588 3
65 2
139 2
27 4
112 7
641 4
149 2
29 3
286 4
51 3
394 3
524 4
496 2
111 6
440 5
630 5
39 4
103 1
135 2
385 4
765 3
345 5
25 6
368 3
785 6
162 4
697 5
443 3
556 2
658 3
615 1
528 3
381 2
379 4
742 5
691 3
193 5
412 4
332 6
238 5
181 2
173 7
516 4
26 6
290 4
653 3
445 2
76 4
648 3
396 3
509 4
249 3
596 3
694 4
308 3
593 2
143 5
545 1
344 5
538 5
428 3
188 4
438 6
487 2
233 3
124 2
23 5
750 3
671 2
297 6
256 3
95 3
464 3
292 5
200 2
417 5
523 3
579 4
75 3
508 5
745 3
241 3
225 3
72 6
264 5
359 1
410 3
778 2
592 3
772 4
336 6
389 5
357 2
647 4
599 2
372 3
130 2
494 5
384 4
552 2
421 3
146 3
427 1
287 5
46 3
338 4
613 4
620 3
220 4
726 3
549 3
198 6
450 3
145 3
609 2
119 1
791 6
734 2
307 5
221 2
155 3
333 3
506 5
275 4
679 3
505 5
323 4
497 1
205 7
236 4
719 4
361 5
351 2
277 4
68 3
798 4
281 3
378 5
624 2
131 5
300 1
575 2
101 3
466 4
391 2
632 2
462 4
71 3
510 5
527 2
437 4
201 2
395 6
758 1
353 5
413 4
514 1
482 2
86 3
574 3
81 4
104 4
419 3
682 4
461 3
67 2
686 2
748 6
586 1
444 3
720 1
633 3
739 2
693 7
546 3
614 1
280 2
73 4
229 5
35 5
577 2
132 3
591 1
226 2
370 3
476 4
88 4
762 5
82 5
239 3
360 3
677 4
513 3
723 1
283 4
337 2
475 3
291 3
760 4
470 3
598 1
167 2
215 2
383 2
164 4
329 6
469 3
340 4
649 1
214 3
481 6
618 2
179 7
406 4
194 2
393 1
94 4
13 3
709 1
141 4
451 2
182 5
543 1
367 2
563 1
177 3
40 1
442 4
788 4
322 2
597 4
548 2
54 1
293 4
517 1
174 4
98 4
61 2
424 2
474 3
191 4
93 3
696 1
377 5
676 2
6 3
316 3
274 1
452 6
405 4
157 3
80 2
441 3
154 1
92 2
565 3
133 6
626 2
369 2
756 4
213 2
570 6
448 4
116 1
651 1
702 3
683 4
108 1
539 2
740 5
741 1
743 1
604 2
272 2
449 1
402 6
295 5
680 4
471 1
550 2
439 3
24 1
230 1
279 4
685 2
32 4
190 1
312 3
299 2
525 2
522 4
196 3
271 2
675 3
5 2
306 3
472 2
714 2
490 2
58 1
558 1
387 2
660 2
560 3
78 5
426 7
87 3
324 4
43 3
118 3
106 1
136 3
273 2
138 2
541 3
715 3
764 1
123 3
435 4
493 5
747 1
751 3
153 5
346 3
66 3
589 5
713 2
621 3
768 2
45 1
761 3
91 1
566 4
409 5
465 2
688 1
2 2
733 2
1 2
170 2
645 1
250 1
314 7
237 4
168 5
728 2
625 5
302 1
70 2
600 1
96 1
313 3
37 3
240 2
180 3
9 1
309 3
36 3
212 5
530 1
512 3
197 1
418 4
30 6
498 4
736 2
639 3
606 4
429 3
724 1
454 3
17 3
122 3
189 3
285 4
115 3
137 3
16 4
386 4
540 4
775 2
562 2
501 3
352 4
422 3
354 2
276 2
489 2
616 1
185 2
261 5
347 5
403 3
315 6
244 3
411 2
161 4
397 2
568 4
507 3
21 3
90 1
659 2
689 5
399 2
735 1
318 2
113 1
416 1
617 4
605 3
634 2
777 1
473 2
222 3
121 3
783 3
343 3
342 1
142 1
531 2
158 1
7 3
183 1
60 2
50 2
339 5
436 3
330 4
262 6
52 2
400 5
635 2
227 3
408 2
392 1
11 1
637 2
100 1
41 1
518 2
622 2
53 5
265 5
737 1
569 3
242 3
99 3
298 3
529 5
202 3
107 3
455 2
294 3
305 2
642 1
172 1
289 4
695 1
753 1
684 1
234 3
102 3
266 2
247 3
148 1
707 2
79 3
326 2
663 2
717 5
56 3
117 2
796 3
268 3
375 2
703 1
4 3
356 1
447 2
388 4
583 1
140 2
303 2
434 2
186 4
33 5
532 1
232 4
254 2
643 3
120 2
366 2
10 1
47 2
752 2
483 2
371 1
557 1
331 3
559 1
358 1
644 3
655 1
216 2
64 1
128 1
674 1
415 1
163 3
468 3
551 2
114 1
687 1
667 3
716 1
48 2
794 4
74 2
623 1
602 2
774 1
251 3
544 4
382 2
631 3
317 2
208 2
433 3
484 1
175 1
398 4
84 1
373 3
511 3
627 1
521 3
519 3
492 4
203 4
759 2
184 2
166 2
638 1
263 2
3 1
712 1
792 1
495 2
581 1
722 1
535 3
572 2
231 1
668 1
502 1
628 1
746 1
547 1
594 2
612 1
584 1
12 1
460 2
567 1
28 1
219 1
669 2
431 2
657 1
321 1
49 1
171 3
38 1
463 2
267 2
771 1
255 1
269 2
573 1
374 1
789 4
666 1
537 1
245 1
664 2
711 1
258 1
152 1
364 1
619 1
779 1
459 1
554 1
580 2
486 1
457 1
284 1
610 1
282 1
260 1
217 3
85 1
646 1
534 1
401 2
754 1
192 1
561 1
110 1
731 1
362 1
207 1
607 1
423 1
129 1
706 1
500 1
310 1
147 1
786 1
520 1
player: 0 Altruist
540 3
460 2
344 5
79 5
621 2
252 3
162 4
266 2
280 3
330 4
675 4
473 4
556 2
282 2
125 3
57 4
194 2
609 3
303 4
575 2
498 7
413 2
173 6
783 2
706 3
434 8
462 3
598 2
24 4
408 5
699 3
55 3
221 4
398 3
384 2
301 3
405 4
513 3
719 1
593 3
351 2
60 3
502 4
6 5
231 4
753 2
107 5
545 4
361 2
461 2
242 3
605 6
222 5
649 2
228 1
260 5
335 5
653 2
644 3
161 3
391 3
268 6
550 7
298 3
457 2
749 2
258 5
571 1
316 4
388 4
87 4
44 1
45 4
407 3
101 4
207 4
265 2
131 2
295 4
297 4
770 3
627 4
310 6
287 2
411 4
321 4
190 6
255 2
51 3
360 6
235 6
421 4
290 7
592 2
245 3
305 8
359 3
43 7
354 2
149 5
586 5
30 4
17 2
116 2
102 4
124 3
488 3
475 3
27 3
486 3
791 3
715 4
702 3
292 4
83 2
441 4
581 2
625 3
147 3
440 3
140 5
69 2
59 2
481 4
123 3
91 1
314 3
449 3
377 4
179 7
195 3
281 3
792 3
690 2
403 7
153 1
372 4
680 3
647 5
790 3
632 4
489 5
789 2
660 3
370 5
522 3
275 4
558 3
504 3
257 1
551 2
501 4
739 2
562 5
109 6
563 2
249 3
523 1
576 5
740 1
547 3
378 1
81 3
283 2
437 4
529 5
414 5
452 4
517 2
306 3
236 2
631 2
180 5
748 2
559 3
203 5
751 4
418 1
397 1
776 2
92 2
320 1
237 3
348 4
406 1
490 2
272 3
616 2
419 9
512 4
318 5
674 1
182 4
723 3
591 2
798 3
155 2
52 3
259 2
204 3
49 2
750 4
56 3
590 3
646 1
793 4
725 2
63 2
439 3
714 1
105 1
35 6
379 3
515 3
42 1
154 5
189 3
32 4
212 4
65 2
176 2
505 3
253 7
720 1
392 4
697 3
163 3
664 3
220 3
33 2
130 4
367 5
531 3
31 5
39 2
10 2
518 4
139 5
574 4
279 3
544 2
639 4
532 1
1 5
166 4
256 5
526 4
138 2
100 5
19 3
389 2
508 2
271 2
560 2
527 3
319 3
578 1
433 3
285 4
656 3
726 2
264 1
495 2
546 5
208 4
133 4
85 2
636 6
78 4
450 5
772 3
270 5
307 7
21 4
93 3
174 4
62 3
451 5
386 1
70 2
520 2
503 6
561 5
604 3
95 2
7 5
788 2
178 5
601 1
218 3
645 1
363 3
612 2
15 4
175 3
741 1
691 2
196 3
156 5
668 3
564 3
698 3
61 12
671 1
356 3
534 3
493 4
657 2
704 3
415 6
514 3
41 6
474 3
158 1
75 3
573 2
669 1
193 1
274 2
286 4
477 1
88 3
448 6
499 1
446 2
666 4
273 6
64 1
206 7
250 4
353 2
548 4
758 2
333 3
387 4
442 2
278 3
478 3
395 3
315 2
243 2
417 2
509 1
121 4
103 3
71 6
357 5
537 5
347 4
633 3
120 3
119 1
94 2
239 5
5 3
167 2
603 2
73 6
782 2
465 3
25 5
641 1
464 3
332 2
530 2
673 4
309 2
369 2
304 2
613 2
695 3
410 2
185 3
213 4
402 3
137 2
727 3
104 2
528 3
144 5
752 1
294 5
535 1
734 2
48 3
112 2
768 1
615 4
300 8
401 2
98 3
108 1
143 2
412 2
192 1
618 2
661 3
492 3
89 2
707 2
16 3
217 3
427 3
168 1
288 2
399 5
796 2
23 2
322 3
553 3
289 5
157 3
97 2
293 3
215 3
637 2
771 7
549 3
422 3
787 2
681 1
312 2
323 5
152 4
716 7
491 3
650 4
328 2
635 3
326 3
329 4
642 2
777 5
431 4
9 3
110 1
683 3
22 2
201 2
169 3
496 4
542 2
205 3
148 3
14 2
435 2
254 3
444 2
622 2
261 5
248 1
396 4
184 2
34 4
709 1
487 2
468 2
86 1
694 2
350 3
342 3
358 3
214 1
67 3
759 2
40 1
624 3
340 1
485 5
345 2
794 2
589 3
339 5
299 5
744 3
234 1
607 1
11 2
68 3
470 3
471 2
111 1
291 5
159 3
693 1
539 4
743 1
662 1
172 2
570 2
710 4
569 1
429 3
795 1
443 1
682 2
584 1
686 2
394 1
20 2
28 2
209 3
711 1
241 2
160 4
432 1
202 4
799 2
600 1
229 7
769 5
424 3
141 1
678 2
4 3
585 3
373 4
557 2
238 5
99 3
596 1
362 4
331 2
630 2
371 3
381 3
277 3
483 2
382 1
775 3
594 2
317 4
269 4
667 3
525 1
165 1
355 2
767 2
211 2
762 2
425 2
655 2
54 5
47 2
113 3
151 3
463 3
708 2
90 3
658 1
602 1
746 3
74 1
223 1
459 1
400 4
436 2
296 2
620 3
183 6
466 5
284 1
325 4
96 1
191 1
479 1
445 1
738 3
409 3
380 2
458 3
456 3
599 1
106 2
115 2
494 4
262 2
721 2
2 1
246 1
580 2
66 2
480 5
177 2
760 1
150 1
219 1
701 3
684 1
676 1
224 1
786 2
467 1
430 2
565 1
36 3
343 1
579 2
365 4
164 3
352 5
420 4
588 1
82 2
122 2
634 1
755 2
781 1
327 2
349 1
136 3
251 4
186 3
595 2
346 2
302 3
324 3
774 2
170 3
611 3
453 2
737 3
135 3
376 1
533 2
199 5
334 4
46 2
37 2
276 1
606 1
210 2
181 1
127 2
117 4
240 2
784 1
469 1
779 1
308 3
311 1
423 2
313 1
134 3
50 1
705 1
230 1
336 1
780 2
482 2
519 1
731 1
507 3
538 1
76 3
747 1
267 2
454 1
608 2
187 2
198 2
375 2
368 2
742 2
728 1
244 3
554 2
8 2
200 3
766 1
718 2
717 1
146 1
497 1
516 1
404 1
118 2
663 2
722 1
577 2
785 2
428 1
80 1
757 1
426 1
638 1
476 2
18 1
447 1
500 2
648 1
732 1
145 1
733 2
729 3
128 2
171 2
778 2
724 1
764 1
12 1
626 1
232 2
703 2
700 1
132 1
692 1
797 1
761 2
510 1
472 1
84 1
677 1
567 1
745 1
610 1
685 1
651 1
383 1
26 1
114 1
player: 5 Altruist
215 2
496 3
535 4
642 2
42 3
185 3
666 2
748 1
420 4
548 5
720 2
575 1
459 3
741 2
23 6
362 4
755 2
29 5
493 3
707 4
494 4
444 2
500 1
259 2
178 2
103 5
352 5
579 3
273 6
480 3
674 3
117 3
783 1
213 4
497 3
709 3
33 3
777 9
727 4
140 5
370 2
269 4
37 4
74 6
670 5
184 4
525 4
753 1
592 5
503 2
70 3
308 5
624 3
155 2
616 3
180 3
187 2
6 5
32 2
262 1
73 4
349 5
343 3
348 5
325 3
456 4
458 3
145 3
143 2
481 3
533 3
223 2
190 3
466 3
277 5
658 4
404 2
39 2
355 5
564 2
778 3
200 6
454 6
746 3
119 4
303 4
13 5
235 3
725 3
794 3
2 1
306 2
67 1
95 4
425 4
368 5
416 3
146 5
771 5
431 2
204 5
80 3
335 6
426 3
276 5
158 6
634 3
327 1
385 5
41 4
594 2
110 6
743 3
258 2
76 4
83 4
127 3
197 2
52 5
398 4
279 6
721 2
516 3
66 5
123 3
552 2
667 3
20 2
142 3
305 10
54 4
685 5
104 2
44 4
602 2
587 3
656 6
195 2
735 3
469 3
254 7
378 2
367 5
202 2
449 3
96 5
317 8
147 2
696 3
201 2
12 1
394 2
124 2
657 3
798 3
234 4
373 6
64 2
615 4
706 2
512 4
400 4
739 4
167 4
284 6
265 4
275 3
326 5
737 2
62 2
694 3
206 4
131 5
728 2
554 6
126 2
112 4
256 4
260 5
300 3
329 4
536 2
648 3
780 3
612 2
551 2
490 2
478 2
614 3
166 3
487 5
407 2
287 4
781 3
387 3
360 5
519 3
98 4
544 2
662 2
633 2
386 5
369 4
537 2
231 3
237 5
27 3
26 3
581 4
598 4
314 4
57 3
340 4
50 6
219 7
239 2
639 2
69 4
330 3
295 3
702 4
280 4
248 3
626 3
91 3
224 4
669 3
106 2
207 5
376 4
31 2
401 3
288 3
230 3
7 2
664 2
242 1
292 5
747 1
643 3
171 3
774 3
77 4
99 4
238 4
161 3
673 3
789 2
411 3
25 4
625 3
138 2
517 3
316 4
630 2
364 5
763 2
414 3
181 2
227 2
606 2
283 3
225 3
675 1
186 2
87 3
436 5
79 2
336 2
569 3
691 2
290 1
243 3
19 1
192 4
668 4
130 2
93 4
48 7
311 3
30 1
647 2
296 6
222 5
196 3
672 1
375 3
566 3
565 4
24 2
463 4
154 5
591 3
705 2
540 4
455 2
788 5
312 2
8 2
60 4
353 3
381 4
504 3
1 5
595 2
193 7
520 1
590 2
43 4
604 1
351 2
232 1
298 3
244 4
151 2
78 2
38 9
413 1
328 2
621 3
765 2
14 3
438 2
372 2
572 3
430 4
505 3
270 2
738 2
345 3
492 1
676 4
337 5
543 2
9 3
562 4
722 2
439 2
379 4
382 1
36 1
310 4
159 4
719 4
434 3
233 3
779 2
286 5
278 9
539 7
236 2
610 2
766 3
796 3
542 1
307 4
84 5
550 3
97 3
532 6
152 2
397 4
15 4
488 2
570 3
75 4
418 4
468 1
257 5
452 5
209 2
619 5
428 1
541 4
228 2
16 2
683 2
149 4
661 3
226 5
4 1
429 3
450 3
169 3
133 3
188 4
35 2
530 3
715 4
464 2
686 2
422 6
82 1
507 2
651 2
11 2
102 4
363 2
339 4
176 2
346 3
344 3
687 3
716 1
599 1
86 4
217 4
787 1
445 5
423 4
331 3
285 5
701 3
421 4
457 5
264 1
68 5
321 2
115 3
451 4
467 1
506 3
59 2
790 1
649 3
754 2
749 1
65 5
433 2
477 2
63 2
403 4
489 3
513 2
558 1
322 2
695 1
760 1
441 5
734 2
45 5
538 5
17 1
475 3
229 4
194 4
684 2
291 2
529 1
175 1
585 2
216 1
338 3
698 4
150 3
424 2
679 3
644 1
671 1
736 3
797 1
89 3
427 3
408 2
509 2
384 2
718 3
608 2
179 4
51 2
177 2
72 2
526 4
769 1
717 3
212 4
576 2
183 3
241 1
61 2
191 3
334 2
141 2
128 2
56 3
122 2
116 4
593 1
613 2
704 6
793 1
22 2
640 1
148 3
622 3
465 1
365 3
137 4
109 4
268 5
250 2
132 1
792 3
90 4
251 4
515 5
499 2
618 2
473 3
600 1
461 1
100 2
211 3
571 1
583 2
410 2
682 1
389 4
255 2
162 2
471 1
309 1
107 4
405 2
712 3
240 2
354 1
406 2
759 2
272 4
85 1
101 3
274 6
580 3
313 5
524 4
724 3
432 3
252 1
442 3
588 2
247 2
703 4
210 1
573 2
136 1
374 2
443 2
263 2
46 2
486 5
638 1
510 2
756 2
730 4
751 4
395 1
453 2
460 1
174 1
357 2
508 1
10 3
470 2
733 1
333 5
293 4
474 1
534 3
518 2
641 2
710 2
665 2
53 2
289 1
160 3
501 2
611 4
81 2
301 3
479 1
628 1
170 1
388 1
412 1
484 2
144 2
172 3
319 4
609 1
586 1
392 2
511 1
396 4
553 2
693 3
94 4
267 3
361 2
699 2
472 3
165 3
245 2
342 3
114 1
521 1
764 1
744 1
531 1
249 1
271 1
205 1
514 1
281 3
607 2
105 2
482 1
134 3
636 1
680 1
366 4
563 1
163 2
409 1
168 3
502 2
578 2
645 2
646 1
732 2
391 3
485 1
491 2
297 2
266 3
714 1
156 1
214 3
605 1
742 4
153 2
88 1
711 1
617 1
522 3
28 1
546 1
560 1
350 1
417 1
700 1
498 2
440 2
347 1
448 2
304 3
629 2
189 3
635 1
58 1
18 2
637 2
723 4
795 2
758 1
584 3
108 1
601 1
523 1
111 1
435 4
198 2
654 3
5 2
71 1
358 3
791 1
182 3
690 1
324 2
302 1
770 1
113 1
773 2
120 1
246 1
745 1
282 1
692 1
568 1
549 1
47 1
650 2
784 2
121 1
772 1
555 3
785 1
446 1
786 1
139 1
40 1
199 1
377 1
261 1
495 1
574 1
402 1
582 1
757 1
157 2
393 1
135 1
371 1
399 1
315 1
556 1
577 1
632 1
318 1
332 1
750 1
92 1
559 1
623 1
player: 8 Altruist
301 1
315 7
263 6
513 3
420 5
543 3
191 3
380 1
342 5
119 6
353 3
407 6
405 2
657 5
58 7
163 5
110 3
17 4
685 3
702 3
227 4
479 2
706 2
591 2
676 1
299 3
636 1
164 3
526 4
4 3
264 4
483 3
746 1
173 3
59 4
127 3
188 3
259 2
642 3
454 2
262 8
278 5
190 5
205 4
161 2
575 5
65 3
16 2
570 2
304 3
189 4
762 2
255 3
546 2
284 2
740 2
260 2
76 5
428 5
757 2
488 1
775 1
352 3
765 5
624 5
613 1
39 3
22 3
222 6
87 6
111 1
497 4
151 3
458 4
792 4
237 4
589 4
192 3
745 5
187 10
351 5
286 3
394 9
57 5
294 6
346 4
55 4
21 4
481 2
518 1
785 2
122 3
213 5
383 3
388 4
520 2
751 2
178 3
27 3
653 2
558 1
203 2
24 4
468 3
257 6
640 2
378 4
90 6
796 2
658 1
249 4
760 1
172 5
303 7
2 5
156 2
254 1
40 6
402 3
1 3
585 1
584 2
320 4
728 2
696 5
794 6
625 2
504 1
452 5
727 3
243 6
226 4
411 2
130 3
563 7
413 4
194 2
252 2
476 3
160 5
496 4
710 2
362 4
463 2
231 1
117 4
610 2
505 2
150 2
91 3
448 4
460 5
667 6
211 2
637 1
426 5
486 3
234 4
146 5
67 3
498 4
322 3
112 3
82 6
25 2
132 4
341 5
597 3
104 1
196 3
38 3
183 3
750 2
177 8
8 3
507 3
293 6
350 6
338 6
364 2
440 6
158 3
390 4
698 8
618 4
577 3
517 2
64 4
789 3
200 1
712 2
136 1
228 4
360 4
198 1
368 2
688 2
134 2
733 2
541 2
439 3
369 5
339 6
681 5
598 2
265 6
253 6
81 5
778 1
208 2
242 4
236 3
715 2
367 5
34 5
333 4
372 5
684 4
330 2
787 3
609 3
767 3
682 1
281 3
725 2
20 2
357 4
84 5
435 8
754 3
274 3
646 3
311 3
612 5
142 6
752 1
654 2
273 6
386 4
275 3
307 5
47 3
547 3
453 2
689 2
155 3
345 1
450 4
662 1
135 3
14 6
449 4
99 1
103 4
550 2
675 5
229 5
174 1
3 2
500 2
480 2
153 5
495 2
95 4
643 2
711 1
539 2
659 3
734 2
53 4
632 1
334 3
535 2
363 2
561 5
123 2
434 5
230 5
94 5
302 7
466 2
276 2
239 4
473 1
37 4
536 2
666 2
523 4
472 3
277 3
43 3
113 3
493 5
393 3
89 5
297 3
181 3
332 1
424 3
327 2
788 2
683 2
491 3
74 6
139 6
267 4
665 2
412 5
349 5
400 3
269 5
594 4
703 2
48 3
30 3
446 5
572 3
176 2
162 3
329 3
54 2
283 2
261 5
42 2
623 1
634 1
571 2
224 5
713 4
742 2
101 2
355 2
506 3
290 4
639 1
310 7
140 8
545 1
487 3
747 3
720 4
197 4
502 1
552 2
596 2
138 4
15 2
701 1
451 2
693 2
166 4
514 2
170 2
470 5
251 1
566 2
469 2
78 3
316 4
474 2
23 4
152 2
567 3
421 2
432 3
79 2
232 2
758 2
325 1
258 3
131 1
366 1
109 3
425 2
627 1
36 5
749 1
731 1
171 2
328 4
756 2
184 2
356 2
455 4
92 3
204 6
456 3
485 3
337 3
769 2
560 3
287 3
381 3
324 3
182 5
248 5
519 1
218 3
305 4
562 3
69 3
31 3
492 4
154 3
672 3
220 6
295 3
660 1
141 3
569 4
409 3
590 4
313 2
137 2
553 3
626 1
7 2
501 3
32 3
530 4
240 4
46 2
525 2
13 2
606 1
387 1
631 1
217 3
615 3
314 5
375 5
238 4
418 3
630 2
382 3
431 3
777 1
695 1
98 3
168 5
318 2
186 3
622 2
319 3
373 3
207 2
679 3
670 2
490 3
641 3
444 1
215 2
389 3
748 1
697 3
718 3
97 3
321 2
457 2
554 4
772 2
223 3
522 5
744 3
347 1
379 6
551 1
741 3
708 2
129 1
404 3
105 1
77 3
620 4
291 2
433 2
438 3
580 1
395 2
209 2
221 2
406 6
726 3
461 4
687 2
300 2
93 2
359 3
716 2
344 2
202 3
66 3
417 5
29 2
233 4
755 1
5 1
52 2
477 1
735 1
537 1
638 1
524 2
419 3
195 1
582 2
268 3
647 1
515 1
692 1
739 1
374 3
540 3
6 4
116 1
51 3
361 3
86 1
651 2
12 1
408 2
317 1
721 2
635 2
707 2
118 1
678 2
655 1
674 1
437 2
124 4
145 2
557 1
73 2
180 2
28 4
270 1
114 2
216 1
256 2
45 2
527 4
445 3
499 3
793 5
126 5
175 1
436 1
603 3
574 1
169 1
244 2
798 3
107 1
516 2
306 2
289 2
75 4
565 1
482 1
115 2
159 3
365 2
143 1
26 4
384 1
776 1
790 3
148 2
102 3
611 1
61 3
700 2
121 1
201 4
699 2
503 3
429 3
773 2
600 2
422 3
343 2
588 1
694 2
282 2
235 5
459 1
616 1
462 3
467 2
397 1
489 3
555 5
108 1
544 3
737 2
595 1
377 4
376 1
246 1
416 3
521 3
399 2
219 2
559 1
538 1
371 3
719 2
736 3
336 1
602 2
443 2
214 1
100 1
652 2
70 1
680 1
50 2
391 2
673 4
691 1
71 3
206 1
729 2
88 1
478 1
285 2
671 1
669 3
68 2
167 3
185 1
193 1
510 3
578 1
414 2
766 2
509 4
447 2
199 1
403 1
465 5
308 5
410 1
96 2
645 2
730 3
245 2
508 1
759 2
272 2
10 2
85 2
309 1
179 1
49 1
335 1
722 4
18 2
210 2
280 4
629 1
149 1
83 3
464 1
592 1
581 1
607 1
370 3
484 2
617 1
533 2
783 1
354 1
247 2
784 1
633 2
587 1
60 1
649 1
542 2
548 3
398 4
586 1
423 1
564 1
753 1
764 1
35 1
442 1
33 1
430 3
663 1
529 1
608 1
157 2
165 1
714 1
743 1
396 1
19 1
494 1
358 1
709 1
326 2
528 1
781 1
532 1
799 2
348 1
125 2
568 1
401 1
271 1
619 1
583 1
212 1
656 1
512 2
724 1
241 2
41 2
770 2
605 1
250 1
599 1
471 1
288 1
415 1
44 1
225 1
644 1
690 1
player: 10 Altruist
65 3
790 4
719 4
84 3
684 3
644 4
569 2
247 5
269 5
503 1
59 4
716 4
437 5
50 6
182 4
54 2
265 4
179 5
282 8
176 2
698 4
274 5
477 6
263 5
381 5
566 1
685 5
396 7
241 5
517 5
591 5
634 5
148 2
161 8
276 2
197 2
130 2
168 2
483 4
324 3
253 2
758 3
119 3
471 4
317 4
720 6
199 5
476 5
83 1
76 1
383 4
781 3
165 1
145 2
133 4
639 5
493 4
192 2
779 4
19 2
405 7
95 5
507 4
230 5
443 3
360 1
427 4
747 2
208 6
303 5
112 3
93 6
32 1
334 4
366 4
212 2
746 3
384 4
113 4
40 2
524 3
91 1
394 2
680 3
89 2
406 2
744 3
780 2
411 4
118 2
225 3
348 3
633 2
625 3
768 4
482 3
18 3
506 2
417 5
312 3
190 4
425 3
248 3
725 1
594 4
249 2
98 2
44 1
575 2
486 4
602 4
389 2
277 5
166 4
283 7
25 6
718 1
760 3
206 5
126 3
731 2
305 4
354 1
740 3
515 2
786 3
378 6
177 2
56 4
162 5
218 4
345 3
686 2
646 4
68 4
80 2
220 6
62 3
163 1
271 2
77 3
3 2
236 7
491 3
753 1
323 1
256 3
171 4
610 1
331 5
375 6
43 3
147 2
186 4
561 2
246 4
469 4
460 2
131 2
595 2
275 4
480 2
367 2
105 4
158 4
109 5
325 6
432 3
618 1
451 3
64 1
86 2
643 2
315 3
778 1
94 2
776 2
729 2
688 6
536 4
377 2
310 5
407 1
441 4
103 2
117 2
328 5
723 6
382 9
727 1
11 1
33 4
733 2
489 1
495 2
470 2
589 2
181 5
75 3
87 2
300 2
466 4
735 7
606 4
455 3
660 1
353 5
373 2
26 3
772 1
307 2
372 3
395 4
674 2
706 5
329 2
788 1
45 3
224 4
151 4
672 2
304 4
211 2
424 5
72 3
442 2
502 2
152 3
231 3
238 5
96 3
635 3
270 1
7 4
351 4
459 2
242 3
596 2
498 4
279 1
99 3
169 4
104 3
219 4
496 2
450 4
767 3
172 1
31 4
446 3
484 6
364 3
47 3
85 1
538 2
214 3
340 6
579 3
400 2
195 1
519 4
582 3
473 6
160 5
509 4
193 6
243 6
108 4
751 2
264 4
557 1
592 2
409 3
361 2
285 4
134 5
61 1
392 1
288 2
445 3
783 4
1 2
13 2
605 3
352 6
143 6
650 1
693 2
79 3
132 3
479 2
622 3
20 3
651 2
691 4
306 4
233 2
289 4
586 3
297 3
562 2
529 3
262 6
428 4
585 5
508 1
541 3
202 1
290 4
552 3
510 1
153 4
429 1
135 4
689 2
272 2
362 2
189 3
207 4
365 2
435 2
613 1
391 2
321 2
146 4
120 3
423 5
697 1
90 1
558 1
41 4
769 2
71 2
170 5
234 5
363 3
175 1
490 3
692 2
542 3
53 1
123 5
438 5
121 5
125 3
624 3
221 1
537 2
48 3
261 5
627 2
453 4
531 2
293 1
136 3
368 3
504 1
52 8
667 3
12 3
336 4
278 2
609 4
550 2
24 1
714 1
734 1
291 6
184 4
514 1
673 2
799 8
472 4
576 2
203 3
27 2
422 3
663 2
481 1
553 1
29 4
188 4
298 3
280 3
755 3
16 3
478 3
215 2
494 3
332 4
683 4
700 6
535 1
545 1
448 3
739 1
705 2
114 3
287 6
521 2
313 2
456 4
335 3
784 4
682 2
30 3
512 3
617 4
15 3
737 3
273 3
564 1
587 1
402 2
137 1
302 6
326 1
240 5
590 2
356 3
527 3
795 1
540 3
194 4
235 2
475 2
299 4
374 2
281 2
399 2
316 1
581 1
139 7
140 2
598 3
696 3
652 1
549 4
511 1
210 2
454 2
398 3
357 3
73 2
58 1
523 1
631 2
516 3
294 3
320 6
713 4
173 2
257 2
777 4
785 2
626 3
387 1
46 4
107 1
522 4
156 3
127 5
346 4
637 2
749 2
339 6
793 4
49 3
322 2
467 1
314 4
711 3
111 1
547 1
736 2
752 2
267 7
732 3
57 3
22 3
258 2
792 1
213 1
6 3
563 1
327 2
81 2
658 2
676 3
447 2
426 4
74 3
254 2
612 1
144 2
67 2
308 2
526 5
205 2
710 1
525 1
462 2
773 2
201 3
237 3
728 3
403 4
568 2
528 3
187 3
703 1
664 2
239 2
546 1
198 2
178 3
794 3
155 4
5 2
722 1
485 2
9 3
544 1
342 2
556 2
318 2
404 4
60 4
468 4
796 3
449 2
106 3
712 1
738 2
593 1
185 7
661 2
164 3
359 2
82 1
787 2
638 2
436 1
421 1
636 1
227 5
37 4
226 2
183 2
8 1
295 4
204 2
414 1
452 3
228 3
115 4
23 2
252 5
709 1
465 3
584 2
770 1
124 3
370 1
410 1
444 3
102 3
286 2
167 2
632 1
659 1
390 1
149 1
501 3
675 2
413 4
150 1
70 2
260 2
39 2
572 4
38 2
319 5
614 2
355 1
244 4
142 3
232 3
798 1
217 1
695 2
376 2
28 3
159 1
349 1
100 4
641 2
2 1
554 1
216 3
500 1
611 2
492 1
430 1
259 5
570 1
551 1
708 1
97 1
101 2
433 3
533 1
642 4
371 2
505 1
440 7
574 2
66 1
555 2
379 1
580 1
518 2
666 1
122 3
34 2
730 2
88 1
694 3
724 2
559 1
174 1
296 2
619 3
649 2
573 2
343 1
311 3
51 3
337 2
415 3
608 4
647 1
251 3
620 3
487 1
671 2
110 3
662 3
330 2
721 2
344 3
222 2
292 5
583 1
358 1
431 2
665 3
771 2
191 1
657 1
223 1
704 1
766 2
129 2
268 2
350 2
603 2
621 1
530 2
245 4
128 1
681 1
463 2
679 2
699 1
668 2
499 1
797 1
750 1
458 1
774 2
567 2
604 1
388 1
63 3
401 1
601 2
775 1
782 2
588 2
180 2
386 2
17 1
520 1
571 1
464 2
648 2
138 1
741 1
341 3
654 1
200 2
759 1
474 2
765 2
55 1
141 1
461 4
309 1
534 1
457 5
36 1
380 3
434 1
420 1
645 1
497 1
628 2
615 1
4 1
266 2
745 2
157 1
764 1
743 2
629 1
748 2
630 1
791 1
338 1
707 1
92 1
397 1
513 1
488 1
player: 2 Altruist
633 1
174 2
116 4
388 6
214 2
297 4
264 3
648 6
342 3
127 4
59 5
652 3
52 6
507 1
746 3
379 4
23 4
474 2
257 2
334 7
393 4
299 3
146 4
49 4
366 2
50 2
250 2
398 4
364 2
40 3
111 4
75 2
273 4
96 5
463 3
301 3
163 2
357 4
536 4
247 5
43 3
222 3
354 5
253 3
22 2
719 2
316 5
102 2
291 7
88 5
540 2
411 6
784 6
313 5
743 3
700 3
228 2
672 5
310 6
191 3
657 2
794 4
381 6
406 5
649 1
741 3
306 3
267 3
152 3
564 3
747 3
325 2
751 1
709 1
189 1
720 2
534 3
300 1
559 1
282 4
235 4
280 4
305 3
538 2
394 4
318 3
711 1
696 3
731 1
767 4
576 2
25 3
734 5
186 6
37 4
714 2
2 5
791 4
431 1
12 5
327 6
392 5
646 1
521 2
72 4
407 1
51 2
708 3
296 5
403 6
409 3
158 4
566 2
226 3
147 4
437 3
239 4
165 2
533 2
620 6
312 3
246 3
140 3
690 2
160 2
408 5
14 3
206 4
184 2
234 6
763 4
159 4
338 4
179 5
788 1
481 1
178 5
418 6
461 4
219 1
580 2
723 3
8 3
415 4
347 5
217 4
139 2
215 5
274 5
618 2
231 4
771 4
362 3
188 1
693 3
182 4
445 1
243 2
194 2
62 5
173 3
149 2
123 7
471 3
353 2
18 2
108 4
768 1
340 4
229 4
193 8
321 3
249 4
289 7
58 9
9 4
150 4
555 3
292 1
380 2
131 3
309 3
181 3
541 3
682 1
528 3
475 2
434 3
553 4
92 4
378 3
60 3
363 1
288 1
424 2
220 4
556 1
162 7
502 3
128 2
489 4
349 2
623 3
456 4
796 5
172 6
103 2
464 5
382 2
443 4
204 4
223 4
324 4
777 3
279 3
351 4
320 2
356 5
15 3
641 2
529 2
352 2
38 2
245 4
263 2
457 2
343 1
346 6
161 2
748 2
582 5
792 4
505 3
287 3
46 2
80 3
441 4
101 4
323 2
328 7
531 2
275 5
602 2
572 3
675 6
459 5
322 1
365 6
27 2
676 2
432 4
727 2
344 6
87 5
176 1
143 2
706 3
205 3
136 7
755 1
433 4
545 3
133 4
196 6
208 4
86 2
619 2
67 6
348 2
428 1
44 3
577 4
248 5
742 3
386 4
126 2
359 5
568 1
216 3
207 2
670 3
664 1
32 3
599 1
371 5
427 4
256 2
270 3
271 2
53 4
384 4
416 4
522 5
430 2
737 1
759 2
594 1
373 5
199 1
90 3
13 4
621 2
218 1
45 1
104 3
156 3
197 5
304 4
124 3
477 3
374 2
350 7
330 1
71 2
775 3
479 2
151 4
254 3
495 4
195 1
607 2
293 4
341 3
315 2
595 2
69 6
284 5
70 3
476 3
509 2
740 4
532 4
142 3
240 2
110 4
413 6
298 2
663 1
401 2
764 2
134 4
704 2
387 3
470 2
89 2
426 4
3 1
294 3
377 2
1 1
112 2
645 3
586 4
798 4
769 3
643 4
118 4
283 4
225 2
692 5
135 4
462 5
63 1
425 7
480 3
232 4
516 3
391 1
524 6
358 4
628 3
396 3
308 5
109 4
429 3
28 2
333 2
472 3
501 4
482 2
252 2
750 3
419 2
705 2
138 3
465 3
626 3
766 1
314 4
78 3
31 3
638 2
588 1
669 4
42 3
539 3
98 1
683 2
448 4
202 2
255 3
504 2
259 4
56 3
372 3
584 1
376 3
395 2
636 2
6 3
691 3
148 3
36 2
76 3
542 4
227 1
569 3
41 2
82 4
113 3
85 3
444 1
171 1
190 5
487 2
544 3
30 3
715 1
735 3
449 4
570 3
688 4
17 2
95 3
34 1
537 2
785 1
420 2
326 5
329 1
5 1
562 2
515 5
697 5
187 5
684 2
129 4
680 3
241 3
732 1
120 4
703 2
361 2
317 2
224 2
276 4
469 4
57 4
192 2
61 3
442 4
453 1
513 3
421 2
557 2
423 4
307 3
230 5
402 5
285 2
725 2
339 2
29 3
278 3
762 2
66 2
260 2
640 3
422 4
132 2
295 5
593 1
35 1
681 1
563 4
164 4
436 2
93 1
200 1
399 1
410 1
367 4
611 4
592 1
21 2
498 5
237 2
77 3
667 1
491 4
660 1
722 1
601 3
503 1
73 4
718 2
793 1
24 2
272 2
753 2
438 3
145 3
689 3
94 2
671 2
54 4
662 1
64 3
490 1
765 2
757 3
517 1
211 3
736 3
647 1
778 2
337 5
668 1
117 1
144 2
781 2
74 2
383 3
47 1
180 2
527 2
790 1
467 4
155 4
177 2
454 2
167 2
786 1
658 5
286 4
303 2
642 2
455 2
787 2
79 3
213 4
201 2
677 1
485 4
523 1
385 5
724 6
390 1
452 5
754 1
122 4
496 1
799 2
26 2
331 1
760 3
168 3
615 3
598 1
484 3
68 3
492 2
466 2
510 2
39 5
114 1
368 1
141 3
789 2
153 4
567 2
265 5
726 1
525 1
262 2
170 2
97 2
157 1
198 2
319 2
520 2
115 1
772 1
519 2
65 2
99 4
518 3
370 4
616 2
33 3
185 3
236 1
473 3
4 2
183 1
701 1
547 1
55 1
81 3
758 2
166 2
686 3
589 2
627 2
583 2
345 1
606 2
756 1
405 1
440 3
749 1
375 2
587 4
277 1
486 1
468 1
565 3
355 2
389 1
550 1
712 3
11 1
713 1
600 1
574 1
106 1
404 1
631 1
783 3
290 4
125 3
447 1
632 1
554 1
212 2
233 4
604 1
20 4
530 1
7 3
91 3
269 1
336 2
500 1
417 1
795 1
776 2
552 4
707 1
685 2
630 3
575 1
281 1
526 2
238 2
560 1
369 1
209 3
624 2
780 3
397 1
639 1
782 1
622 1
729 3
435 1
488 1
512 2
446 2
605 1
548 1
644 2
499 1
590 2
137 1
678 1
105 1
573 2
617 1
585 1
412 1
609 2
730 1
335 1
483 3
460 1
400 1
478 2
514 1
710 2
203 1
258 1
261 2
770 2
311 2
497 1
733 1
661 1
494 1
774 1
10 1
535 1
83 1
169 2
738 1
251 2
450 1
571 1
650 1
761 1
581 1
578 1
635 1
130 1
653 2
360 1
612 1
414 1
637 1
221 1
458 1
player: 6 Altruist
679 3
799 3
312 5
44 4
770 3
439 2
269 3
626 3
678 2
553 2
255 5
260 6
395 3
683 2
6 3
74 3
141 4
170 4
270 5
702 4
772 4
355 3
66 2
348 5
506 6
562 3
97 3
280 7
729 3
344 6
403 6
1 2
475 2
330 5
131 3
634 3
70 1
72 5
525 2
195 1
532 1
443 4
753 3
127 3
38 4
221 2
302 4
69 2
675 2
576 1
610 4
45 4
672 4
381 3
565 3
367 5
57 4
434 5
360 7
342 6
423 3
394 2
156 4
595 4
295 5
181 2
528 2
80 3
433 1
110 5
574 1
264 3
567 1
586 2
639 4
133 6
248 5
642 4
605 5
308 4
132 3
276 5
301 5
169 4
26 2
492 2
155 4
444 2
670 4
244 3
294 4
748 3
318 5
561 3
148 4
266 4
309 3
198 2
422 3
749 1
795 1
102 2
405 4
734 2
389 3
332 3
685 3
773 2
621 2
152 2
421 5
211 3
21 5
213 3
223 3
480 1
380 5
174 4
292 2
593 3
182 3
52 4
176 3
7 4
235 3
587 5
147 8
349 3
263 4
98 2
71 6
329 5
39 2
32 6
517 5
340 4
105 5
163 1
559 2
570 1
361 2
112 2
452 1
214 2
79 2
555 3
267 4
36 2
757 2
691 2
201 2
624 2
638 3
53 2
207 3
741 2
635 3
85 4
119 5
432 3
197 5
531 1
409 3
569 4
278 4
186 5
591 3
611 4
279 6
693 2
471 3
775 1
372 6
253 4
411 2
429 5
501 2
788 3
49 3
202 3
648 4
602 1
666 4
59 3
291 4
376 7
386 5
17 1
154 5
467 4
218 4
351 3
387 6
81 4
688 2
108 1
630 3
233 1
704 4
436 6
106 5
51 2
527 5
465 4
585 2
491 4
27 6
449 4
695 2
636 1
326 7
518 3
8 6
63 3
556 4
10 3
83 2
353 3
89 7
620 1
451 2
215 3
437 4
68 1
234 4
99 3
64 3
274 3
374 3
737 2
343 4
671 4
297 4
151 6
364 2
250 1
398 6
689 3
404 8
158 1
285 2
483 3
139 3
785 4
196 5
306 4
391 1
247 5
358 3
363 5
77 3
464 4
783 2
293 3
338 2
420 2
319 3
298 7
18 4
13 3
554 2
399 5
390 2
656 2
793 2
392 4
262 2
161 3
629 3
590 1
328 4
513 3
687 3
43 1
46 4
268 5
212 1
747 2
194 2
659 3
516 4
34 2
224 4
450 2
784 2
723 3
706 2
466 4
413 4
95 3
86 6
76 2
606 4
167 5
511 5
509 2
190 5
140 1
530 2
159 6
103 3
534 4
408 3
179 2
504 3
612 2
324 1
138 2
341 7
107 1
281 4
643 3
183 4
781 1
206 4
166 3
124 4
759 2
572 4
307 1
375 1
373 3
288 4
402 2
743 3
305 8
150 2
245 2
200 1
577 3
256 2
310 2
5 5
507 1
84 3
325 5
40 2
564 2
33 1
228 1
458 2
282 5
251 3
359 5
143 6
145 1
4 2
581 1
578 1
48 1
774 1
596 1
199 3
524 4
378 1
718 1
424 5
680 2
227 3
496 1
273 5
692 5
668 3
588 3
438 2
252 3
798 4
362 4
317 4
316 7
115 5
323 2
58 3
573 1
339 5
713 2
733 2
284 3
242 3
744 3
22 4
657 4
118 1
545 4
369 5
178 2
35 2
484 4
768 4
171 3
489 2
313 3
677 1
388 4
568 4
29 1
490 5
243 2
476 4
663 2
721 2
728 3
259 1
601 1
123 3
560 2
19 2
472 6
101 3
708 4
116 3
377 1
55 2
231 2
750 3
67 5
538 2
762 3
192 2
300 3
633 2
646 2
314 2
789 2
703 2
453 3
418 3
320 2
210 3
160 6
625 2
232 4
644 2
322 2
603 1
383 7
455 4
204 3
616 2
271 3
435 1
185 2
333 2
384 2
193 5
550 2
459 1
400 3
563 6
303 2
172 1
336 3
165 1
414 3
146 3
523 1
615 1
25 2
488 1
456 3
88 2
487 2
50 2
122 6
410 3
239 1
498 4
126 3
521 1
697 2
442 3
710 1
9 1
205 3
220 1
446 3
647 4
299 4
514 4
724 2
623 2
136 1
682 2
540 3
794 4
505 1
258 1
478 2
502 2
430 2
272 1
370 2
780 2
109 1
566 4
304 2
469 6
180 4
742 2
96 2
354 4
673 1
690 1
366 3
356 1
153 2
797 2
347 2
416 4
583 3
350 2
628 3
226 2
173 6
100 2
571 2
365 3
24 2
764 3
261 1
189 4
548 1
485 2
419 2
396 2
756 2
707 1
254 3
771 3
229 4
37 1
503 1
287 2
580 1
31 3
431 4
468 3
558 1
407 2
283 2
547 3
425 3
479 1
177 2
94 4
111 3
427 1
187 3
441 4
352 2
508 1
130 4
686 3
415 1
512 2
694 2
732 3
357 2
60 3
592 4
533 1
368 4
188 1
597 4
763 2
454 3
240 4
766 2
265 3
412 4
698 1
30 3
740 4
665 1
778 2
460 1
120 1
755 2
117 3
598 1
649 2
655 3
277 5
787 3
448 1
222 2
128 2
334 4
286 4
500 1
470 2
12 1
237 1
582 1
726 2
499 2
346 3
667 2
796 3
61 3
758 2
426 1
767 2
41 2
28 1
618 2
637 1
790 1
544 1
515 1
92 3
397 2
526 2
669 1
73 1
47 1
137 2
208 4
296 1
477 1
104 1
715 2
754 1
705 2
739 3
609 4
604 1
619 1
56 2
184 3
493 3
536 1
681 1
401 3
461 1
54 1
727 2
65 2
23 3
792 3
599 3
382 5
752 1
134 1
522 2
738 1
736 2
751 2
393 1
725 3
236 3
613 3
345 2
674 1
14 2
121 1
162 2
782 2
129 1
315 4
462 2
519 1
337 1
230 2
760 3
654 1
114 1
42 1
275 2
696 2
216 2
257 2
584 1
321 1
93 1
209 2
735 4
645 2
575 2
716 1
142 1
241 2
20 1
311 1
791 2
125 1
164 1
149 1
717 1
91 2
497 2
769 1
664 1
62 1
90 1
607 1
481 2
653 1
135 1
640 2
249 2
494 1
701 1
658 1
327 1
289 1
719 2
541 1
217 1
2 1
75 2
440 3
614 1
711 1
745 1
539 1
203 1
191 1
730 1
660 1
246 2
552 1
168 2
786 1
473 1
608 2
447 1
113 1
385 2
406 1
722 1
82 1
87 1
371 1
546 1
rank player: 7 Altruist
3 174
2 162
5 174
4 157
11 166
12 162
6 179
10 167
8 177
9 154
1 163
7 165
rank player: 9 Altruist
1 181
5 169
8 156
11 165
7 154
2 156
4 159
12 173
6 168
9 165
3 178
10 176
rank player: 3 Altruist
5 168
9 167
2 166
10 172
11 165
1 176
6 174
8 171
4 174
7 142
12 187
3 138
rank player: 4 Altruist
8 163
1 169
12 177
9 169
2 150
7 179
6 174
3 150
11 160
4 180
10 178
5 151
rank player: 1 Altruist
6 166
3 177
9 200
7 160
4 167
1 154
10 171
11 149
12 159
8 153
2 191
5 153
rank player: 11 Altruist
12 171
10 170
11 165
5 188
6 153
3 166
4 166
9 173
7 174
1 156
8 180
2 138
rank player: 0 Altruist
9 157
7 187
2 181
8 150
4 174
5 135
10 172
11 182
3 176
6 158
12 167
1 161
rank player: 5 Altruist
4 157
8 162
10 161
11 189
1 188
3 151
9 173
12 151
2 173
7 176
6 133
5 186
rank player: 8 Altruist
7 163
6 162
4 179
9 160
3 158
1 170
5 176
10 141
11 180
2 190
8 166
12 155
rank player: 10 Altruist
2 163
11 174
12 172
3 175
10 169
9 157
8 164
7 164
1 152
6 166
4 170
5 174
rank player: 2 Altruist
10 156
4 170
3 176
6 176
5 163
11 140
8 174
2 182
1 163
9 169
7 166
12 165
rank player: 6 Altruist
11 165
12 161
6 191
1 167
5 163
9 156
4 147
3 181
8 184
10 167
2 148
7 170
