player: 15 Altruist
266 3
372 6
711 2
58 4
62 4
90 2
312 2
535 5
27 2
241 2
482 4
460 4
528 3
317 7
95 4
677 4
398 5
442 4
120 4
608 2
464 2
730 2
15 2
271 4
251 3
61 4
106 8
5 4
708 3
463 6
522 3
101 3
286 2
176 3
8 3
694 2
191 3
704 2
26 4
47 4
720 2
607 8
519 3
327 2
595 1
28 2
213 3
788 2
454 5
183 5
505 4
716 6
610 3
276 5
590 3
380 4
250 2
314 1
568 3
768 3
569 5
746 4
728 2
6 3
536 2
408 2
706 5
257 4
725 3
429 3
754 1
639 4
695 3
166 3
54 7
144 4
309 4
546 1
534 3
586 3
140 2
301 5
384 3
596 5
678 2
432 6
302 2
684 3
292 7
744 5
430 4
33 2
134 5
238 4
232 3
466 6
107 1
557 2
676 2
185 5
296 2
404 4
786 3
606 4
734 2
566 5
163 3
713 4
532 2
693 1
787 1
631 4
242 2
9 2
733 3
253 1
139 2
135 5
692 3
93 4
574 5
177 2
469 2
172 6
215 3
340 4
378 6
355 6
17 7
425 1
620 6
587 2
343 3
799 4
743 3
602 3
46 1
333 2
465 2
260 4
59 6
269 5
148 4
318 1
74 1
790 4
640 2
660 6
395 4
760 2
352 2
21 2
153 6
374 3
494 2
128 1
668 6
576 1
157 6
29 3
428 1
206 3
362 4
600 2
390 3
577 3
231 3
793 3
438 5
381 3
530 4
300 5
114 6
742 3
20 3
265 3
449 4
598 3
757 1
643 3
446 2
601 4
203 4
451 4
108 2
405 3
151 3
277 1
345 3
335 2
279 2
368 2
578 1
98 3
102 2
655 2
753 1
273 5
184 6
267 1
173 4
780 4
160 3
795 5
77 7
648 4
401 3
393 3
346 3
181 3
662 4
700 1
234 3
611 7
443 2
487 3
311 2
618 4
122 4
124 6
691 2
492 3
40 2
49 3
594 1
229 2
31 3
614 3
603 5
23 2
468 3
152 3
86 1
491 3
349 5
459 3
784 1
52 6
364 2
324 3
541 3
433 4
196 2
186 6
194 4
774 2
281 3
92 4
552 3
796 2
110 5
641 2
477 6
328 4
227 4
66 2
132 4
422 3
197 5
233 4
624 4
565 3
137 6
306 2
570 1
472 5
83 1
420 3
486 4
579 3
457 1
490 2
299 4
657 3
209 2
417 6
732 1
500 4
170 3
411 3
478 2
129 3
455 3
334 2
195 2
778 3
638 2
707 1
625 2
11 4
116 5
178 4
331 3
539 1
84 3
259 2
373 3
406 2
436 3
389 5
391 3
599 2
150 6
248 6
502 4
167 5
679 3
53 6
280 2
156 2
326 1
60 2
118 3
45 1
687 1
499 4
761 3
537 1
67 3
202 3
412 1
189 5
112 2
724 4
127 6
366 4
485 2
220 5
235 3
147 3
513 3
154 1
765 5
287 2
740 2
143 2
263 5
604 1
141 2
726 3
665 1
81 4
252 3
377 1
239 3
496 5
180 2
13 4
416 3
298 3
775 3
358 3
717 5
315 2
322 4
396 2
12 1
418 3
78 1
187 3
387 2
488 8
518 1
441 3
35 2
632 4
297 7
278 3
367 3
123 4
512 5
664 3
483 2
370 3
336 7
76 1
729 2
582 1
337 3
162 3
130 3
698 1
138 4
175 2
109 5
747 4
567 4
621 4
467 1
382 4
113 2
230 4
226 2
7 5
164 1
79 6
399 4
307 3
794 4
605 2
705 2
511 4
762 1
3 6
56 2
219 2
268 6
615 3
149 3
34 2
741 1
38 2
211 2
667 1
363 3
291 2
236 3
394 2
192 6
169 3
444 4
572 3
310 3
666 1
581 2
221 6
791 1
426 4
126 4
633 3
419 1
320 2
247 1
776 2
564 2
462 2
447 2
357 2
450 3
400 4
142 5
30 1
403 2
543 1
636 4
308 1
497 1
71 1
199 2
410 4
619 2
44 4
136 3
529 2
65 4
316 5
214 2
798 2
654 1
474 5
24 3
72 1
489 3
617 2
424 2
701 4
495 2
626 2
524 2
771 3
421 6
205 3
246 2
360 2
538 2
634 1
769 2
305 3
470 2
283 5
439 2
218 1
155 3
216 2
479 2
781 2
190 4
559 3
589 5
16 2
623 3
751 2
727 2
434 2
288 3
125 3
37 1
131 5
217 1
43 2
356 2
210 2
344 1
452 1
413 1
397 1
445 2
661 2
332 2
63 2
146 2
431 1
415 3
731 1
282 2
255 2
402 2
645 1
669 2
97 4
386 7
722 1
222 3
303 3
663 2
145 6
549 2
414 4
14 1
702 1
361 4
82 3
670 1
42 2
476 1
686 4
212 3
375 2
111 2
193 2
168 3
338 1
627 2
592 2
767 3
204 4
285 4
573 2
293 2
117 1
461 1
91 3
19 2
64 4
323 2
782 2
652 1
270 2
628 2
171 3
87 1
514 2
321 2
688 1
22 2
584 3
245 1
407 2
179 1
383 2
440 3
325 2
504 5
304 2
680 1
597 1
158 3
718 4
554 1
388 2
272 4
57 2
351 1
783 2
274 2
385 1
697 1
119 5
580 5
637 2
575 4
256 2
329 3
341 3
739 3
635 3
165 5
96 4
558 1
651 2
161 4
51 2
379 2
553 2
493 2
289 1
673 2
133 2
365 3
772 1
542 2
409 2
18 2
653 2
644 1
563 1
223 1
642 3
392 3
423 5
188 2
756 1
520 2
583 1
104 4
690 1
736 1
473 2
585 2
674 1
313 1
4 2
99 4
484 1
88 2
560 4
225 2
517 3
630 3
80 2
540 1
763 3
475 1
290 1
523 1
319 3
458 1
515 2
498 1
41 1
647 2
115 2
224 2
755 2
591 3
656 1
551 1
766 2
658 2
562 1
548 1
75 3
544 1
797 2
208 2
237 2
55 1
198 1
174 2
672 1
779 1
353 1
103 1
770 1
508 1
369 1
685 2
69 2
671 1
646 2
240 2
159 1
330 3
48 1
294 2
359 1
723 1
471 2
243 1
689 1
371 3
506 1
785 1
712 3
200 1
710 2
295 1
659 1
453 2
759 1
347 1
682 3
94 2
764 1
348 1
503 1
228 2
437 1
427 4
735 1
244 1
481 1
516 1
703 1
681 1
588 1
507 1
68 1
275 1
2 1
556 1
612 1
609 1
533 1
616 2
561 1
571 1
207 1
448 1
89 1
456 1
player: 7 Altruist
364 5
336 2
760 2
737 2
283 5
240 1
797 5
172 7
43 5
50 5
51 3
220 4
250 1
727 2
203 1
171 4
327 2
474 2
136 3
213 4
145 2
487 3
639 6
499 3
351 3
781 1
568 4
225 3
166 4
89 6
447 5
144 4
324 5
684 6
299 2
282 2
316 5
728 2
198 3
138 2
219 4
396 3
533 5
209 1
289 4
256 3
428 3
597 2
367 6
729 3
581 3
232 5
594 3
301 5
192 6
241 3
214 4
47 2
175 2
20 3
535 2
253 3
165 3
177 5
744 3
112 2
24 5
792 1
374 2
557 3
247 2
641 1
246 2
268 8
181 9
361 2
248 3
638 6
758 1
626 4
236 4
432 3
670 4
567 4
329 1
596 1
102 1
646 2
193 7
377 5
288 3
161 6
783 1
245 3
331 6
87 2
472 1
525 3
793 2
724 2
376 1
398 5
208 6
401 2
732 1
128 4
127 1
30 2
371 4
768 1
678 4
617 3
620 1
153 3
4 3
293 2
304 1
273 2
478 2
506 3
180 3
312 2
433 3
365 4
97 1
211 3
397 4
104 4
15 6
635 1
108 3
79 5
328 4
254 3
628 3
23 2
564 4
142 3
278 1
664 3
725 2
795 3
550 2
522 2
206 7
747 3
607 2
492 4
143 6
269 2
794 4
650 2
167 5
759 2
539 2
392 4
57 2
399 5
66 5
164 3
542 3
243 6
610 4
663 2
228 3
311 6
19 3
470 1
776 3
217 2
72 1
601 3
355 3
482 2
496 4
285 1
103 3
195 3
263 3
621 3
90 2
137 4
441 2
782 8
459 2
163 3
750 4
122 5
707 2
394 4
233 2
674 6
212 6
569 2
448 5
572 2
275 3
53 5
719 2
508 4
370 1
31 6
305 2
260 2
386 7
485 3
113 3
379 4
131 3
528 2
606 2
642 1
519 4
168 5
527 2
34 4
701 4
49 5
457 3
434 3
65 3
201 3
91 2
71 2
704 1
109 3
544 2
33 1
400 3
155 3
372 4
58 1
308 3
505 3
274 2
406 8
413 4
534 1
656 3
63 2
262 5
676 2
464 3
67 6
754 3
799 3
40 4
322 1
223 4
393 3
196 2
526 4
111 2
149 3
93 3
380 5
373 4
570 3
576 2
748 4
3 7
586 3
298 2
608 1
426 3
387 3
746 2
602 1
427 4
178 3
495 1
342 1
129 1
190 3
229 4
558 1
320 3
718 4
471 3
341 2
183 4
132 4
210 5
483 5
182 3
54 5
73 2
231 1
358 2
218 5
202 3
390 3
13 2
538 1
467 2
169 6
665 5
408 7
405 4
696 1
422 3
763 3
452 2
239 5
22 1
697 2
721 3
366 4
730 2
699 4
356 5
32 1
346 2
484 3
52 1
521 2
481 5
629 2
703 2
575 3
116 2
332 3
330 2
191 4
17 5
424 1
453 1
653 4
338 5
130 3
488 3
216 2
185 5
549 2
300 7
357 2
532 2
279 3
425 2
624 4
98 3
403 7
140 3
741 3
306 3
158 5
619 2
7 5
186 4
156 4
584 3
404 4
81 1
614 1
95 3
349 2
468 4
588 1
516 3
402 3
615 3
35 2
456 6
277 4
774 3
310 2
476 4
438 5
417 3
685 2
411 3
529 3
579 2
796 2
323 4
294 5
511 3
675 1
473 2
416 4
735 3
618 3
315 3
77 2
677 2
118 1
8 4
147 3
114 2
36 1
265 4
666 4
560 2
651 3
598 4
734 3
551 2
717 2
151 1
107 4
439 4
1 3
702 3
60 2
462 5
623 2
541 2
389 4
543 3
531 2
574 2
174 3
659 1
345 4
284 2
135 4
407 4
599 1
333 4
205 2
673 2
2 2
518 5
640 2
317 4
157 4
546 2
340 1
280 2
184 4
314 2
633 3
100 2
643 3
562 3
660 2
369 2
207 3
59 4
787 2
757 3
281 1
64 3
604 6
160 3
477 4
461 3
788 1
553 2
740 3
611 2
200 3
716 1
224 4
69 3
309 3
11 3
230 6
436 4
709 1
412 1
430 2
318 3
540 2
25 2
681 1
189 3
6 5
244 3
714 1
498 2
679 3
381 2
559 1
287 4
573 1
486 2
18 6
44 1
276 5
133 2
258 4
226 4
123 5
565 1
150 3
257 2
723 3
76 2
360 4
363 2
388 5
791 2
429 2
237 1
480 2
764 2
176 2
708 3
742 2
463 3
595 1
627 2
622 4
784 1
733 1
264 3
70 1
583 7
589 2
648 2
291 3
48 5
106 1
382 1
249 4
769 2
523 2
755 3
504 1
593 2
686 1
221 3
631 2
682 2
270 2
368 4
561 1
335 3
779 2
197 3
475 4
378 1
83 4
251 2
501 2
497 3
458 3
751 2
29 1
509 2
469 2
418 2
352 2
252 2
513 2
295 5
435 2
591 1
204 3
61 6
687 2
731 3
490 3
700 4
739 3
431 1
419 4
124 3
55 1
449 5
592 1
410 1
514 2
554 2
78 2
313 1
286 1
445 3
242 2
612 2
152 1
493 2
391 2
605 4
350 4
450 1
199 2
524 2
261 3
695 3
766 2
94 2
647 3
693 2
119 3
179 5
80 2
125 3
227 1
715 1
146 3
99 3
555 2
375 2
68 2
348 1
235 1
690 3
115 5
437 4
738 2
655 1
420 2
126 4
187 2
494 2
630 3
636 3
259 2
668 1
616 3
37 1
563 3
292 2
105 1
139 2
384 4
662 2
578 1
786 2
661 3
339 1
680 2
297 2
12 2
634 2
222 2
347 3
267 2
444 1
443 3
45 2
159 1
753 1
577 2
720 6
96 3
548 2
359 3
465 1
736 3
590 4
689 1
530 1
62 2
600 2
42 1
134 3
502 2
28 1
460 3
82 3
215 1
271 2
362 1
552 2
722 1
415 3
491 3
644 3
691 2
9 1
440 2
767 1
603 2
86 2
38 1
307 2
566 1
743 1
303 1
698 1
414 3
654 1
188 2
353 1
290 2
657 1
423 2
16 2
385 2
46 2
272 2
154 2
752 2
545 1
585 2
354 4
409 3
5 2
85 1
92 1
649 1
761 1
56 1
325 1
510 1
141 2
337 1
162 1
334 1
27 2
454 1
613 1
74 1
26 1
503 1
75 1
609 1
455 3
713 1
120 1
321 1
41 1
500 1
780 1
88 1
383 1
790 1
756 1
343 1
658 1
775 1
173 1
238 2
344 1
234 1
671 1
479 1
266 1
117 1
466 1
556 1
798 1
player: 9 Altruist
401 3
20 3
593 3
771 2
356 2
306 4
437 4
595 1
199 2
594 2
406 4
582 4
609 4
203 6
343 3
170 5
19 4
640 2
505 2
193 5
182 3
501 3
429 3
301 3
183 6
93 3
467 5
175 5
526 3
654 2
41 3
365 3
120 4
133 4
399 6
417 4
209 4
591 4
165 3
441 4
367 3
97 2
432 2
281 2
282 3
739 4
780 5
482 5
21 6
195 3
444 4
317 2
548 5
217 6
4 3
448 5
336 1
454 6
655 7
244 7
261 3
718 3
213 2
603 3
190 5
402 5
155 5
471 3
524 1
211 5
636 4
242 3
617 3
341 4
249 6
769 3
541 1
354 2
152 3
446 3
11 4
88 4
374 1
725 4
189 6
107 5
90 2
330 3
38 4
359 4
450 4
174 11
250 4
789 4
753 2
578 2
171 1
284 3
427 3
496 4
647 2
116 4
58 3
259 1
32 4
370 3
98 3
685 1
433 3
438 2
292 2
262 6
138 4
251 6
516 3
299 5
740 3
17 3
59 3
478 3
363 4
181 5
15 4
135 3
390 3
691 2
36 4
742 2
180 5
349 4
158 8
308 5
794 3
779 1
689 2
357 1
579 3
163 3
126 3
631 5
388 3
233 3
131 2
61 2
315 4
668 5
699 5
457 4
378 4
54 7
551 2
269 4
435 3
340 8
379 5
439 4
535 3
238 3
383 5
339 4
352 4
139 5
506 3
338 5
149 4
387 2
678 2
45 3
661 4
730 4
194 4
129 3
415 4
542 3
645 4
313 1
391 6
644 3
214 3
781 3
692 2
472 3
246 6
124 4
411 4
226 3
398 3
96 1
5 4
570 2
621 3
252 4
364 3
86 1
42 3
635 3
236 3
672 3
333 4
761 3
717 1
304 7
153 2
371 3
490 4
48 2
545 1
419 2
348 5
768 1
141 4
381 6
192 3
23 7
52 4
332 4
637 3
162 6
28 4
288 4
604 3
575 1
666 1
677 2
430 2
72 5
166 6
276 2
460 4
92 4
529 4
560 3
13 1
89 2
796 2
461 1
434 3
14 5
78 4
675 3
727 1
777 3
148 3
643 2
481 2
477 4
160 5
423 5
682 2
688 1
531 3
775 2
722 2
128 1
293 4
69 3
132 3
479 3
67 2
767 1
422 2
164 2
443 4
362 2
731 2
303 2
127 4
445 4
559 2
759 1
366 4
662 2
488 1
294 5
140 7
210 5
589 4
179 4
613 3
483 3
623 2
222 3
729 1
628 3
143 3
18 5
564 5
159 2
271 4
671 2
663 6
270 4
196 5
176 5
470 1
527 3
219 4
296 1
266 3
346 3
634 3
458 2
407 5
558 2
765 1
68 5
746 4
690 8
546 1
715 2
646 3
413 1
118 3
130 2
485 2
656 3
9 1
184 2
638 2
547 4
420 3
353 3
726 2
416 5
253 3
277 1
503 3
305 3
592 3
286 3
83 3
552 2
216 4
393 2
568 2
372 5
587 2
215 5
396 6
536 2
797 3
585 3
95 1
424 3
763 3
550 1
230 3
137 2
513 3
345 3
60 2
231 7
782 1
350 5
221 7
208 1
567 5
201 4
386 2
732 2
257 1
156 3
302 3
534 2
791 3
108 2
358 2
523 3
720 2
392 3
312 3
380 6
113 3
307 4
714 2
49 2
755 2
198 4
670 3
66 4
7 1
200 6
566 3
254 2
206 3
757 5
279 5
64 2
658 3
756 1
91 4
425 3
624 1
368 3
172 4
687 4
476 5
105 4
232 1
239 5
618 1
786 6
532 3
311 2
553 2
451 7
335 1
747 2
207 4
681 2
76 3
795 1
456 4
110 2
314 5
121 2
397 2
240 2
385 4
601 2
154 2
278 3
492 1
3 3
31 4
404 3
382 5
408 4
590 1
329 3
569 3
673 4
220 4
737 2
134 2
389 2
191 4
447 3
136 2
46 3
75 4
632 4
713 5
228 4
122 2
744 4
487 3
186 2
99 6
309 3
145 2
772 1
651 3
100 2
468 2
70 1
273 3
489 1
641 3
602 4
123 2
104 2
260 2
400 3
418 3
555 1
43 1
702 1
707 3
474 1
540 1
442 1
486 2
24 3
147 3
44 3
119 3
290 4
71 1
770 3
750 2
538 4
272 3
431 2
204 3
169 4
577 3
361 2
549 3
664 2
405 2
245 5
84 1
697 4
600 2
115 2
760 2
493 1
241 2
684 2
142 2
40 2
235 3
693 2
285 6
360 3
611 2
469 1
29 3
616 2
735 2
511 2
355 3
117 4
562 3
320 2
657 1
51 3
62 5
694 2
499 2
792 1
749 1
517 2
528 2
556 3
620 3
738 2
733 1
331 1
660 1
79 3
504 1
719 2
648 4
297 3
586 2
16 1
187 2
218 1
573 1
519 2
27 1
65 4
111 3
465 1
289 5
47 1
319 2
572 3
679 1
33 3
708 5
283 1
571 1
177 2
85 3
74 1
81 4
704 1
205 4
596 1
161 1
574 1
328 4
612 3
229 3
150 3
188 1
347 1
723 2
264 2
544 1
776 2
287 1
543 4
258 5
167 1
316 2
665 2
502 2
436 2
255 1
581 1
168 3
633 2
508 1
403 2
298 1
342 2
599 1
53 1
321 2
736 3
37 1
785 1
325 2
114 2
721 1
248 1
34 1
202 2
652 2
82 1
225 1
409 1
522 1
449 2
369 1
326 2
751 3
706 1
351 1
39 2
619 3
705 2
112 1
375 2
77 1
622 2
428 2
495 2
25 2
197 2
453 2
642 2
109 1
452 1
752 1
224 3
783 3
395 1
256 2
295 2
762 1
475 2
639 1
10 2
426 1
626 1
774 2
758 2
466 5
101 2
324 3
455 1
410 2
263 1
734 1
669 1
125 1
30 3
583 2
629 2
680 1
703 2
674 1
464 2
793 2
598 2
695 3
784 3
584 1
711 2
520 1
512 1
462 2
73 2
700 1
610 1
223 5
243 2
667 2
580 1
334 1
384 1
265 2
530 1
799 2
318 1
103 2
565 2
741 1
63 2
280 1
414 3
494 1
563 1
510 1
327 2
178 1
2 1
597 2
615 1
373 1
509 1
630 1
157 2
605 1
412 1
12 2
686 1
491 1
1 2
683 1
50 1
87 2
798 3
323 1
500 1
237 2
766 1
507 1
459 1
712 1
57 1
376 1
614 1
745 1
606 1
728 1
696 1
185 1
649 1
754 1
533 1
player: 8 Altruist
104 2
61 6
404 4
307 5
119 4
7 1
789 2
192 2
514 3
68 2
453 6
493 3
133 4
583 3
115 2
112 3
322 3
37 4
661 2
63 4
348 2
680 3
190 8
30 2
396 5
454 6
144 4
336 2
397 3
358 8
251 5
280 5
416 7
673 2
212 3
284 2
723 1
208 4
2 2
91 5
338 2
175 4
249 8
700 5
47 2
271 2
92 3
287 5
62 3
359 6
164 5
214 3
64 4
704 3
121 5
258 4
741 1
415 3
503 4
204 4
124 5
232 4
140 3
84 6
134 2
690 2
306 6
269 4
196 1
283 6
624 2
422 3
261 5
244 4
515 4
469 6
298 3
16 2
71 4
648 4
421 3
363 2
733 1
696 3
676 3
227 4
577 5
375 3
59 3
787 2
617 4
237 5
526 1
675 4
420 7
399 5
732 1
376 5
657 3
528 4
756 1
311 5
611 2
105 5
645 6
130 4
170 5
417 2
72 2
498 1
679 4
128 5
257 5
672 2
709 7
492 1
441 8
155 7
411 4
459 3
351 5
799 4
85 3
3 7
647 2
17 1
51 6
401 3
209 5
313 7
297 3
69 4
664 2
721 3
698 3
340 5
120 7
428 4
174 1
707 2
354 4
750 3
156 4
254 2
39 4
595 2
289 5
370 2
213 2
655 2
568 2
468 2
596 2
73 4
94 5
759 3
178 4
99 3
198 8
546 4
177 5
291 5
553 4
74 6
388 5
616 1
65 4
601 3
476 3
23 1
15 3
35 4
626 3
438 1
391 2
412 5
76 4
54 3
24 4
36 6
315 3
406 7
446 2
674 3
712 3
241 3
567 1
560 2
692 2
623 2
8 2
760 2
278 4
88 3
610 4
603 3
194 2
296 3
184 4
107 2
589 3
410 2
89 2
361 5
774 3
621 5
205 6
443 3
605 3
448 6
200 4
260 4
141 3
381 6
100 1
10 3
176 5
684 5
418 4
325 3
183 7
305 4
590 2
765 3
113 6
169 2
727 2
644 1
304 4
578 2
191 7
423 3
491 3
125 2
193 3
110 4
355 3
294 2
394 2
471 2
480 1
309 1
735 3
246 5
226 3
656 3
253 5
282 2
116 3
504 4
132 4
181 3
374 2
409 5
711 5
543 2
407 4
228 3
383 5
430 7
272 5
126 4
777 2
102 3
505 2
425 2
233 2
496 1
142 6
216 3
436 5
451 5
405 1
230 3
640 2
582 2
32 2
26 2
708 2
452 1
273 2
685 5
740 3
377 3
651 3
114 1
33 5
771 1
52 3
660 4
738 1
55 4
793 5
173 3
649 5
530 1
321 4
449 1
540 4
599 4
57 2
329 4
45 4
746 2
344 2
281 3
588 4
752 4
618 1
292 2
9 2
574 2
767 2
179 4
490 3
66 5
188 5
563 4
349 1
548 3
473 4
537 2
268 1
398 3
386 5
131 4
224 2
356 2
150 2
552 2
580 2
379 2
427 1
554 3
457 4
604 1
518 4
82 4
641 2
78 3
275 3
369 2
470 1
146 3
442 3
159 7
716 2
710 1
426 3
730 3
43 3
509 5
25 3
122 2
419 3
474 3
395 3
462 1
327 2
302 4
98 2
766 2
557 2
229 2
256 2
231 4
118 4
202 3
350 3
343 5
663 2
323 2
364 3
483 3
138 6
720 4
481 2
277 3
408 1
796 2
217 3
486 4
168 1
403 2
798 2
736 3
211 6
585 4
607 6
694 1
650 2
620 2
127 1
20 2
331 4
725 3
337 1
600 1
587 4
432 3
646 4
385 4
467 4
137 2
575 2
378 5
14 3
637 1
38 1
180 5
795 4
662 4
330 2
717 1
171 6
788 2
151 4
341 1
654 4
488 2
201 5
218 6
485 3
248 2
392 5
751 3
46 5
367 2
670 2
705 2
614 1
783 3
581 2
612 2
541 2
75 3
634 4
160 4
199 1
571 1
754 2
715 1
659 1
149 3
371 1
324 2
157 6
195 2
517 1
250 2
609 4
444 3
782 2
464 1
49 1
532 2
189 1
390 3
300 5
262 1
70 4
677 2
769 2
728 2
539 1
729 2
384 2
319 2
145 4
266 2
148 3
666 2
247 2
781 2
482 4
97 3
628 1
34 5
139 4
117 3
402 4
761 2
18 3
739 1
564 1
424 4
245 3
434 2
797 4
629 2
702 1
479 3
77 3
242 3
531 2
393 1
523 3
737 2
461 2
161 3
790 1
221 6
318 2
627 1
360 2
519 1
109 2
487 1
238 1
58 2
5 2
413 3
668 1
400 3
439 2
373 1
50 2
346 1
220 4
279 2
742 1
638 2
592 3
497 1
6 4
167 1
22 2
556 2
440 3
153 2
456 4
551 2
111 2
163 3
431 1
13 1
129 5
463 2
784 2
40 5
135 1
103 6
639 2
619 2
158 5
44 1
549 1
365 3
326 2
513 1
328 2
203 3
339 1
86 4
293 3
317 3
591 1
606 4
636 1
561 2
136 1
380 3
172 3
701 3
455 2
335 2
219 4
472 1
510 2
347 2
544 2
53 2
106 1
187 3
643 2
489 3
433 1
285 3
372 5
542 3
779 1
566 3
511 4
559 2
536 3
525 1
447 2
31 3
357 3
734 2
314 3
352 3
274 3
197 1
267 2
572 1
695 2
631 2
182 4
263 1
334 1
669 2
41 2
265 2
667 3
458 1
785 1
96 1
215 4
152 1
547 1
652 1
500 1
166 2
501 3
714 1
345 2
522 2
642 2
755 2
699 3
693 3
507 1
450 3
429 2
81 1
703 1
252 1
29 2
27 1
625 1
236 1
368 1
435 1
301 4
678 1
235 1
633 1
706 2
234 2
608 1
615 2
222 1
48 4
773 1
239 1
691 1
223 1
67 3
555 2
366 2
635 2
286 1
775 1
87 2
527 2
579 2
290 1
255 3
586 2
83 2
303 1
465 1
90 1
545 3
520 1
478 1
719 2
584 1
718 1
460 2
749 1
683 1
288 2
757 4
320 1
569 1
12 2
445 1
165 2
342 1
508 1
225 1
28 2
724 2
210 1
185 2
299 1
743 2
310 2
11 2
387 1
776 1
259 1
764 1
576 1
362 1
332 1
93 1
162 1
207 1
312 2
147 1
56 1
688 1
524 1
95 1
602 1
593 3
671 1
597 1
414 1
538 1
1 1
726 1
4 1
748 1
747 1
622 1
player: 5 Altruist
512 5
85 3
476 3
410 7
598 2
102 4
196 3
80 2
700 2
367 5
532 2
425 3
378 2
665 4
555 2
546 3
359 2
262 3
170 7
64 2
284 5
731 1
507 5
681 2
207 2
141 2
509 2
631 2
169 5
520 4
726 4
293 5
42 1
513 2
172 5
356 2
490 2
594 5
44 4
315 4
55 3
347 4
421 2
795 3
144 5
75 3
718 1
559 1
648 2
292 3
88 6
61 5
24 1
279 3
325 2
441 4
68 3
455 3
337 6
267 4
575 4
415 5
339 3
657 1
19 4
495 4
407 4
505 3
100 2
272 5
223 3
528 3
354 6
561 4
131 3
742 4
222 4
280 3
773 2
365 4
647 6
110 1
89 2
706 3
413 1
282 1
285 3
50 3
7 4
564 2
796 3
48 3
434 7
171 4
264 2
54 1
183 3
562 4
402 1
128 4
569 4
190 2
676 4
781 3
208 4
168 7
479 4
27 4
709 2
672 2
165 5
385 2
179 2
636 2
41 6
677 3
22 1
173 2
23 2
750 4
69 5
322 4
33 3
125 4
705 2
739 2
463 3
162 7
86 2
371 5
230 5
362 5
31 2
472 7
504 3
398 6
352 1
327 3
291 5
60 3
103 2
462 5
643 1
97 1
579 1
127 6
344 2
87 2
237 4
107 4
485 7
673 1
656 2
10 4
290 3
155 4
248 6
639 1
333 4
418 4
301 3
381 5
263 2
460 2
667 3
515 6
580 2
324 3
143 3
574 1
392 6
388 3
601 5
724 2
185 3
318 3
6 2
195 3
46 3
438 3
498 1
160 1
588 1
783 2
231 5
616 1
192 6
275 3
493 5
153 5
670 1
270 3
741 1
384 3
644 1
152 4
627 3
690 3
217 4
104 4
794 2
664 4
702 3
756 6
798 1
483 3
416 6
136 7
666 8
587 2
419 6
506 2
393 4
146 2
140 3
788 3
260 2
203 6
219 2
259 3
84 3
793 4
534 1
723 2
130 4
234 3
372 4
79 3
443 1
221 4
593 2
56 3
430 4
470 5
329 3
255 4
239 5
376 3
271 4
480 2
614 4
525 3
597 3
787 3
467 2
624 3
618 5
548 4
90 3
151 5
691 2
612 4
729 5
363 1
465 3
251 2
306 4
142 8
596 1
646 1
332 1
201 2
517 5
310 2
693 1
397 5
67 3
477 2
394 5
37 2
59 4
124 3
714 4
426 5
635 3
610 1
743 1
420 1
115 3
791 4
26 2
542 3
121 3
320 5
755 1
43 4
216 3
193 3
437 4
204 3
663 1
117 2
252 4
304 4
288 4
484 4
630 3
25 3
253 3
654 2
738 2
492 3
105 6
487 2
319 2
236 5
695 1
218 6
307 2
108 2
544 2
454 6
379 3
436 7
447 5
530 5
547 3
213 5
181 4
228 2
199 5
206 2
748 4
468 2
779 3
790 1
659 3
782 2
450 3
14 3
776 2
775 1
753 4
797 3
405 3
674 3
662 4
712 4
369 4
78 3
736 2
154 3
243 7
680 2
651 5
9 4
13 1
177 2
294 3
491 4
529 4
435 2
137 1
116 2
138 2
740 1
570 1
471 3
747 5
32 3
448 3
5 6
474 3
733 2
188 5
353 4
265 2
129 4
464 4
40 4
578 4
629 3
613 6
427 5
191 2
241 3
211 2
649 3
66 2
340 3
184 4
697 4
642 4
645 2
182 8
214 2
323 2
469 5
459 7
473 1
557 2
521 2
626 3
250 4
227 3
273 6
120 1
565 3
592 2
210 2
74 3
176 5
303 4
719 3
1 2
76 3
258 4
49 3
163 4
178 3
226 1
245 2
374 4
247 2
553 3
82 5
370 1
101 3
360 1
549 1
429 2
445 6
186 3
225 3
274 2
725 2
573 3
2 4
167 5
770 1
789 2
475 2
343 1
34 3
351 2
145 4
249 1
721 5
625 3
132 3
660 3
400 5
478 4
717 3
309 4
308 3
668 1
617 1
342 6
608 2
401 3
261 3
156 5
335 4
744 3
200 2
703 3
737 2
633 3
583 1
535 4
451 3
232 6
433 3
595 2
278 5
338 2
382 2
287 2
53 1
606 3
431 5
147 2
453 2
602 2
220 1
380 3
683 1
661 2
522 1
36 1
545 2
641 2
281 1
611 1
313 3
417 1
558 1
21 4
404 1
694 1
568 1
523 3
28 1
584 5
432 2
556 3
83 1
289 1
254 4
276 3
609 1
458 2
638 2
95 2
244 5
403 3
268 5
688 2
58 2
536 3
527 1
148 4
406 4
355 1
180 4
590 2
414 2
632 1
620 4
605 3
537 2
623 1
377 2
57 5
500 3
269 5
442 2
715 3
164 4
266 3
766 1
502 2
763 1
99 3
615 2
749 2
133 3
238 6
412 3
678 1
699 1
17 4
640 1
326 2
409 1
235 2
399 4
317 2
93 4
658 1
411 5
734 4
174 2
424 1
11 2
229 2
386 1
348 2
604 2
422 5
277 4
65 3
39 2
533 1
321 2
628 5
300 1
428 5
679 1
358 2
73 3
311 2
189 2
581 1
257 1
543 3
94 3
461 1
296 3
494 3
730 1
12 1
772 1
571 1
256 2
708 1
375 4
198 3
51 2
456 2
519 1
134 2
119 1
383 1
305 2
687 1
112 3
439 1
698 1
35 2
8 3
396 3
768 1
122 1
175 4
187 1
634 1
735 1
701 1
149 5
202 4
585 2
158 4
209 2
692 1
452 3
123 2
330 1
554 2
240 2
526 3
161 2
764 1
550 2
389 2
364 1
157 2
488 2
486 1
758 1
599 2
341 1
113 2
77 3
159 3
751 3
466 1
449 2
197 2
63 3
150 4
224 3
70 1
799 1
361 1
350 1
761 3
757 1
686 2
600 1
299 2
357 2
716 1
577 1
368 1
345 2
508 1
205 1
98 1
408 3
582 2
780 1
728 1
722 3
38 3
704 1
576 1
607 3
314 4
496 1
541 1
215 2
603 2
96 4
440 1
45 1
792 1
3 2
745 1
194 3
710 1
572 1
524 2
489 2
518 1
366 2
71 1
331 1
746 1
650 1
711 2
135 1
501 1
482 1
106 1
166 1
765 1
531 1
212 3
29 1
391 1
446 1
81 1
669 1
481 1
139 1
52 2
567 1
566 1
242 1
619 1
760 1
395 1
298 1
457 1
591 1
player: 14 Altruist
554 3
244 3
678 3
277 3
436 3
252 3
298 3
238 5
278 2
42 5
203 3
418 9
67 4
544 3
611 3
599 2
140 5
446 3
170 7
601 3
762 1
389 5
786 3
396 2
183 6
156 4
753 4
60 4
128 3
13 1
742 2
794 2
781 1
204 7
88 1
285 2
413 2
261 3
604 4
748 4
132 2
579 3
706 2
76 3
652 2
578 5
267 8
119 7
328 3
34 1
598 3
366 2
595 2
93 4
747 2
666 3
276 4
30 1
71 1
220 5
692 3
735 1
82 2
493 3
448 8
64 2
127 4
48 4
766 2
671 4
6 5
793 3
633 2
514 1
677 2
582 5
511 2
504 3
59 2
219 3
664 5
533 2
471 2
319 6
721 1
718 3
479 2
626 3
185 5
107 4
264 1
414 3
193 5
795 1
286 4
100 1
79 3
620 5
513 1
691 2
135 3
253 3
377 3
799 4
405 2
796 1
502 1
61 4
126 4
281 4
105 3
160 3
750 3
552 7
525 3
420 3
189 3
242 4
22 6
176 3
117 3
275 3
98 4
39 1
360 6
10 4
532 4
348 3
376 2
350 4
402 8
391 2
304 3
463 2
19 1
658 4
307 1
477 2
510 3
57 4
676 2
531 4
20 4
785 2
712 4
379 6
208 1
469 3
177 3
97 2
497 1
557 4
745 1
31 6
205 3
325 4
214 4
639 5
300 3
295 4
543 2
37 3
517 1
138 7
233 4
200 6
583 3
27 1
84 3
481 3
659 3
415 3
332 3
623 2
163 3
412 4
445 1
299 4
110 2
460 4
725 1
660 4
661 4
774 4
94 2
456 1
216 3
72 5
154 7
475 4
251 4
730 2
449 4
144 3
739 2
345 4
146 3
338 3
165 2
62 2
169 6
784 1
585 2
50 4
368 3
444 3
263 4
561 2
180 5
744 2
480 3
179 3
80 3
5 4
679 3
516 1
363 5
771 2
468 3
14 5
486 3
326 5
279 5
255 1
258 2
343 2
673 2
12 5
538 1
616 4
419 3
458 2
123 3
386 4
709 2
423 3
600 2
607 3
143 2
175 3
701 4
491 6
306 2
483 2
250 3
262 2
392 2
374 6
136 4
137 3
199 2
688 3
558 1
705 3
427 1
489 5
506 2
597 2
210 3
26 3
225 5
226 2
269 2
53 3
162 3
294 5
229 4
571 2
572 3
142 4
305 4
714 4
580 5
149 4
537 3
270 4
683 3
508 2
91 3
635 2
114 1
283 6
322 6
335 5
115 2
553 3
645 6
83 4
195 5
174 4
23 1
548 3
168 3
606 2
310 3
790 1
145 3
131 5
380 3
191 8
274 6
351 7
570 3
266 2
38 6
43 6
213 3
576 4
260 5
534 2
441 1
447 2
651 1
540 1
342 4
69 2
780 2
791 2
280 4
365 6
740 3
151 5
202 4
46 4
393 3
134 3
603 2
235 4
466 5
207 5
188 3
501 1
729 2
249 1
312 3
231 6
346 3
362 5
265 3
87 4
159 2
619 6
410 2
361 4
121 4
331 1
44 3
569 1
153 8
738 1
490 3
333 5
271 2
141 5
621 5
102 4
272 2
384 5
74 2
521 2
95 4
541 1
375 5
241 1
484 5
655 1
685 3
560 2
99 5
577 4
215 5
323 3
334 3
783 3
591 6
536 3
254 4
461 1
746 1
387 6
85 7
302 2
689 4
321 2
399 5
227 2
452 4
301 1
435 2
758 1
70 1
710 1
223 3
240 3
7 4
148 2
442 3
749 3
404 2
439 2
406 3
529 2
522 5
754 4
45 5
575 3
566 2
752 2
426 1
120 1
680 2
454 3
632 2
450 2
408 5
369 1
555 4
776 2
451 4
787 4
630 4
473 2
656 2
58 3
356 1
625 4
788 3
178 5
116 2
81 3
434 3
789 1
675 1
54 1
25 2
192 3
662 2
190 3
761 2
699 1
472 2
394 5
147 5
349 7
33 4
416 2
588 1
9 1
717 1
303 5
733 4
182 1
397 4
359 2
196 1
703 2
756 3
798 1
462 1
313 2
634 3
395 3
290 3
164 3
428 4
743 1
268 3
612 2
150 4
495 3
245 1
768 1
455 1
171 4
779 1
672 2
684 3
737 2
139 5
670 2
297 2
596 2
792 2
373 1
330 4
1 2
755 2
667 1
724 2
731 3
158 4
63 4
581 1
488 4
108 1
669 1
15 2
364 3
711 2
65 1
293 3
372 2
353 3
767 1
574 3
594 3
400 4
161 2
520 4
459 3
556 2
704 2
509 2
719 5
155 2
311 4
358 2
257 3
288 2
352 2
256 2
650 3
437 1
713 2
586 2
741 2
3 3
734 3
4 2
549 2
440 3
727 3
605 3
381 4
201 3
129 1
157 4
68 2
320 4
341 2
388 3
562 3
563 2
133 3
291 2
496 2
167 2
206 1
628 5
8 2
617 2
109 1
539 1
89 1
125 2
797 1
224 2
194 2
318 5
41 3
354 1
378 3
407 3
383 5
111 2
503 1
315 2
728 1
457 2
172 5
641 2
103 1
498 1
782 2
211 1
587 3
478 2
430 1
465 2
693 2
390 1
653 2
273 1
239 2
609 4
438 2
371 2
411 3
527 1
398 5
106 2
507 1
494 4
24 1
282 2
324 4
716 1
336 1
602 2
101 3
464 2
640 1
49 2
66 1
29 3
686 1
317 2
421 1
631 2
707 2
535 1
166 4
287 2
764 2
316 2
512 3
327 1
2 2
627 1
422 1
228 3
644 2
292 3
409 1
769 2
590 3
638 1
367 3
21 2
130 2
429 2
674 1
431 2
736 1
523 1
610 4
642 1
344 1
695 3
232 2
28 2
432 2
654 2
649 2
187 2
624 1
565 1
86 2
55 1
608 1
668 2
682 1
222 4
284 1
417 1
308 1
637 1
547 2
751 2
401 4
530 3
777 1
77 1
234 1
663 2
698 3
592 2
643 1
329 2
243 2
370 6
309 1
217 1
732 1
476 4
657 1
113 1
470 5
500 1
90 2
550 2
197 1
96 1
32 3
567 1
124 1
17 2
47 2
759 1
424 1
357 2
122 1
573 2
702 3
474 2
618 1
615 1
622 2
551 3
694 1
697 1
118 1
289 2
16 1
715 1
696 1
18 1
337 1
546 1
485 1
700 1
443 1
52 2
230 3
173 1
518 1
51 1
757 2
505 1
314 3
40 1
773 1
11 1
36 1
528 1
403 1
499 1
355 1
236 1
259 1
player: 1 Altruist
162 6
559 2
99 2
172 8
331 6
2 1
498 3
795 5
304 3
69 6
645 3
417 7
613 4
176 6
733 3
185 3
198 1
315 4
143 2
174 6
196 3
612 4
260 3
153 4
787 4
706 2
232 3
628 3
5 2
349 4
658 4
368 2
673 5
568 1
370 6
702 3
413 2
64 3
175 3
80 2
642 3
535 3
130 3
374 4
749 2
456 6
167 8
648 3
269 2
329 6
430 3
588 1
494 4
290 3
385 3
1 2
586 4
375 2
460 10
128 2
470 2
422 4
210 5
206 2
106 4
121 2
644 2
83 3
240 3
194 3
161 2
306 3
424 5
415 4
607 5
16 4
151 1
178 5
528 5
392 9
108 3
129 3
618 4
403 4
729 2
268 4
581 3
10 1
578 5
655 1
123 2
320 5
545 4
86 6
237 3
278 3
457 7
30 2
15 4
179 4
142 1
513 1
710 1
525 3
102 4
363 3
261 2
314 2
294 1
690 2
166 4
20 4
276 7
661 1
668 6
747 4
239 2
407 3
224 2
464 3
616 2
281 2
337 2
189 4
497 5
667 1
316 1
247 1
213 2
60 2
453 3
398 5
159 4
79 6
652 3
253 2
171 6
573 4
97 5
768 1
41 1
89 4
629 3
507 3
590 2
547 1
427 4
404 4
47 1
786 1
221 2
455 5
656 4
273 3
579 4
117 1
696 6
328 1
46 4
742 3
788 3
327 1
659 2
27 3
490 3
141 4
785 2
399 4
376 6
17 2
741 2
517 3
400 5
109 3
82 5
683 1
434 6
767 2
463 5
351 2
231 4
181 6
410 4
718 2
177 4
209 1
389 3
223 3
318 1
617 2
436 5
715 1
575 3
736 3
191 4
632 2
550 2
624 2
289 3
270 4
34 3
192 2
467 3
58 5
447 5
347 1
111 4
61 5
353 4
421 2
775 2
173 3
713 3
433 1
526 3
678 4
373 2
584 6
409 3
334 3
9 2
115 3
188 7
156 3
762 1
405 4
33 3
466 1
489 5
454 3
333 4
589 2
215 3
183 5
254 4
697 5
216 3
186 2
134 2
563 4
531 2
309 4
126 4
406 4
515 4
520 2
431 1
468 3
794 4
625 6
703 1
342 3
524 3
782 1
272 2
594 1
282 3
725 4
195 4
560 1
169 4
533 1
555 2
149 2
66 3
157 3
11 2
605 4
302 2
258 3
546 10
771 1
52 2
587 3
75 6
36 3
284 5
243 3
591 2
395 2
614 4
425 2
48 4
484 4
265 3
70 7
554 2
26 2
262 5
503 3
244 5
712 3
321 3
132 3
150 5
471 2
295 5
379 3
325 3
523 1
735 4
71 1
310 3
362 6
45 6
252 4
65 2
357 4
737 4
739 2
740 3
7 4
305 1
510 1
660 2
356 3
720 1
792 5
672 3
95 3
615 3
24 4
643 5
557 3
585 1
402 1
182 4
449 3
91 2
724 1
388 4
21 1
113 7
595 3
227 2
383 1
761 2
780 1
371 5
170 4
365 3
37 6
277 5
630 3
271 2
217 4
622 2
190 1
640 5
705 2
250 3
92 4
394 4
119 3
291 2
114 4
234 5
538 2
207 7
255 4
704 2
120 5
214 4
107 3
336 3
418 5
300 3
205 1
187 1
218 4
440 4
88 4
429 2
577 1
458 2
657 3
438 4
49 2
264 5
283 2
445 4
72 5
540 5
738 2
721 2
608 5
199 3
274 1
355 4
462 3
158 4
32 2
576 1
372 2
352 6
671 3
396 5
448 5
81 1
297 5
184 6
76 2
477 4
94 2
293 3
752 4
481 3
322 2
73 2
292 8
772 1
22 3
754 4
248 3
225 6
228 1
744 4
42 3
77 7
653 2
50 3
664 5
760 3
311 1
55 4
692 1
799 3
480 2
125 2
636 5
604 2
479 1
709 1
200 2
54 1
296 1
307 4
511 2
565 4
727 2
193 3
548 3
116 4
521 3
233 1
593 3
759 1
127 2
387 7
745 3
285 3
641 2
446 4
397 4
279 4
796 3
135 3
360 1
57 2
516 1
603 3
474 4
280 2
411 5
245 2
163 5
382 4
384 3
154 3
44 3
439 2
204 2
100 2
386 2
635 1
208 4
201 2
416 3
423 2
583 2
676 1
717 3
753 1
236 1
87 4
731 3
78 2
366 3
249 2
74 1
791 3
275 4
14 3
619 3
68 2
552 4
674 1
345 1
299 1
719 2
401 1
556 4
3 3
620 3
53 3
778 1
501 3
256 3
380 4
145 1
341 4
450 3
164 2
541 1
263 3
442 3
599 4
558 2
414 3
482 2
505 3
634 6
428 1
301 2
147 1
532 2
793 3
332 2
96 3
773 3
28 1
700 2
381 3
313 5
152 2
160 3
138 4
743 4
222 2
561 1
756 2
287 2
509 3
536 2
211 2
137 1
519 1
485 3
118 2
459 2
681 2
326 2
391 2
582 2
359 5
350 1
420 4
691 3
317 4
358 2
508 2
35 1
148 5
734 1
748 1
491 2
626 2
600 2
684 2
711 1
377 2
144 2
235 2
90 1
469 2
8 3
472 1
473 3
451 1
694 2
197 1
323 2
242 3
723 2
246 2
98 1
682 2
543 2
203 2
506 1
514 2
443 2
553 1
426 4
549 3
610 1
763 1
797 3
689 2
140 1
367 1
112 1
104 2
393 5
369 1
527 1
597 3
790 1
680 1
492 2
241 3
312 3
777 2
693 1
611 1
730 1
770 2
755 2
598 6
663 1
637 2
364 2
435 1
324 3
638 3
542 1
758 2
572 4
496 1
666 3
105 3
344 1
335 2
701 1
267 2
699 3
378 1
348 1
29 1
303 1
229 2
202 1
155 1
444 3
103 3
339 2
564 2
483 1
504 2
93 1
408 7
266 2
257 2
662 1
212 3
259 1
40 1
19 1
592 2
319 1
452 1
133 2
220 1
13 1
669 2
18 1
602 1
566 2
746 1
43 2
685 1
146 3
623 2
59 1
4 1
62 1
180 1
390 1
609 1
551 1
665 1
51 2
502 1
649 1
765 1
779 2
361 2
288 1
601 1
56 1
783 1
488 1
465 2
677 2
688 2
230 2
122 2
774 1
654 1
31 1
639 2
580 2
165 2
732 1
722 1
67 1
493 1
432 1
238 1
567 2
606 1
226 1
63 1
338 1
631 1
437 1
12 1
646 1
539 1
25 1
346 1
784 1
286 1
player: 16 Altruist
247 3
706 4
57 1
405 3
98 4
282 4
118 6
193 1
198 5
687 4
58 4
349 6
719 2
382 4
421 4
201 6
320 3
100 3
347 3
69 6
709 5
442 3
21 3
23 4
488 6
216 4
385 3
735 3
159 4
343 4
798 1
171 2
331 4
63 5
227 2
502 7
256 3
551 2
195 5
60 2
567 2
603 2
79 2
796 3
235 5
310 3
316 2
663 3
530 6
121 4
104 3
611 2
697 4
244 5
301 5
330 2
67 2
8 2
30 4
748 5
221 2
500 4
466 3
354 2
82 5
40 3
375 5
607 5
705 4
472 4
428 5
338 6
161 4
710 5
322 4
140 2
408 4
624 1
293 4
702 1
699 4
355 3
323 5
373 6
507 5
437 3
495 4
279 3
552 2
763 2
324 3
264 5
787 2
621 2
631 3
401 3
389 4
595 5
730 2
661 5
335 5
478 4
238 1
1 2
681 4
592 2
627 3
119 5
359 6
172 2
740 2
793 3
675 5
366 3
289 3
397 4
180 5
10 3
477 2
578 1
504 4
66 3
471 1
49 7
588 1
145 5
377 2
95 5
54 5
55 4
400 2
501 2
151 4
68 2
499 2
448 5
487 3
166 6
326 2
492 3
302 1
204 4
26 1
565 3
731 3
184 2
526 2
516 1
254 2
50 3
680 2
700 4
123 2
25 3
99 4
691 3
334 7
390 4
391 2
393 2
299 1
407 6
305 2
434 5
147 6
33 2
774 2
212 8
600 1
640 2
628 3
365 3
269 9
392 3
259 4
237 3
173 1
521 4
209 3
536 4
715 3
451 5
223 5
474 4
782 1
318 3
248 4
511 4
22 2
679 2
346 2
569 3
144 6
120 5
229 2
38 2
414 7
222 2
417 2
300 3
522 1
9 4
327 2
449 1
312 2
622 1
251 5
462 6
232 4
398 7
189 4
64 3
37 2
91 6
125 5
143 6
217 2
514 3
363 3
20 4
480 1
753 4
142 5
77 3
281 2
85 1
463 2
53 2
581 2
766 1
169 2
304 7
115 2
101 4
116 3
612 3
689 3
515 4
74 5
433 1
625 3
294 1
170 1
253 3
672 1
387 4
573 3
660 3
44 3
703 6
130 3
383 5
191 5
440 3
602 2
112 3
89 1
615 6
206 5
36 3
80 4
265 4
132 3
111 1
589 4
604 4
386 1
240 4
200 2
566 2
432 1
635 4
314 4
202 5
136 4
636 3
773 3
224 1
582 3
243 6
457 4
494 5
623 4
443 3
538 1
186 2
75 5
374 3
158 7
425 1
496 3
362 4
24 2
214 5
27 4
56 3
239 3
345 4
690 3
712 1
303 2
283 4
454 5
84 5
5 2
789 5
484 1
114 4
399 3
162 3
197 3
682 2
108 3
415 2
524 3
367 4
772 4
273 2
272 2
18 2
568 1
319 3
246 3
545 2
295 1
576 2
683 4
15 4
794 2
4 1
453 2
575 4
482 2
7 2
358 3
83 4
103 2
424 4
129 5
523 5
762 4
384 1
587 1
418 4
562 2
329 2
325 3
584 4
205 6
790 6
396 2
339 6
671 1
137 1
230 3
711 4
378 2
260 4
744 5
544 4
553 2
737 2
210 7
548 3
296 4
688 2
450 3
445 4
139 1
321 3
413 4
122 4
3 4
87 2
668 3
153 2
267 2
596 2
791 3
65 3
642 4
693 1
795 5
540 1
187 5
441 5
192 2
185 9
696 4
694 1
797 2
535 1
199 7
456 1
78 2
348 3
228 2
481 1
722 3
280 3
411 1
213 1
489 4
168 2
190 3
475 3
356 5
309 2
438 3
278 1
532 1
313 4
241 2
721 3
332 2
13 1
729 1
512 4
261 2
351 1
28 2
632 3
207 2
662 4
12 3
52 1
736 2
464 3
431 4
250 3
491 1
381 2
718 1
41 1
231 2
263 2
48 3
357 2
750 7
784 3
117 3
70 3
461 2
618 2
164 3
498 2
560 1
328 2
665 2
483 1
97 3
308 3
135 2
203 6
268 3
211 4
422 1
591 3
761 1
176 2
315 1
733 3
651 4
759 2
154 3
533 2
564 1
549 3
155 1
459 3
307 2
497 1
317 3
485 1
73 3
275 1
368 1
720 1
580 1
17 1
394 2
436 4
236 3
629 2
32 2
420 3
157 3
792 1
361 3
605 2
509 1
609 2
165 3
543 1
505 1
619 2
716 2
39 1
163 3
633 4
579 5
34 1
215 4
429 3
646 4
360 2
599 4
276 2
598 4
395 3
138 3
473 1
371 2
62 2
274 2
344 5
181 1
597 2
513 1
51 4
717 3
262 2
435 2
110 2
369 1
664 1
19 3
739 4
419 1
647 3
218 4
571 1
780 2
652 2
409 2
46 1
141 3
178 2
460 4
644 2
707 1
286 4
561 2
152 4
685 3
88 2
270 2
684 3
160 4
745 2
503 1
637 2
406 2
755 1
183 4
519 3
43 1
527 4
554 4
372 2
291 1
779 3
613 1
666 2
469 1
778 1
336 2
266 1
742 1
670 1
486 1
583 2
416 4
59 3
86 2
277 1
574 4
758 2
285 2
402 1
493 2
252 1
376 1
370 1
388 2
225 3
71 3
403 2
90 1
490 5
698 2
620 1
728 3
678 2
297 3
594 2
208 1
520 1
634 2
708 2
585 3
106 3
590 2
476 4
547 3
412 3
653 5
72 3
572 1
517 1
658 3
47 1
674 2
134 2
410 5
713 1
593 1
656 3
131 3
182 2
6 2
657 2
234 1
692 4
439 2
167 3
337 3
219 2
148 1
426 3
150 6
194 3
249 3
741 1
550 1
528 1
768 1
298 5
546 1
242 4
732 3
427 1
196 1
16 1
255 1
725 3
430 3
608 1
258 3
102 2
11 1
676 1
96 1
92 2
525 1
701 1
610 3
342 2
786 4
350 3
380 2
127 2
288 3
638 2
641 2
257 1
537 2
626 1
292 1
444 2
175 2
220 4
188 1
601 2
446 2
639 2
616 1
31 1
673 1
333 1
452 1
35 2
353 2
341 1
781 1
606 1
179 1
379 1
531 1
126 2
423 3
506 1
752 1
156 2
306 3
404 1
630 2
783 1
109 1
42 1
364 1
724 1
746 2
723 2
559 2
61 2
556 1
107 2
447 1
81 1
754 1
105 1
467 1
738 1
245 2
586 1
667 1
340 1
751 1
765 1
767 1
518 1
284 1
757 1
233 1
player: 4 Altruist
748 1
433 3
325 3
216 2
486 3
374 4
794 4
408 3
220 2
265 6
179 2
355 4
397 2
531 3
573 7
649 4
596 3
773 2
293 4
260 7
623 5
267 4
364 3
149 3
386 6
642 2
695 7
54 4
576 2
87 3
45 4
520 3
619 1
333 4
409 3
460 3
597 3
158 5
160 5
189 2
367 6
254 6
178 6
423 3
163 7
696 6
418 3
721 2
213 6
606 9
487 4
434 1
795 5
761 2
313 4
330 5
438 8
370 4
47 4
188 2
444 4
295 4
140 5
114 6
577 4
191 3
366 9
297 2
249 2
507 1
142 5
641 1
305 2
336 4
626 1
735 1
659 1
294 7
799 2
237 5
437 4
484 3
406 4
301 2
457 3
714 2
15 6
455 6
379 4
107 2
244 5
9 3
192 3
381 2
304 2
156 3
40 6
684 3
788 4
150 2
276 3
332 2
180 4
395 5
793 3
440 2
523 4
25 3
634 5
200 6
564 2
679 3
399 5
104 2
278 3
303 2
263 3
63 2
139 3
58 2
363 2
117 2
359 4
441 4
630 3
605 1
492 3
181 3
128 3
544 2
425 4
471 3
469 5
608 2
581 1
448 4
148 2
185 5
175 4
252 4
110 5
208 8
781 4
617 1
656 1
122 5
730 3
32 3
583 3
479 6
582 3
506 2
490 2
787 2
493 2
511 5
350 6
664 2
745 3
722 3
121 3
529 3
625 4
6 3
242 2
261 6
281 2
44 4
214 4
502 1
566 3
797 4
668 3
780 2
779 2
250 5
356 4
197 6
172 4
729 4
300 3
701 3
458 4
76 3
352 2
672 4
186 6
427 5
593 4
687 2
10 2
621 2
413 6
207 5
501 1
256 4
422 1
198 5
575 4
539 2
31 4
393 3
384 7
126 4
7 3
116 4
74 2
61 1
317 5
285 2
307 7
95 4
204 3
643 2
90 5
542 2
77 2
273 3
243 4
290 3
465 2
473 3
476 4
209 5
636 5
741 3
360 2
682 1
67 2
443 2
190 4
176 6
324 3
426 2
23 4
202 3
318 2
571 5
4 2
105 4
694 2
436 3
155 5
164 6
53 3
555 3
310 3
162 5
421 4
235 2
132 6
445 2
236 3
734 3
428 4
648 2
68 6
392 5
89 2
591 1
238 2
184 5
70 6
42 4
759 5
727 1
3 3
20 2
378 6
686 1
517 2
537 2
308 2
796 5
56 3
405 1
548 2
383 1
420 3
622 2
280 6
299 4
335 2
584 3
446 4
744 2
491 1
558 1
291 2
124 5
740 1
113 2
483 3
141 3
579 3
535 2
59 5
578 4
199 4
268 6
567 2
211 3
404 1
462 2
572 3
272 1
587 2
130 2
685 4
585 6
255 2
561 1
690 2
269 4
112 2
638 2
119 2
463 1
206 5
80 3
718 4
266 6
389 4
431 2
784 1
720 2
569 1
380 4
348 3
227 3
168 2
400 3
347 2
725 3
302 2
565 5
488 2
574 2
79 5
111 7
152 4
159 3
292 5
774 1
37 2
109 4
270 6
2 1
24 4
528 2
170 7
549 3
225 8
607 2
464 4
767 1
284 2
334 1
680 1
27 3
518 1
375 2
26 3
570 3
78 2
274 4
669 2
248 3
259 4
102 4
193 1
120 3
195 6
385 6
161 2
432 2
166 4
556 3
34 3
554 3
262 3
147 2
688 2
372 3
12 3
396 1
232 4
712 3
215 3
223 4
331 3
755 1
82 3
594 2
618 2
143 1
322 6
654 2
309 1
134 9
451 1
154 5
732 3
627 5
382 2
18 1
196 2
459 2
447 4
221 3
96 3
174 5
628 3
763 1
689 2
715 1
169 3
377 1
49 2
146 1
69 2
588 3
791 5
187 5
55 1
612 3
39 2
81 1
157 1
536 2
777 4
354 2
752 4
719 2
424 2
275 4
358 4
210 5
219 4
99 3
371 2
589 2
453 2
505 3
62 4
526 4
84 5
17 3
271 1
494 2
46 1
398 4
289 5
127 3
724 1
478 3
602 2
93 3
435 1
283 4
470 6
550 3
323 2
515 1
504 2
30 2
264 1
753 2
345 4
697 2
108 2
298 2
738 2
251 1
739 1
407 3
545 1
217 3
328 2
240 6
306 1
75 2
704 3
632 4
747 2
429 4
613 1
768 4
349 2
652 1
165 2
616 2
88 3
644 2
450 2
138 4
449 4
151 4
603 4
783 3
496 1
391 3
314 1
341 1
671 1
598 4
16 1
534 1
789 4
203 3
41 3
35 2
224 4
742 2
717 1
640 4
521 3
339 3
665 3
546 2
658 1
36 2
760 2
173 2
481 2
129 2
699 4
288 3
743 2
543 1
144 1
728 2
746 1
136 3
153 2
92 2
73 1
241 2
639 1
547 1
731 2
362 2
402 2
629 1
351 4
125 1
388 4
509 3
145 2
709 1
497 3
500 2
234 2
756 1
133 2
319 3
698 1
353 2
229 2
94 3
692 2
315 3
563 3
480 2
279 4
454 3
103 3
683 3
5 4
287 3
530 1
675 2
647 1
499 2
706 2
411 2
705 1
512 1
766 2
171 6
106 3
552 1
167 3
557 1
245 3
764 3
519 1
57 3
723 2
661 3
419 2
467 1
609 1
726 1
222 3
610 2
611 1
29 1
514 3
737 1
403 4
257 2
177 1
681 2
239 2
560 2
650 4
707 1
296 2
277 2
691 2
60 1
137 2
595 1
253 2
417 2
635 1
52 2
670 2
439 1
340 1
495 2
101 1
230 2
533 1
482 2
468 2
540 1
321 3
477 2
466 2
338 2
228 1
758 1
674 1
516 2
97 1
700 2
604 2
33 1
91 2
513 2
28 1
475 1
1 2
361 2
614 1
218 1
442 2
83 2
312 3
365 2
660 1
733 1
38 1
131 3
508 3
311 2
11 3
456 2
247 1
790 1
412 4
677 1
14 2
201 3
183 1
703 1
123 3
522 2
13 1
653 1
620 1
580 2
782 1
586 1
282 1
394 1
646 2
410 1
472 1
430 1
527 2
474 1
182 1
390 2
71 1
667 1
85 2
498 1
600 1
337 2
342 1
115 2
645 1
231 1
416 1
750 1
770 1
749 1
702 2
711 1
346 1
762 2
771 2
194 1
785 1
637 1
415 1
633 1
387 1
226 1
624 1
343 1
98 1
559 1
320 1
757 1
708 1
461 1
666 1
373 2
21 1
22 1
48 1
316 1
86 1
player: 0 Altruist
96 2
251 2
84 5
173 5
112 6
65 2
358 2
371 3
589 2
87 5
283 2
134 2
327 2
217 3
58 5
514 3
289 4
280 10
54 2
477 1
361 2
757 3
458 3
734 1
214 5
300 5
337 2
393 2
410 4
174 1
29 4
680 1
43 4
2 2
584 4
583 3
407 3
274 2
744 1
593 3
325 5
74 1
140 4
468 3
193 4
238 5
167 5
181 2
6 1
175 7
799 5
47 7
305 3
155 5
273 1
69 3
770 1
293 3
665 2
169 4
667 1
275 3
368 4
642 3
256 4
207 3
758 5
492 4
467 3
423 4
197 5
146 6
550 4
398 8
205 2
230 4
408 5
536 4
199 2
463 5
625 1
242 3
106 3
710 5
301 2
436 3
323 2
125 5
338 2
453 2
374 1
38 3
116 6
747 2
412 1
559 4
376 5
240 1
303 1
272 5
689 2
778 3
53 5
299 3
152 1
511 3
122 3
439 1
83 4
331 4
354 3
182 4
211 3
179 6
503 7
615 3
141 2
673 2
651 5
671 6
391 8
335 2
117 7
451 3
381 3
75 2
419 2
23 2
213 5
185 7
552 3
172 7
686 4
541 2
409 2
239 4
78 4
97 5
516 4
92 2
80 5
476 3
252 8
713 3
549 3
751 1
336 2
159 3
532 1
127 3
245 4
210 5
31 5
89 7
421 2
30 4
292 4
786 4
290 4
741 2
191 6
382 5
608 2
740 1
8 1
378 5
282 5
57 2
270 8
418 3
86 3
15 4
494 2
756 1
618 2
101 3
604 3
437 5
176 5
44 4
102 2
269 3
203 2
170 2
696 2
315 5
218 5
68 4
432 6
249 2
105 6
200 4
139 2
554 2
363 3
131 7
362 3
478 5
204 5
389 4
352 6
544 2
7 1
447 7
460 3
570 3
510 3
194 2
339 11
40 4
346 4
268 4
406 6
326 3
413 6
324 2
470 2
311 2
220 4
384 3
221 2
341 2
180 4
709 2
66 6
481 5
46 4
307 2
402 2
649 4
760 3
708 5
443 4
688 4
121 2
342 6
123 6
472 3
353 2
156 3
797 2
132 9
56 3
663 2
662 3
348 2
742 2
88 1
524 1
142 2
533 2
523 1
636 3
39 3
18 6
231 3
278 4
113 1
682 7
711 3
617 2
695 5
572 4
171 4
395 3
585 4
676 2
796 3
789 7
576 2
328 2
263 6
45 6
506 1
291 1
150 2
100 3
701 4
77 6
314 10
768 3
70 4
28 2
627 3
429 7
162 1
537 1
445 3
782 2
764 2
560 5
750 6
579 1
780 2
81 2
440 2
11 2
498 2
791 2
462 3
508 3
564 2
277 3
693 4
501 1
229 3
178 2
563 2
383 2
61 4
433 4
345 2
168 2
5 1
520 1
528 3
428 3
426 3
397 6
416 3
526 2
405 3
111 5
623 4
763 4
784 1
637 5
698 1
683 2
766 1
51 2
48 3
568 4
365 1
234 2
186 2
158 5
157 1
241 3
37 3
34 4
640 1
715 1
700 5
215 3
253 2
694 6
309 5
347 5
603 2
753 1
63 2
26 5
414 5
246 2
287 3
360 2
254 1
73 3
644 2
344 2
297 2
306 3
722 3
518 3
285 2
427 4
785 4
14 5
614 6
388 2
265 2
639 3
632 3
737 1
114 2
403 2
377 3
304 1
519 2
630 1
64 2
415 6
136 3
497 4
424 3
385 1
312 2
202 4
206 3
271 2
723 2
465 1
601 3
225 2
298 3
109 3
795 2
222 2
575 3
531 2
483 4
187 3
455 1
441 2
151 1
104 4
4 3
330 1
577 1
596 1
646 3
98 3
431 5
24 3
367 3
62 3
490 2
580 1
115 4
219 3
288 3
622 2
130 4
685 2
90 3
93 2
320 5
411 1
27 2
95 4
761 2
160 4
264 3
721 2
198 4
491 5
425 4
386 2
216 3
359 7
548 4
404 6
586 1
189 3
661 3
349 1
148 3
504 3
535 2
474 7
110 3
135 4
691 2
493 3
59 3
674 1
561 2
684 3
399 5
201 3
82 3
144 3
793 5
666 2
370 5
670 1
726 1
260 3
9 1
400 5
52 2
505 2
145 7
600 3
690 1
124 2
783 1
434 4
484 3
469 1
147 1
581 2
502 3
454 4
192 2
446 4
448 3
565 3
794 1
120 2
25 1
228 3
624 1
495 2
598 3
420 4
259 2
488 4
634 2
42 2
351 4
302 3
19 3
94 2
573 2
85 3
759 2
318 1
313 1
687 1
450 2
161 2
588 3
496 2
227 4
522 2
521 2
279 2
449 3
788 2
660 1
679 3
619 1
138 1
286 6
340 2
509 1
707 2
392 1
236 5
489 2
558 2
262 2
36 5
659 2
675 3
752 2
748 2
611 1
321 3
343 5
266 2
658 1
719 1
60 1
775 2
571 3
99 2
334 1
733 3
195 4
166 4
261 4
209 2
456 2
244 4
164 4
417 4
776 5
712 2
366 2
17 4
76 2
154 3
281 1
621 1
442 5
438 2
732 2
641 1
643 1
257 4
597 1
91 1
654 2
118 3
582 2
736 3
153 2
183 2
599 1
224 4
471 2
486 1
319 3
79 2
647 1
774 1
678 1
137 1
702 2
355 2
10 2
720 2
728 2
746 2
749 1
781 1
545 1
177 2
724 1
3 1
475 3
223 1
332 1
656 2
317 2
457 2
648 3
466 2
190 2
731 2
546 3
771 1
790 2
595 1
356 1
49 2
401 1
72 3
480 3
255 1
613 4
798 2
208 3
606 1
792 1
267 1
128 4
655 1
1 2
103 2
557 1
553 1
562 1
55 3
35 1
390 1
396 2
730 1
628 1
609 3
591 1
612 3
556 1
652 2
534 1
375 2
452 1
233 2
12 1
379 2
258 1
248 2
333 1
578 1
22 2
250 1
610 2
664 1
569 1
33 1
444 2
629 1
602 1
677 3
773 1
308 1
119 3
232 1
163 1
605 1
551 1
422 3
525 1
149 2
485 2
729 1
235 1
697 3
322 1
515 1
430 1
769 1
482 1
735 1
645 1
566 1
592 3
767 1
716 1
538 1
143 1
394 1
631 2
706 1
635 1
276 1
310 1
547 1
226 1
714 1
243 1
435 1
765 1
527 1
620 1
373 1
517 1
387 1
316 1
650 1
703 1
755 1
699 1
512 1
294 1
32 1
459 1
380 1
196 1
739 1
player: 13 Altruist
566 1
573 4
530 3
628 7
494 4
643 3
174 4
539 2
416 6
727 2
387 3
240 1
363 5
28 3
455 3
663 1
218 4
741 7
599 3
292 4
147 3
162 6
568 6
68 3
591 2
146 7
170 3
576 2
12 1
237 2
141 4
104 1
178 8
156 4
451 2
408 4
189 6
187 8
210 5
203 3
32 2
287 3
661 2
368 2
298 1
560 4
531 5
434 4
476 5
115 5
634 4
305 4
201 5
608 2
122 3
473 2
158 4
736 2
745 5
101 6
73 1
160 3
284 4
795 4
790 1
359 4
748 1
74 2
159 4
682 3
137 3
669 4
672 4
617 2
651 3
344 4
429 2
9 4
484 5
549 1
62 3
247 3
457 1
233 2
636 4
414 7
82 5
21 2
44 3
382 6
506 3
150 4
454 3
277 7
435 4
87 1
268 4
43 2
402 2
310 4
489 2
41 2
81 3
630 2
185 8
509 2
351 3
56 2
11 3
165 7
143 3
662 3
133 3
597 4
259 5
51 4
510 3
154 4
742 6
46 3
84 5
783 2
773 2
129 3
786 1
410 6
290 1
511 4
558 1
796 3
770 2
388 2
375 2
607 5
589 4
554 5
396 2
469 1
439 4
678 2
493 4
750 3
552 4
252 6
274 2
172 1
381 2
713 5
481 3
615 4
307 3
433 6
349 4
660 1
394 4
456 5
728 2
642 3
71 5
327 3
371 4
206 7
421 4
110 3
378 1
192 6
673 1
716 3
75 4
194 3
231 5
471 2
314 2
285 3
34 4
777 3
318 2
212 4
680 5
419 4
516 2
299 2
214 3
176 5
686 2
470 2
35 5
610 2
449 4
446 7
355 4
536 2
345 3
55 4
570 4
272 4
135 2
312 4
392 4
260 2
609 4
529 2
207 3
60 5
631 3
63 3
173 1
755 3
722 2
404 6
269 3
595 4
689 2
37 3
61 3
78 4
580 5
398 3
117 4
145 5
127 3
563 3
325 3
90 2
572 1
641 5
526 2
438 5
152 3
448 2
400 4
142 2
323 1
592 2
598 2
16 3
213 5
442 4
216 4
751 2
125 4
250 4
358 5
230 1
723 2
181 3
114 5
1 2
718 3
415 5
124 7
198 4
279 3
164 2
386 2
585 6
732 2
202 6
20 3
730 4
374 2
480 4
648 1
679 3
341 2
556 3
478 3
238 2
458 2
111 3
57 3
401 3
450 3
553 5
191 4
338 3
120 4
370 3
179 5
265 5
537 1
588 2
524 3
13 3
15 1
236 4
196 3
754 3
603 3
453 3
384 3
477 2
654 1
319 3
744 2
140 5
2 1
199 1
264 2
188 5
606 3
437 1
792 3
559 2
695 3
485 3
217 3
113 5
166 2
653 3
204 3
715 3
49 2
475 4
350 4
328 2
243 2
89 2
322 3
96 4
390 7
361 2
308 2
267 4
246 4
66 4
681 4
157 3
645 3
316 5
14 5
26 3
602 3
413 4
522 2
324 1
256 5
724 2
77 2
418 3
389 4
346 2
343 1
295 2
72 2
793 5
186 3
423 3
228 3
354 5
657 4
332 3
441 1
428 2
148 2
95 1
543 3
587 1
761 1
709 4
567 4
452 2
674 5
197 1
535 1
425 5
623 1
251 3
235 1
488 3
664 2
729 2
262 1
239 1
649 1
69 4
365 2
302 3
725 2
92 3
300 5
273 3
190 4
224 3
76 3
621 4
527 3
758 2
70 2
39 1
94 3
521 3
126 4
296 2
180 3
42 3
465 2
24 3
611 1
112 1
182 3
169 1
229 4
706 1
466 4
555 2
798 2
7 3
22 2
639 2
227 2
245 4
581 4
507 2
746 1
366 4
412 1
482 5
782 3
492 1
151 4
175 5
270 1
31 4
565 3
717 3
130 4
406 3
779 3
474 5
200 6
547 1
195 2
594 1
211 3
518 4
619 4
495 1
714 3
183 5
8 2
119 4
282 2
683 2
726 1
440 3
541 2
468 2
765 2
234 1
784 1
640 2
444 2
309 4
762 1
136 2
743 2
171 4
704 3
397 5
490 1
333 6
787 2
281 4
626 1
571 1
335 1
220 3
564 2
579 3
491 2
655 2
644 1
48 3
3 2
30 2
291 4
301 1
116 2
253 3
278 3
317 6
161 4
385 4
464 2
692 3
369 2
731 3
697 1
58 3
364 3
799 4
756 4
337 3
775 2
550 2
294 2
600 3
436 1
109 4
774 2
258 3
432 1
409 4
85 1
339 3
395 2
459 1
659 2
590 2
632 1
306 1
794 3
747 2
193 3
380 2
286 6
710 3
79 3
753 1
107 1
80 1
52 4
10 1
501 3
508 2
352 5
134 2
445 3
737 3
422 2
65 1
128 2
712 1
29 3
163 1
635 3
676 1
687 4
36 3
776 3
255 2
222 3
596 4
667 4
144 1
540 2
248 1
569 1
771 4
789 2
93 2
315 3
551 2
430 1
622 2
254 3
502 1
373 2
99 4
348 2
417 5
583 3
280 4
472 3
19 1
733 3
132 2
139 4
461 1
625 2
33 2
670 2
25 3
17 2
618 1
266 3
447 2
499 2
311 2
98 2
734 1
693 1
443 2
497 4
357 2
289 1
424 5
646 1
223 3
614 3
528 1
512 2
54 1
242 3
38 4
749 1
719 1
431 2
209 3
577 1
545 1
177 2
708 3
303 1
690 2
486 2
50 3
666 2
637 2
620 1
767 1
739 2
121 2
532 3
105 3
407 2
685 2
513 1
760 1
574 2
138 1
149 1
584 2
778 2
557 3
155 3
504 1
293 2
691 1
225 2
226 2
241 4
538 1
405 3
336 3
677 3
688 1
707 1
244 2
215 2
604 3
27 2
275 5
546 2
500 1
781 2
544 1
766 1
593 2
263 1
168 1
321 1
100 1
288 1
467 2
320 1
533 2
479 2
59 3
379 2
304 2
496 4
360 3
219 2
694 1
131 2
483 6
329 1
83 1
47 1
271 1
91 4
426 2
313 3
460 2
18 1
711 2
377 2
735 3
517 2
391 1
347 3
520 1
86 3
103 2
764 1
208 1
427 2
106 2
326 3
362 1
123 1
411 1
153 1
102 1
582 2
297 1
367 1
353 1
167 2
578 2
612 1
561 2
769 2
534 1
701 1
64 1
738 1
97 1
221 1
616 1
5 1
399 1
542 1
629 1
514 1
383 1
601 2
638 1
184 1
463 2
420 1
487 2
261 1
232 1
393 1
605 1
player: 2 Altruist
61 6
523 2
723 3
200 4
309 2
493 1
507 3
566 2
214 8
443 2
619 2
241 4
740 3
91 5
239 2
22 4
235 4
242 5
442 5
450 4
268 4
349 3
451 5
121 3
390 6
302 1
90 2
713 4
11 6
193 5
431 3
207 5
483 4
432 4
74 5
204 4
339 4
263 3
181 5
343 4
84 5
391 3
234 5
171 4
96 4
99 3
48 3
145 2
26 2
591 4
252 1
685 3
393 6
514 1
136 7
18 4
128 4
710 4
228 6
662 2
341 2
522 2
344 4
274 6
786 2
222 3
260 4
130 6
40 2
28 5
792 3
428 3
423 4
331 3
67 3
362 5
500 5
202 5
449 4
140 6
413 4
189 4
773 1
706 1
83 3
6 4
72 5
677 2
631 4
258 2
303 3
667 3
693 2
718 4
799 3
730 1
370 5
2 1
298 4
229 2
467 3
552 3
191 5
739 3
300 5
658 1
379 5
400 6
487 4
417 7
58 5
144 3
497 2
469 2
8 3
135 3
632 3
147 1
668 4
225 3
376 3
388 5
236 6
426 5
160 2
206 3
571 5
543 6
734 2
295 2
16 2
159 3
645 1
375 2
330 5
356 5
385 5
179 3
46 6
747 3
456 2
169 6
372 5
560 3
226 1
359 6
736 2
683 1
674 3
56 3
81 3
655 1
492 3
20 1
63 2
781 2
253 4
606 5
392 2
210 4
580 5
420 8
604 3
755 2
78 2
559 6
439 3
14 4
622 4
198 4
333 5
661 3
182 7
250 3
299 2
54 2
666 4
134 2
421 4
118 1
59 2
301 6
637 4
245 5
261 4
291 4
369 3
746 1
470 3
94 3
75 4
373 1
647 3
43 4
587 3
542 3
398 7
785 2
704 3
460 3
361 5
725 1
175 4
251 5
782 1
789 3
125 5
278 1
308 5
3 5
702 2
266 1
618 2
109 6
712 4
79 4
131 2
165 6
317 1
314 4
32 3
363 1
620 3
440 2
537 2
660 2
110 2
238 3
433 3
498 3
287 4
463 2
166 6
157 3
557 3
232 4
240 3
688 1
476 4
519 4
627 5
342 2
149 2
316 3
167 1
377 1
562 6
21 5
209 2
142 2
384 6
172 4
411 5
615 2
19 2
437 1
327 1
774 1
132 3
50 4
588 3
576 6
698 3
462 1
380 2
141 3
259 2
608 5
412 2
474 4
586 2
304 4
495 3
756 2
525 3
464 2
404 5
176 3
475 3
441 2
1 6
272 5
281 1
292 5
477 1
38 2
353 6
313 7
468 1
146 6
748 1
188 5
488 4
243 4
643 2
161 3
231 6
158 2
709 2
180 1
357 4
427 3
577 1
329 4
108 8
294 4
527 2
447 4
648 1
178 4
602 2
438 4
374 4
616 3
402 3
512 1
60 2
340 5
86 4
697 1
753 3
446 2
578 2
103 1
173 4
686 2
113 3
305 4
365 2
23 1
139 3
80 2
480 3
653 3
494 3
490 1
87 2
764 4
415 2
565 2
797 3
539 1
155 3
186 4
590 2
164 2
744 3
788 2
548 5
237 2
684 2
150 3
39 5
168 4
546 1
738 2
82 4
610 4
550 1
364 4
335 2
114 2
609 5
628 4
455 4
129 3
408 1
657 4
585 3
170 8
71 4
687 3
795 2
611 1
570 3
389 5
735 2
277 1
174 7
430 2
355 3
218 1
434 5
57 3
605 5
516 2
707 3
29 3
187 3
319 2
569 1
378 3
406 2
558 2
459 2
461 2
211 4
690 2
595 1
33 3
219 3
49 2
104 1
247 3
397 2
520 1
751 3
386 2
106 5
410 5
689 2
100 3
9 6
10 2
424 5
112 3
208 3
116 3
76 2
367 5
163 1
162 3
553 3
517 2
122 3
328 3
538 3
246 3
508 2
457 3
429 4
358 1
506 2
597 3
64 4
743 2
199 4
526 2
541 3
448 2
612 2
573 1
325 1
273 4
603 2
793 2
399 4
348 3
315 5
405 2
696 1
321 2
759 2
51 4
787 3
351 3
775 2
177 2
472 2
197 1
52 2
681 2
286 2
395 2
691 3
233 1
592 2
486 1
70 5
496 3
336 6
290 1
600 2
323 2
673 2
215 3
65 1
575 1
445 1
535 2
664 3
127 2
55 1
34 6
185 5
95 6
524 2
563 1
322 5
66 1
148 3
769 2
551 4
758 3
203 2
77 2
416 5
499 2
473 2
230 2
350 3
44 1
346 3
354 4
279 2
732 2
601 3
613 5
435 1
153 3
88 1
119 3
752 2
644 2
642 1
791 2
288 1
17 1
521 2
505 2
777 5
705 2
530 4
581 3
638 3
383 4
534 2
659 1
244 4
326 2
15 5
194 2
111 5
617 1
614 1
120 2
47 6
5 3
596 1
85 4
192 2
284 2
584 2
641 1
669 3
101 1
403 2
649 2
607 1
731 1
256 3
42 3
724 1
721 2
675 1
269 3
471 1
418 5
650 2
45 1
549 1
285 1
745 1
776 1
414 1
337 2
409 3
156 2
270 4
216 2
217 3
482 2
749 2
484 4
137 2
594 1
30 5
714 1
107 3
262 2
700 2
672 3
453 2
255 2
213 3
695 1
711 1
123 6
754 1
24 3
635 1
556 2
670 1
757 3
726 3
381 1
117 2
780 1
282 1
73 1
264 2
478 2
651 1
574 2
283 2
629 2
275 4
679 1
7 2
265 1
719 2
151 1
750 2
248 3
729 1
671 2
401 2
529 1
102 2
133 1
249 2
579 1
531 1
318 2
115 2
334 2
254 2
382 1
767 1
701 3
68 3
454 1
152 1
98 2
728 3
425 2
105 2
540 1
35 5
452 2
347 2
623 3
716 1
419 2
772 1
703 2
320 1
394 2
796 3
624 2
554 2
407 2
196 2
630 1
503 1
761 2
93 2
778 2
634 1
479 3
532 1
741 1
708 1
737 1
368 1
126 4
271 1
733 1
89 3
485 2
511 1
765 1
510 2
515 1
224 1
720 1
280 1
491 2
436 2
625 1
513 3
124 1
699 1
205 3
633 1
13 1
307 3
589 1
545 3
564 1
201 1
37 1
297 1
676 3
583 1
771 1
267 1
53 1
289 1
190 1
352 1
371 1
783 2
223 1
12 1
544 1
481 1
692 2
656 1
763 1
790 1
798 1
533 1
489 1
572 1
561 2
567 1
212 1
310 1
770 1
69 1
682 2
154 2
195 1
555 1
293 1
784 1
player: 10 Altruist
254 4
467 2
121 4
113 6
608 2
284 3
665 2
252 7
120 7
234 6
705 4
2 3
6 3
63 2
676 3
374 4
522 3
647 4
508 3
127 4
399 5
592 3
428 4
99 3
699 2
92 3
222 3
242 1
764 2
184 2
781 3
129 3
223 2
493 4
395 8
79 5
477 3
212 3
324 5
566 2
496 5
380 4
555 3
715 1
112 2
711 4
207 6
43 3
231 5
591 3
754 3
580 3
219 3
510 3
407 4
90 3
393 2
174 5
259 6
303 5
126 3
227 3
553 3
56 2
19 6
173 4
307 6
71 2
669 2
456 7
602 3
183 4
658 3
378 2
154 5
396 9
94 1
115 4
12 1
389 6
167 7
445 9
636 3
376 4
150 4
788 3
365 3
32 3
72 3
746 4
561 1
671 3
427 1
690 2
708 4
466 5
153 5
413 4
787 1
619 3
188 8
356 4
649 2
697 4
558 1
164 4
415 3
78 3
394 4
642 5
631 4
106 2
255 4
429 2
635 2
187 6
441 4
431 6
244 5
17 5
35 2
180 3
305 2
217 4
86 3
551 2
661 3
384 2
306 5
627 7
605 3
418 3
480 2
62 3
391 3
449 2
440 3
169 3
45 3
124 3
482 3
425 4
433 2
640 3
195 6
444 7
178 4
122 6
93 6
280 4
500 3
454 3
278 2
439 3
740 1
4 5
702 2
550 4
336 2
735 1
27 8
75 2
80 1
567 5
44 1
728 2
532 3
421 1
279 3
281 4
796 3
189 4
70 2
230 4
321 4
344 3
465 5
293 5
161 4
111 5
171 3
110 1
565 7
448 3
166 2
586 2
681 3
472 3
789 2
215 3
216 4
197 2
603 5
211 7
519 5
138 5
584 2
24 3
262 3
348 3
49 4
103 6
271 4
760 3
16 3
726 3
245 7
156 2
486 5
783 2
101 4
442 3
9 5
67 5
8 2
41 3
386 3
491 1
534 2
660 4
688 3
104 2
662 2
83 8
678 1
176 5
15 2
474 6
297 3
218 1
258 3
784 2
5 2
520 1
487 2
160 4
200 4
373 3
203 2
172 5
639 2
300 1
488 2
295 1
51 2
213 7
58 5
100 3
403 2
673 2
406 4
21 5
515 5
759 2
408 2
296 1
276 6
346 4
464 2
347 2
372 5
791 2
236 4
430 6
317 3
248 6
333 3
192 1
309 3
617 3
20 4
762 1
274 6
168 1
443 4
668 5
600 2
11 2
621 3
46 1
607 1
692 3
453 3
498 3
517 3
366 2
369 2
260 1
148 5
790 2
331 2
179 3
509 5
461 2
247 6
84 3
682 3
727 2
516 3
598 1
401 6
526 3
672 3
194 5
620 2
302 3
23 1
414 4
269 4
98 4
475 3
350 2
511 2
147 4
163 3
233 4
69 5
39 1
706 1
270 6
450 2
765 1
499 3
404 1
648 1
162 4
68 4
175 4
40 1
707 1
494 4
290 1
30 2
66 2
595 2
198 5
151 3
343 6
352 4
143 4
701 4
257 2
525 4
458 1
689 2
294 1
626 1
484 2
417 2
31 1
704 3
767 2
455 1
119 4
327 3
714 1
506 2
377 1
340 2
745 2
267 1
683 2
204 3
398 4
256 2
359 3
650 4
74 2
251 2
451 3
694 2
422 5
709 3
390 4
483 2
273 2
643 3
799 4
358 1
301 2
615 3
504 3
131 2
752 4
238 3
97 4
771 1
243 3
298 1
313 3
419 5
190 6
132 2
185 4
367 1
368 4
469 1
337 3
594 2
599 2
224 2
157 2
354 1
332 5
677 2
214 3
447 3
253 4
96 4
434 4
208 1
623 2
38 4
34 5
139 1
91 3
349 1
385 2
342 1
107 1
786 3
638 3
646 2
546 2
423 3
50 5
527 2
59 2
585 7
182 4
318 4
736 1
645 2
785 1
89 3
410 4
405 5
432 1
798 4
411 2
323 2
387 2
563 3
680 3
628 2
559 2
489 2
495 4
165 2
481 2
299 6
513 5
512 3
334 4
400 3
572 1
130 2
226 4
145 4
3 4
670 2
264 2
322 2
314 4
725 4
596 1
199 4
286 3
88 2
118 1
416 2
288 3
250 2
501 4
266 1
170 2
54 1
287 3
612 6
633 1
758 2
479 1
763 2
196 1
587 4
468 1
616 3
388 4
304 2
543 2
538 2
601 4
186 2
142 3
536 1
33 2
507 3
420 5
583 1
221 2
730 4
582 3
326 3
644 2
476 5
22 1
10 5
797 1
716 1
85 3
381 1
193 5
564 1
578 2
604 2
285 1
155 2
308 4
18 2
263 3
292 3
614 2
339 1
114 2
782 2
181 1
402 3
524 5
542 2
341 4
693 4
652 2
329 1
312 2
794 3
625 1
624 3
61 2
703 3
738 1
698 3
375 3
202 1
392 1
577 1
436 3
734 2
144 2
277 6
383 2
159 1
315 2
437 4
412 2
557 4
521 2
48 1
361 1
47 1
606 3
81 2
283 2
742 1
471 1
36 2
291 2
134 5
275 5
719 3
748 2
753 1
102 2
610 1
351 4
191 2
713 1
229 1
117 2
261 1
528 2
239 2
492 3
656 1
360 2
240 4
470 5
128 2
531 2
659 2
588 1
729 5
562 3
589 2
73 3
310 2
666 1
597 1
700 1
490 1
64 2
574 5
696 4
355 1
123 3
424 1
548 2
426 4
65 3
316 3
579 2
60 1
338 1
249 2
755 3
319 3
664 2
774 1
780 1
382 3
613 2
379 2
209 2
457 5
371 3
13 1
576 1
505 2
87 2
272 1
409 2
282 2
37 1
237 1
545 1
503 1
679 1
330 1
125 1
685 1
325 1
518 1
105 2
152 3
55 4
435 3
28 2
497 2
311 1
459 2
744 1
651 1
675 1
630 1
539 1
158 3
637 1
723 1
76 1
732 1
722 1
140 2
149 4
560 1
549 1
473 1
710 2
695 1
268 2
135 3
575 2
611 1
761 1
220 1
687 2
720 2
205 2
731 3
779 1
773 2
328 1
232 1
772 1
770 1
265 1
739 1
177 2
95 2
335 2
146 2
568 2
462 2
751 2
793 2
530 1
452 2
478 1
552 1
137 3
141 1
756 1
570 1
737 1
733 1
241 1
116 2
724 1
438 1
657 1
684 1
691 1
397 1
52 1
778 1
136 2
622 1
362 1
768 1
741 1
108 1
777 1
345 1
53 1
201 1
718 1
364 1
757 1
26 1
player: 17 Altruist
412 5
273 1
269 1
220 6
606 4
617 3
405 1
320 4
486 1
246 9
795 3
538 4
130 5
354 1
639 4
447 4
672 2
190 5
662 1
576 3
422 6
621 4
212 4
357 1
605 1
328 3
406 7
745 5
105 3
642 7
670 4
512 3
51 3
174 5
35 3
465 4
341 2
400 3
699 3
237 3
351 5
142 3
504 3
493 2
594 2
342 1
115 3
783 3
216 4
459 6
34 6
381 4
31 2
196 2
201 6
348 4
694 6
68 4
563 5
302 2
673 5
318 5
484 2
251 3
615 3
231 3
192 3
72 2
471 6
764 1
117 4
573 3
199 6
386 4
654 3
343 5
215 2
73 3
209 4
155 6
214 6
280 3
362 2
56 4
184 7
677 1
144 3
456 3
110 3
295 1
120 7
205 3
739 1
701 2
490 2
387 7
143 4
674 4
496 7
257 3
87 4
249 4
664 1
97 1
236 10
460 5
518 3
442 2
32 9
176 4
64 4
152 2
474 5
625 3
57 4
516 4
507 2
736 1
24 3
232 4
195 4
45 3
36 6
433 3
79 3
202 2
645 2
655 4
161 6
513 4
734 2
276 3
85 5
121 4
189 4
61 5
526 2
506 4
666 1
344 3
271 3
303 4
27 2
182 5
622 3
754 3
151 4
300 4
185 3
457 3
581 2
407 8
187 7
109 5
378 1
488 2
148 2
628 2
340 3
740 1
418 1
692 1
564 2
17 3
450 4
230 3
282 3
90 4
181 4
74 1
316 2
141 1
567 3
217 4
604 2
149 4
114 3
270 3
547 2
572 1
94 1
213 3
539 2
177 5
697 2
796 1
299 2
7 3
321 1
162 4
389 8
363 9
16 3
392 3
169 3
5 3
421 5
565 6
439 7
93 3
578 4
124 5
398 7
204 1
548 4
186 4
287 4
375 2
380 2
206 7
175 3
164 4
612 1
359 3
763 1
83 4
6 1
111 4
785 2
338 4
724 4
648 1
569 3
81 3
593 2
631 2
553 2
436 4
369 4
146 5
402 5
317 4
347 4
25 7
9 5
138 5
583 3
473 4
275 4
223 5
285 3
358 4
226 5
440 4
145 6
38 6
18 3
307 1
225 3
427 1
135 3
710 2
150 2
266 3
475 3
680 3
15 1
601 1
756 2
722 4
660 1
364 1
21 3
247 4
239 4
614 2
243 6
784 3
224 3
313 2
173 3
579 2
653 5
728 4
404 7
113 6
139 3
33 4
494 8
753 2
423 1
335 6
748 4
452 6
277 3
431 4
75 4
561 3
690 3
477 2
178 3
221 5
159 4
550 1
1 6
244 5
134 5
522 2
356 5
432 5
228 4
415 5
183 5
464 2
294 5
43 2
153 2
634 4
562 2
425 6
194 2
108 4
472 3
771 2
166 1
301 3
167 2
399 5
552 5
620 4
636 1
705 3
410 2
532 1
211 3
242 3
163 2
429 3
632 3
482 3
413 4
252 3
414 4
92 3
775 1
453 2
424 2
779 4
264 5
685 4
227 2
260 3
430 4
147 6
732 2
265 2
82 3
747 2
13 4
383 3
537 4
556 4
757 2
769 10
396 2
435 1
367 5
297 3
462 5
4 3
78 2
55 1
203 3
125 4
365 2
525 1
219 2
449 2
527 3
188 4
448 3
420 4
678 3
48 4
308 2
549 1
288 2
481 1
503 2
58 3
331 3
46 3
136 3
254 1
517 3
191 4
627 2
618 3
706 1
379 4
353 3
695 2
208 3
250 4
322 2
352 5
157 4
245 3
393 3
638 3
71 3
332 2
319 1
200 3
168 2
154 2
791 2
665 1
768 2
497 2
679 2
589 1
210 5
711 2
470 3
258 3
281 2
750 5
126 4
792 1
104 2
29 4
491 1
419 6
279 3
744 2
235 3
179 3
700 3
60 1
709 2
501 2
633 5
165 2
333 1
106 4
296 4
647 1
663 2
44 1
304 2
519 4
233 3
23 2
669 1
530 2
326 3
735 1
311 1
708 1
107 2
42 3
385 2
523 1
416 2
661 3
787 2
774 1
284 1
587 3
461 1
441 1
571 2
585 2
69 2
485 2
89 1
451 2
116 3
443 2
590 2
741 2
760 2
659 2
544 2
40 1
336 3
37 4
468 3
248 4
446 3
542 2
759 2
489 2
719 4
180 1
607 2
738 3
454 5
355 4
580 2
170 1
123 3
776 2
799 5
256 1
263 3
50 1
368 4
702 2
293 3
651 3
437 1
67 2
721 3
70 4
650 3
729 2
262 2
535 1
118 6
361 4
577 3
707 3
390 2
298 1
234 3
575 2
715 1
377 1
743 2
137 4
528 2
229 2
668 1
274 3
127 3
658 1
498 2
314 4
172 2
52 4
510 1
292 2
47 2
65 2
689 2
10 2
509 4
480 1
376 4
644 2
88 3
649 2
119 3
761 2
286 1
570 1
626 2
500 1
667 1
388 3
99 3
676 1
531 1
765 1
640 1
772 1
682 3
455 2
766 2
758 1
324 3
508 2
444 3
156 2
568 2
112 3
39 2
238 2
610 2
514 1
746 5
595 4
310 2
623 5
197 3
789 1
160 3
597 1
323 2
103 3
717 4
101 1
502 1
54 1
727 1
259 1
306 2
395 1
140 1
315 2
241 1
63 2
752 1
329 2
586 2
755 1
278 3
793 3
773 1
59 1
11 1
158 1
629 3
624 5
737 1
95 2
133 1
428 3
786 4
261 2
198 2
591 1
584 1
100 1
426 1
536 1
394 2
521 1
373 4
132 2
656 2
96 1
408 2
384 3
14 3
272 1
346 1
691 2
12 1
782 2
767 2
559 3
102 2
22 1
712 3
524 1
171 2
778 1
76 3
592 1
91 2
128 2
762 1
704 2
309 1
290 5
2 1
749 2
713 3
483 2
382 5
608 1
630 3
409 1
723 1
751 1
391 3
434 1
325 1
360 2
80 1
66 2
345 1
683 2
49 1
515 2
492 1
554 2
469 1
283 1
371 2
479 1
688 1
193 2
730 1
337 2
541 1
613 2
646 2
62 1
533 1
619 2
588 1
291 2
505 2
253 1
684 1
445 1
780 1
129 1
305 1
725 2
3 2
555 1
458 1
41 1
366 1
267 1
218 1
53 1
372 1
349 1
403 3
686 1
720 1
681 1
207 1
657 1
327 1
122 1
687 1
558 1
397 1
330 1
268 1
742 1
731 1
790 1
616 1
478 1
222 1
player: 3 Altruist
400 6
185 4
682 1
172 2
251 6
369 1
765 2
276 5
148 2
111 2
334 3
352 2
398 4
88 4
615 3
665 3
761 4
37 5
264 8
190 3
711 3
216 4
286 2
183 3
45 4
594 6
171 7
200 4
287 3
639 3
591 2
489 3
258 5
32 3
597 6
481 2
680 4
580 2
455 4
61 4
189 5
469 3
22 5
4 2
420 4
335 5
421 4
133 3
300 3
198 2
291 2
750 6
503 4
177 6
104 6
574 2
87 3
77 6
69 7
448 3
313 2
433 6
14 3
670 2
722 3
605 4
728 4
204 7
534 2
319 2
486 3
463 4
415 6
439 5
109 8
602 3
379 2
563 3
205 5
655 2
511 3
38 2
427 4
776 8
666 2
393 2
673 2
447 2
378 4
326 4
474 3
167 5
175 2
196 2
413 6
414 1
325 5
590 5
229 3
791 3
126 4
139 2
576 3
575 7
65 4
546 3
211 5
649 1
457 2
166 10
293 6
669 3
162 10
243 6
570 3
107 4
262 3
138 3
244 6
396 4
359 3
377 4
659 2
424 3
117 5
626 4
297 3
653 3
726 3
9 2
717 2
581 2
118 7
132 2
13 3
440 3
740 6
517 4
160 2
100 3
239 6
289 4
390 2
554 6
44 2
753 3
159 4
493 3
532 2
494 3
29 4
587 2
150 4
771 3
552 1
502 3
571 4
333 3
632 4
567 5
151 5
498 4
179 7
317 3
515 2
49 4
339 3
376 3
19 5
373 4
163 3
197 4
636 3
193 4
232 4
426 1
35 3
131 1
81 2
464 2
142 5
425 4
16 2
381 6
458 6
304 6
158 4
749 2
700 3
516 1
715 3
170 2
768 2
706 4
50 1
422 4
772 4
371 4
256 3
643 3
479 3
623 7
191 2
658 3
271 3
788 1
137 4
320 3
387 4
192 2
71 1
473 3
55 3
323 5
247 2
332 5
729 4
336 3
254 8
141 2
621 2
484 3
408 2
214 2
321 4
174 6
707 1
410 2
681 2
432 6
596 4
475 2
756 1
350 5
357 1
149 2
471 1
186 3
11 4
509 2
23 4
212 6
578 3
555 1
793 3
249 2
798 1
758 2
692 3
747 3
542 6
760 4
656 2
168 4
429 3
411 2
737 2
266 4
367 1
652 1
397 4
245 2
676 2
268 4
46 5
143 1
173 6
344 2
153 3
661 1
789 3
105 5
122 5
417 5
309 3
468 3
103 3
702 1
662 1
522 1
544 1
25 2
456 5
311 3
157 3
169 6
338 3
31 1
182 5
540 3
745 2
112 3
113 3
738 1
238 4
364 3
797 3
362 2
52 8
724 3
48 3
513 5
355 6
302 2
181 2
518 2
3 7
47 2
524 3
465 4
470 3
21 3
202 5
638 7
257 3
365 6
543 4
616 1
233 2
622 4
209 4
20 3
754 5
231 1
786 3
383 5
416 4
213 5
54 5
686 1
28 5
642 2
280 3
618 2
341 1
34 3
294 2
443 2
451 4
285 3
246 2
476 2
537 1
548 2
10 1
450 1
759 4
785 3
644 3
472 7
292 3
705 2
743 4
33 2
102 1
248 4
288 2
696 3
523 4
356 2
783 1
314 3
76 3
259 4
203 2
559 2
460 3
67 4
528 3
477 3
412 1
199 4
206 2
24 3
612 3
18 2
307 2
236 3
437 2
380 3
449 3
709 2
624 2
741 2
66 2
275 6
86 4
617 2
395 5
635 1
96 4
91 1
283 2
98 2
382 2
354 1
277 2
237 2
305 5
634 4
438 2
687 3
80 1
536 2
351 4
444 3
59 5
611 2
92 2
454 4
572 2
699 2
445 3
549 2
497 5
290 2
435 2
342 2
531 1
631 2
407 2
683 2
766 2
135 2
361 3
478 1
721 1
349 1
461 5
547 1
263 3
506 2
75 4
136 3
85 1
423 3
714 2
272 1
619 2
328 1
145 6
556 3
620 1
164 6
146 2
188 5
582 2
725 4
128 3
343 4
120 2
483 2
710 1
608 1
207 4
663 1
399 6
8 2
282 7
402 2
228 2
72 2
372 2
671 2
60 5
127 4
507 1
51 3
777 1
210 3
641 1
208 2
242 4
650 1
62 2
165 2
604 4
533 2
129 2
82 2
752 4
579 3
654 4
217 3
385 4
736 4
90 3
418 1
452 4
748 2
689 2
74 1
510 1
550 3
781 1
763 1
123 2
73 3
646 1
386 3
482 1
648 4
719 1
614 1
731 1
265 2
116 5
345 3
488 3
606 1
442 3
261 3
553 3
525 2
520 2
363 3
312 2
593 1
366 2
751 2
690 3
226 2
27 2
194 3
227 3
573 2
598 2
538 1
63 2
230 2
755 1
95 1
688 1
235 4
270 4
43 2
331 1
394 1
308 2
57 1
607 2
215 3
337 1
419 4
255 3
585 3
222 2
453 2
733 3
491 3
388 2
221 2
41 1
782 1
201 3
467 3
370 2
757 4
667 1
600 3
5 1
340 2
101 3
693 2
712 1
279 2
134 3
184 5
787 2
446 1
155 2
495 2
633 3
250 7
496 2
281 5
224 2
718 2
225 5
795 4
698 1
115 1
42 1
558 2
358 1
504 1
384 4
180 2
389 2
110 3
176 2
434 1
310 2
406 2
466 3
790 3
306 3
557 1
26 2
329 2
794 2
392 2
152 1
68 3
241 2
774 2
58 2
651 2
178 1
269 3
799 2
195 3
568 1
734 1
274 3
403 3
252 3
565 2
218 2
303 2
368 1
564 1
678 2
430 2
501 1
767 1
267 3
154 1
53 1
657 4
569 1
720 1
610 1
716 1
327 3
114 1
492 3
630 3
220 1
595 1
401 1
695 1
404 1
298 3
462 3
527 1
278 1
97 1
156 1
15 2
500 1
589 1
405 2
613 2
512 1
796 1
130 2
161 2
347 1
441 3
253 1
94 1
697 2
561 1
295 2
316 2
746 1
480 1
428 1
773 1
603 2
562 2
762 1
1 3
353 2
70 1
704 1
668 1
601 1
459 1
713 1
6 2
219 3
694 2
318 2
124 1
374 2
436 1
735 2
584 1
7 1
685 1
2 1
640 1
106 2
260 1
79 1
514 1
324 2
330 2
485 1
83 1
284 1
39 2
674 1
119 1
348 1
56 1
234 1
499 1
301 1
409 1
770 1
431 1
560 1
679 1
684 1
629 1
588 1
703 1
529 1
36 1
89 1
730 1
player: 6 Altruist
151 3
640 4
205 4
726 3
699 2
682 2
553 2
357 2
199 4
1 3
633 6
248 4
794 3
183 6
152 4
170 3
560 5
581 5
420 3
615 4
310 5
399 4
675 5
362 3
203 6
544 4
85 5
689 5
51 1
259 2
396 3
174 3
159 4
172 5
175 1
508 3
155 3
566 3
278 3
318 5
295 5
59 5
80 4
223 5
348 3
184 5
687 3
702 2
231 7
28 3
255 3
251 4
52 4
549 3
332 2
485 3
267 2
741 6
546 5
453 3
666 2
432 5
749 5
337 5
240 2
139 6
583 5
489 2
82 5
142 4
271 4
422 1
196 1
266 5
767 2
291 1
525 3
279 4
717 3
201 2
728 5
466 1
585 8
707 5
627 3
561 3
277 2
511 3
23 4
470 2
37 7
539 1
380 6
406 8
381 4
275 4
135 5
206 8
164 5
401 1
111 2
235 3
684 2
685 4
397 5
285 6
365 4
562 1
664 5
200 5
671 3
18 1
568 2
797 2
26 2
190 3
759 1
727 3
178 6
609 3
220 8
402 5
182 2
87 3
589 2
594 5
736 2
214 5
166 6
107 3
180 7
558 5
795 3
681 2
272 3
410 3
189 10
10 4
234 3
143 3
66 5
423 3
475 4
163 4
46 2
512 4
638 4
276 4
509 3
188 5
400 5
108 4
299 4
607 3
600 1
131 5
296 2
409 1
440 4
176 5
534 4
36 2
94 5
117 1
387 5
454 6
323 3
294 4
257 3
491 2
700 1
30 4
382 6
479 3
611 3
260 3
224 4
376 7
430 1
345 3
369 2
49 1
780 2
370 2
98 7
288 5
644 1
7 2
441 4
138 4
429 4
652 2
712 2
695 3
443 1
691 5
311 4
262 4
535 1
374 4
228 3
264 5
493 1
173 2
359 5
604 6
47 2
156 5
419 1
598 3
211 2
442 4
641 3
612 4
635 3
482 1
350 4
289 2
392 5
222 2
306 1
307 3
157 4
752 3
773 1
129 3
408 6
500 5
521 4
116 4
418 4
179 4
603 2
232 3
268 4
497 4
43 3
20 4
547 1
280 2
252 3
33 3
694 3
73 4
744 3
312 3
660 4
64 4
78 2
469 4
96 5
790 1
140 4
123 1
710 3
86 1
458 4
360 4
424 3
481 5
281 6
447 3
301 4
57 1
722 3
27 3
498 3
320 2
187 5
110 1
403 2
106 3
505 3
531 2
737 3
554 2
411 3
125 4
413 4
618 3
17 1
580 3
105 3
735 4
44 5
327 1
654 4
377 6
426 2
120 6
706 2
657 3
283 3
551 3
653 1
371 3
450 1
263 1
431 3
723 5
693 2
527 2
202 5
326 3
577 3
386 3
136 2
330 3
194 3
537 1
298 5
265 4
555 4
789 2
398 4
526 3
127 1
103 4
150 4
218 3
167 3
502 2
76 1
241 2
595 1
304 4
477 4
745 4
650 2
375 1
436 5
84 5
147 3
58 4
45 3
646 3
274 5
358 3
579 3
540 2
390 5
83 3
522 2
656 2
329 4
725 3
297 1
158 3
698 3
412 4
210 5
668 1
667 5
207 6
488 2
385 2
624 1
576 3
273 1
637 2
590 6
533 2
31 1
658 1
570 1
133 3
730 4
705 2
796 3
768 1
587 1
704 2
102 3
270 3
130 4
731 2
457 3
676 3
520 2
774 6
216 7
119 3
302 1
451 5
50 2
394 4
776 1
21 3
649 1
775 2
104 3
625 2
355 2
243 2
22 7
368 2
787 3
71 3
642 3
89 1
121 4
346 1
536 1
379 2
563 2
148 2
79 2
499 2
15 2
5 2
93 2
461 1
353 4
364 2
40 3
238 4
146 3
342 4
55 3
144 2
215 4
490 2
62 3
212 6
514 4
195 2
574 3
446 4
161 6
331 2
168 4
788 3
507 3
670 2
90 2
770 1
433 2
225 1
517 3
101 4
680 2
602 1
198 2
213 1
455 2
610 1
315 2
734 1
592 1
34 4
124 1
72 3
217 4
338 3
321 5
339 2
367 2
77 4
227 1
484 3
404 4
474 2
88 3
162 2
204 4
516 2
99 1
56 1
32 4
711 2
597 2
791 4
632 1
70 3
673 1
361 3
193 4
709 2
571 2
249 2
532 2
720 3
269 3
742 2
134 3
325 2
236 3
724 2
629 1
569 1
414 1
373 2
639 1
351 2
573 3
63 3
208 3
246 4
317 3
715 4
209 2
762 2
177 3
14 1
503 3
738 2
300 4
389 2
714 1
416 2
648 2
421 3
405 4
165 3
630 3
476 2
65 3
407 3
746 3
153 3
244 2
19 2
435 3
468 2
181 7
769 3
69 3
388 2
313 3
415 1
292 3
391 2
293 2
552 1
191 3
186 3
383 2
688 1
515 2
504 1
622 2
258 4
335 2
460 1
197 3
486 2
631 1
763 2
347 1
599 3
651 2
747 1
284 3
487 2
785 2
378 3
716 1
309 2
492 4
593 2
38 1
495 1
303 4
703 2
328 1
185 3
287 1
112 4
237 2
417 1
541 2
434 2
126 3
690 2
81 1
608 1
665 3
356 4
75 1
591 1
24 4
478 3
137 2
586 2
779 2
282 2
628 1
619 1
584 2
340 3
530 2
506 2
596 1
13 3
708 3
91 3
16 1
324 1
778 1
528 2
556 1
290 2
349 3
39 3
701 2
113 2
25 2
754 1
480 1
559 3
97 2
100 3
782 2
686 3
452 3
438 3
784 3
565 3
35 1
449 4
314 1
256 1
344 4
542 1
239 1
41 3
341 2
655 2
518 1
122 2
582 1
674 1
114 3
572 1
772 1
464 1
229 5
425 1
662 4
352 3
427 2
645 1
141 1
696 1
765 1
732 2
230 3
729 2
393 2
60 1
8 1
3 1
678 1
109 1
617 1
118 2
253 1
501 1
128 1
793 2
439 5
465 1
496 1
459 2
149 1
513 1
322 1
4 1
606 2
95 1
739 3
171 1
473 1
219 3
242 2
48 1
192 2
713 2
564 1
524 1
334 1
395 2
29 3
679 2
692 1
115 3
333 1
781 1
792 2
250 1
53 1
247 2
697 1
771 1
750 1
428 1
384 2
9 1
634 1
132 1
798 1
614 1
472 2
636 1
677 1
463 1
456 1
11 1
550 1
67 1
6 1
756 1
721 2
471 1
305 1
718 1
145 1
42 1
758 1
548 1
366 1
286 1
799 1
743 1
player: 11 Altruist
696 2
115 3
378 5
638 3
178 3
753 3
305 1
89 5
165 4
570 2
550 1
424 5
751 2
783 4
772 1
644 2
673 6
418 4
71 5
499 1
86 3
46 4
197 6
582 6
55 3
463 4
279 5
337 2
234 1
267 3
568 1
247 1
215 7
393 7
158 6
367 3
616 2
65 3
13 1
192 5
395 3
655 3
668 3
416 2
105 2
94 7
123 3
725 5
780 2
415 4
19 3
554 1
494 4
624 1
299 4
459 1
591 6
129 6
303 4
531 2
139 7
724 5
398 7
188 8
486 4
484 2
468 3
669 1
522 3
763 1
565 3
358 6
195 4
422 4
76 3
428 4
157 7
176 8
515 1
156 9
791 5
271 3
639 4
667 4
250 2
538 3
272 4
159 2
38 5
98 5
451 6
146 4
330 4
311 5
687 1
308 1
204 4
36 4
414 8
336 5
349 1
125 4
301 3
356 4
109 8
403 5
324 4
567 1
168 6
654 3
549 2
108 1
563 3
397 2
523 1
346 4
738 2
703 3
96 4
535 3
291 4
629 2
230 4
700 2
84 5
729 4
363 4
376 4
478 5
661 1
572 2
506 3
713 2
10 4
40 5
619 3
386 4
185 4
497 4
182 5
399 3
701 1
766 1
161 2
460 3
765 2
338 4
785 3
719 2
323 3
259 5
458 4
335 2
312 2
328 4
118 4
147 3
470 2
599 3
691 5
258 4
273 3
285 3
583 5
732 1
394 4
596 4
767 2
705 1
277 2
223 2
481 5
78 1
25 1
181 5
47 3
543 3
248 2
479 4
81 5
266 5
464 5
162 2
67 3
211 4
152 4
628 3
219 6
799 4
714 3
436 3
1 1
27 4
325 2
699 2
276 5
630 6
370 3
121 1
537 5
222 8
645 3
650 2
116 3
151 3
580 3
294 3
180 5
50 1
87 4
88 1
406 4
598 5
351 3
93 1
238 3
446 5
198 2
465 1
149 6
70 2
29 3
164 4
573 2
651 3
212 4
22 3
788 3
646 3
214 7
768 4
217 5
64 5
253 5
306 5
144 4
167 4
606 2
321 2
106 4
482 4
377 5
58 2
442 4
113 6
708 2
441 3
475 1
207 6
411 5
203 2
689 2
16 4
155 4
128 4
452 3
542 2
658 3
201 5
350 3
319 2
610 4
369 3
218 2
420 3
193 5
611 3
320 2
357 4
255 4
540 3
362 4
485 3
605 6
409 1
275 3
281 5
548 1
18 5
148 4
154 4
723 1
119 3
85 2
544 2
375 6
298 4
12 6
795 2
361 2
626 2
601 2
513 2
412 3
423 2
313 5
2 4
794 2
457 3
187 4
560 3
169 5
643 6
322 1
91 1
556 1
69 3
365 3
153 4
206 2
760 4
430 2
792 3
493 3
632 2
134 3
373 6
136 5
758 2
175 4
45 1
251 4
746 1
636 1
695 1
295 3
364 6
509 6
202 1
34 1
63 2
343 5
242 2
477 3
678 2
73 2
17 2
66 5
355 2
254 2
421 3
759 3
296 2
438 3
721 1
83 3
419 3
498 2
671 1
140 3
439 2
256 6
133 1
631 4
426 1
92 5
566 2
676 1
137 1
533 3
264 3
143 3
653 2
359 2
562 3
257 2
743 3
208 3
384 5
595 5
20 2
48 4
770 1
747 2
793 2
681 4
170 3
761 4
310 1
674 3
368 2
283 3
252 4
388 2
490 1
216 3
455 1
61 1
287 2
694 2
224 2
604 1
508 3
502 2
586 2
698 3
49 5
652 2
334 2
741 1
774 2
32 3
590 2
130 2
274 5
160 3
127 3
492 3
597 1
9 3
617 5
790 1
545 5
517 2
706 2
716 5
710 2
300 3
496 3
236 1
561 3
297 3
390 6
546 1
239 4
615 3
472 1
141 2
536 3
326 3
437 2
686 3
594 3
379 2
488 5
103 2
660 4
797 3
189 4
684 3
99 1
353 4
471 1
347 3
620 2
559 5
500 1
612 1
489 5
520 2
571 4
656 1
237 3
750 2
286 2
37 3
711 1
15 4
68 1
433 2
453 4
101 2
462 1
191 2
487 1
366 2
425 2
541 3
75 1
637 3
666 1
505 2
221 2
501 2
227 3
634 2
569 2
581 1
341 3
524 2
331 3
225 3
587 3
21 4
171 3
730 2
292 3
775 3
737 5
387 2
593 4
755 3
625 3
553 4
293 3
740 2
577 1
756 2
240 4
413 1
14 4
44 4
779 3
744 1
389 2
663 1
245 4
269 6
352 3
268 5
360 3
72 3
491 1
579 3
290 2
173 1
304 5
539 3
659 2
229 8
432 3
74 2
62 2
53 2
79 1
408 4
332 1
233 5
39 3
126 2
354 5
163 2
608 2
391 4
401 7
702 2
57 2
526 1
104 1
348 1
43 3
712 3
117 5
796 1
558 2
333 2
51 1
778 1
31 3
589 3
5 3
382 2
445 2
7 2
749 2
534 1
209 3
782 2
552 2
199 2
374 1
466 4
309 2
120 2
786 2
340 2
402 3
514 2
429 1
474 2
145 1
400 4
618 1
8 2
434 2
555 3
246 1
135 2
404 3
717 1
184 2
186 4
511 3
3 2
244 2
449 3
675 2
327 2
480 1
574 1
642 1
748 2
54 1
100 2
777 2
307 1
757 1
504 2
682 3
519 3
112 7
728 1
196 3
578 2
6 2
114 3
444 3
95 2
194 3
602 4
110 2
447 2
210 1
532 2
440 2
282 1
776 2
607 2
720 1
410 3
527 2
715 2
529 1
507 1
80 1
609 2
405 2
467 2
603 1
345 1
316 1
107 3
260 3
33 2
205 3
249 1
261 3
483 1
456 3
124 1
787 2
24 2
662 3
600 2
762 2
443 1
773 3
745 2
138 1
627 1
302 1
59 2
528 1
174 3
166 2
314 2
734 1
56 2
317 2
665 2
371 2
739 1
690 2
150 2
427 1
82 2
41 1
280 1
30 1
473 1
679 1
329 1
35 1
613 2
431 1
454 4
142 3
557 1
42 1
722 1
372 1
417 3
588 1
213 1
727 1
672 1
235 2
383 1
516 1
392 1
510 1
585 1
564 2
476 3
693 1
641 2
683 1
450 1
592 1
733 1
735 2
692 1
342 1
262 1
231 2
640 2
232 1
278 1
243 1
784 1
575 1
677 1
518 2
122 1
11 1
player: 12 Altruist
79 7
177 9
590 6
345 6
103 2
204 4
424 2
373 3
292 4
307 6
741 1
331 5
274 6
141 3
528 1
51 5
192 5
228 4
745 2
501 5
126 3
381 3
261 2
92 4
386 1
191 3
387 6
452 2
196 3
710 2
608 2
441 3
426 2
729 3
75 4
24 3
333 1
215 2
57 5
457 5
445 6
512 2
317 3
178 7
71 3
154 6
94 5
105 5
414 5
271 5
698 5
59 3
379 2
658 5
226 2
593 2
689 5
229 4
123 3
793 1
701 1
484 3
598 2
411 3
532 5
668 2
665 3
716 1
257 3
764 5
583 3
95 3
442 4
434 4
32 7
78 4
335 4
159 5
566 3
293 3
298 3
612 1
692 2
794 4
47 4
715 4
131 4
499 2
179 3
248 2
96 4
397 4
797 3
113 4
433 4
485 4
46 3
694 3
53 1
171 5
530 3
589 4
363 5
791 2
596 4
565 2
584 2
376 4
330 1
766 2
746 2
145 4
425 5
324 3
264 1
695 2
288 3
495 5
249 2
477 5
454 5
234 3
663 3
187 3
14 4
266 5
784 3
241 4
516 3
5 6
117 4
108 3
634 5
756 4
520 2
20 3
289 3
251 4
80 7
705 3
605 5
572 5
157 7
798 1
18 1
107 5
213 3
29 1
471 3
413 1
676 4
185 2
70 3
158 3
388 4
220 6
181 3
343 3
88 2
4 4
367 4
200 5
17 2
210 3
61 3
661 2
133 5
147 7
26 6
687 4
587 2
198 2
225 5
401 3
679 3
407 4
609 3
182 2
649 4
704 3
303 1
276 4
553 4
490 4
372 5
627 2
340 2
352 2
670 1
395 8
300 2
121 5
165 3
435 6
140 3
773 1
730 4
456 3
28 1
176 5
631 2
644 4
521 1
243 2
316 4
723 2
337 2
645 2
344 2
543 3
320 1
380 3
711 3
460 3
281 1
567 3
207 4
415 2
90 1
768 2
54 2
550 2
743 3
180 6
724 4
760 3
128 4
636 4
16 4
44 3
120 4
353 2
301 5
349 3
409 3
296 2
99 4
223 3
697 1
614 2
509 3
478 3
138 5
339 6
578 1
232 3
253 5
396 4
322 3
72 3
775 2
280 5
417 6
74 3
13 6
109 5
355 5
734 1
378 2
622 1
420 3
118 4
366 3
576 3
84 3
659 5
6 2
111 4
166 4
206 5
430 2
294 3
160 3
466 2
9 3
513 1
664 3
245 4
463 4
43 5
744 1
186 5
453 4
674 6
42 4
406 3
87 2
347 2
125 3
469 2
657 3
702 3
247 1
68 3
540 3
577 1
254 3
418 3
667 3
41 5
709 3
518 2
222 4
507 4
173 2
633 2
787 3
691 3
60 2
429 3
489 2
511 1
421 5
623 1
305 3
696 1
497 6
616 4
758 5
607 4
628 3
774 1
671 2
246 5
287 6
400 4
686 5
459 1
119 3
581 1
707 2
365 3
237 4
427 3
592 2
382 4
496 3
81 2
233 3
640 1
720 2
285 7
155 1
754 2
64 3
321 6
62 1
515 3
201 3
39 4
718 5
282 6
394 2
399 2
328 5
149 2
498 3
164 4
362 2
278 5
273 5
519 2
554 4
682 2
172 3
780 2
260 2
389 4
38 2
470 4
384 5
275 6
503 4
199 4
491 1
256 3
500 3
86 4
212 6
502 3
410 4
561 3
479 3
327 2
737 3
681 2
446 1
753 2
747 3
761 1
122 4
526 2
539 2
594 1
559 2
238 3
620 3
67 3
370 2
227 4
311 3
33 4
195 3
653 3
174 4
472 5
437 5
1 1
402 5
385 2
194 3
82 3
538 3
357 1
480 3
680 1
49 3
259 1
562 4
603 1
230 1
221 6
654 4
183 4
270 3
536 1
190 4
7 1
703 2
571 2
21 1
214 4
795 1
267 5
767 2
672 1
329 2
652 2
55 4
168 2
161 4
765 4
197 4
375 1
725 1
236 4
10 3
447 4
464 3
643 1
393 1
416 2
440 3
304 2
27 4
558 2
175 4
629 3
639 2
22 1
525 3
508 3
326 5
391 4
167 2
3 2
728 2
360 3
451 1
338 2
151 3
486 2
422 3
432 4
475 2
788 2
36 2
313 3
112 3
708 4
19 5
783 4
163 2
265 4
549 1
350 2
458 2
523 1
522 3
595 3
545 3
398 2
295 2
646 2
65 5
34 3
77 4
184 3
735 3
310 2
436 3
351 2
219 4
83 1
76 2
404 4
152 1
648 2
277 2
403 2
474 4
156 4
244 6
8 1
419 1
615 3
342 1
91 3
40 1
205 3
286 2
124 3
656 3
361 5
314 3
569 4
684 2
579 3
600 3
144 2
341 4
782 2
377 2
162 4
455 1
604 3
693 2
482 1
100 1
137 2
423 2
785 3
269 3
651 1
678 2
534 1
299 3
31 4
37 1
673 1
231 1
738 2
790 1
374 1
290 1
527 1
586 1
412 2
371 5
481 2
312 1
487 2
568 1
336 2
132 3
638 1
602 2
30 2
660 3
506 1
748 4
332 1
535 1
153 3
148 1
510 3
517 1
35 3
462 1
202 3
781 1
263 2
272 1
721 3
150 3
772 1
189 3
98 1
712 3
449 2
134 3
268 2
115 2
548 2
635 1
617 1
63 3
467 1
570 1
642 1
706 1
468 3
575 1
736 1
662 2
218 1
641 2
52 1
555 3
443 1
405 2
751 1
537 3
143 1
224 2
542 1
531 1
493 1
142 2
170 2
585 2
683 2
428 2
358 1
504 1
2 2
448 2
752 2
25 3
93 2
69 2
255 2
102 1
136 2
203 3
284 2
135 2
606 1
356 2
56 1
302 3
208 2
749 1
439 4
473 2
239 2
647 2
127 2
318 3
601 1
625 1
169 1
624 2
465 1
552 1
369 1
732 1
11 3
383 3
50 2
769 2
89 3
771 1
283 1
789 2
740 1
763 1
392 1
325 3
58 2
45 1
306 1
110 1
334 1
563 1
211 2
786 3
193 4
97 1
796 1
557 1
346 3
544 1
759 1
188 1
48 2
618 1
677 1
726 1
757 2
556 1
408 3
461 2
114 3
777 1
621 2
560 2
778 1
130 1
755 1
315 1
582 1
742 1
66 1
547 1
717 2
368 1
770 1
611 2
364 1
488 1
258 1
85 1
240 1
242 1
116 2
354 1
348 1
750 1
15 1
450 1
632 1
799 1
529 1
rank player: 15 Altruist
9 99
11 99
16 109
1 117
4 115
6 120
14 123
10 104
15 122
12 101
3 121
17 122
13 121
2 107
18 122
5 101
7 91
8 106
rank player: 7 Altruist
10 109
18 105
17 108
8 109
7 124
3 111
2 108
1 117
5 89
4 103
13 120
9 113
14 137
15 128
11 102
6 110
12 103
16 104
rank player: 9 Altruist
12 106
1 112
13 107
18 103
11 103
10 112
17 129
8 117
16 115
6 118
15 93
9 127
4 98
7 109
14 118
2 106
3 120
5 107
rank player: 8 Altruist
4 100
2 112
9 104
10 120
5 121
16 94
15 100
1 117
14 135
12 111
8 116
7 109
13 107
17 109
11 95
6 106
3 141
18 103
rank player: 5 Altruist
14 112
3 120
10 98
13 118
15 118
5 124
1 104
18 92
11 119
9 115
16 106
8 86
2 105
12 134
6 100
17 121
7 113
4 115
rank player: 14 Altruist
15 104
7 89
14 105
9 112
12 132
8 118
4 110
6 131
11 119
2 103
13 96
18 127
3 108
17 102
5 102
10 107
16 121
1 114
rank player: 1 Altruist
6 90
15 118
3 112
10 118
1 91
11 131
18 111
13 122
5 103
14 114
17 111
8 102
4 126
9 98
7 112
2 103
16 124
12 114
rank player: 16 Altruist
7 101
18 124
1 119
12 106
2 109
9 118
5 114
6 104
17 119
8 115
15 126
3 88
11 109
16 113
13 112
10 110
4 113
14 100
rank player: 4 Altruist
18 108
12 105
7 136
13 108
17 104
10 123
11 101
3 120
16 93
14 127
15 105
6 115
1 108
4 98
2 101
9 124
8 105
5 119
rank player: 0 Altruist
3 98
8 102
2 122
5 107
4 120
7 121
11 120
17 103
6 123
9 98
1 117
12 121
14 104
16 99
10 118
13 103
18 119
15 105
rank player: 13 Altruist
16 124
11 124
14 108
2 135
15 127
18 115
7 104
4 127
8 118
1 88
17 110
5 105
12 111
3 95
6 109
9 105
10 97
13 98
rank player: 2 Altruist
1 130
14 99
17 120
6 107
9 102
12 106
16 105
13 129
5 118
4 112
7 101
8 126
10 93
2 108
3 126
15 104
18 101
11 113
rank player: 10 Altruist
8 120
13 121
4 113
2 121
17 92
10 109
14 91
7 108
3 103
16 128
1 104
12 117
5 116
9 113
18 113
6 102
11 128
15 101
rank player: 17 Altruist
13 102
9 113
6 124
8 129
16 111
15 119
10 124
18 117
17 95
3 123
11 98
5 102
7 100
12 124
1 110
14 97
2 111
4 101
rank player: 3 Altruist
11 100
6 102
15 106
4 106
7 126
12 126
8 105
9 113
3 95
14 106
18 112
2 108
17 111
10 118
13 103
1 122
16 121
5 120
rank player: 6 Altruist
5 129
17 126
16 109
18 105
13 114
10 103
7 125
1 92
14 108
6 100
3 102
12 93
4 114
9 119
11 96
15 115
8 127
2 123
rank player: 11 Altruist
17 105
4 113
8 97
15 112
6 117
18 106
5 118
2 115
12 94
13 111
16 112
11 135
1 100
14 114
7 117
10 118
3 113
9 103
rank player: 12 Altruist
2 103
5 105
12 96
11 108
3 104
6 122
9 124
17 113
7 114
18 117
14 102
8 102
4 116
10 119
13 108
1 138
16 112
15 97
