player: 5 Altruist
206 4
215 6
308 6
85 4
496 2
547 4
748 2
8 4
218 4
522 9
89 2
122 2
492 6
516 2
184 4
328 5
307 5
388 4
458 2
35 3
57 3
780 3
596 1
193 5
573 3
327 3
250 2
364 6
154 6
446 2
727 5
736 3
574 4
36 2
339 5
337 3
488 3
288 7
286 4
115 6
791 8
438 3
440 4
668 1
315 2
335 5
439 4
618 1
499 2
83 7
785 10
112 5
336 3
664 4
62 7
563 2
680 2
670 3
717 3
475 3
649 2
550 4
615 2
710 2
256 5
235 4
489 2
521 2
119 2
107 1
363 7
52 2
158 2
260 4
734 2
56 4
205 3
410 5
86 1
341 2
114 3
118 7
684 3
385 2
422 3
352 3
345 6
167 2
141 5
759 5
433 4
263 4
88 4
97 4
242 7
290 3
464 3
134 3
538 2
208 6
386 5
136 3
487 4
300 4
186 7
3 4
214 4
662 1
387 2
742 1
95 4
787 1
517 4
21 2
443 2
512 2
76 2
254 2
441 3
246 4
507 4
591 2
595 1
322 7
474 1
49 4
144 3
415 4
365 3
494 2
704 6
143 4
346 6
316 5
665 6
282 2
344 2
506 2
40 2
323 2
746 2
755 1
26 4
597 4
459 3
740 4
105 4
564 2
258 4
518 5
523 3
304 3
569 7
720 4
393 4
163 2
412 1
541 2
753 1
30 4
249 2
29 3
420 5
392 4
274 4
169 4
508 4
784 5
531 3
633 3
545 2
160 4
502 4
765 2
225 2
232 3
145 2
693 5
559 2
39 3
124 2
317 5
226 3
248 4
435 5
701 4
284 2
9 3
690 3
371 3
404 4
513 4
641 2
555 3
527 2
456 5
626 2
470 6
526 6
209 2
625 3
424 3
374 2
87 6
640 4
54 3
370 4
783 2
637 2
377 2
560 1
228 4
561 3
264 6
101 3
644 3
296 3
111 2
90 6
16 2
164 3
135 4
257 5
417 3
648 1
217 4
12 5
453 2
130 4
247 4
663 4
252 6
762 5
100 3
383 3
598 5
172 2
617 3
448 3
378 5
166 3
194 4
571 1
255 5
707 2
672 4
539 4
614 2
558 3
624 2
131 4
179 5
207 4
17 1
142 7
432 5
722 3
473 3
313 1
239 3
509 2
461 4
611 2
262 3
338 2
669 4
266 2
59 3
224 4
170 5
673 3
751 2
51 3
187 4
69 2
340 3
428 2
270 4
409 4
28 1
623 4
155 3
277 3
280 2
133 4
22 2
426 2
726 3
33 3
768 4
213 2
234 3
766 1
601 2
108 2
396 2
719 1
202 3
334 3
493 2
147 1
455 3
285 4
53 3
656 3
20 6
479 3
466 3
109 5
216 2
660 4
180 3
84 2
390 4
462 4
342 2
63 6
418 2
796 5
510 3
661 3
480 2
27 4
42 2
64 2
297 4
281 3
407 3
241 2
229 3
380 2
389 1
519 4
292 4
140 5
326 4
413 3
401 2
195 3
236 2
223 2
395 2
608 3
353 1
80 3
197 2
318 4
445 3
19 2
491 3
671 1
74 1
436 2
120 2
132 3
533 2
588 2
760 2
331 2
546 1
50 2
402 2
181 5
151 4
183 4
566 3
98 1
500 3
153 3
694 3
238 2
711 4
725 1
733 3
79 3
504 2
253 2
354 4
739 3
651 1
173 1
156 2
376 3
104 3
535 1
368 2
635 1
382 3
251 1
357 4
447 3
724 4
674 2
411 6
294 1
749 3
476 1
763 3
126 4
185 2
366 4
367 4
769 1
309 2
747 1
211 3
278 3
103 4
189 5
554 3
631 2
469 2
414 3
794 4
355 4
347 3
267 5
200 3
306 3
408 2
430 2
233 5
658 2
268 4
799 3
244 3
332 3
484 3
320 4
293 4
744 5
191 1
23 4
41 5
612 3
604 2
113 1
291 2
738 4
529 2
174 3
55 3
497 1
729 3
486 2
192 2
534 1
314 3
146 3
761 3
650 4
634 2
552 1
5 4
102 2
548 2
776 3
358 3
605 2
68 3
520 4
369 1
310 1
582 2
434 2
287 2
781 4
61 3
467 4
620 1
677 2
423 2
93 2
754 1
730 2
44 2
178 4
349 2
295 3
524 3
18 1
788 4
81 1
60 3
127 1
427 6
319 9
793 2
13 2
465 4
123 3
683 3
613 1
632 2
703 9
666 2
283 2
138 4
305 3
537 2
647 3
549 2
91 1
31 2
556 1
741 2
468 6
321 2
137 2
562 1
645 3
397 3
391 2
243 1
773 2
653 1
616 2
553 2
481 4
586 2
301 6
745 1
65 3
259 1
1 2
698 3
372 1
303 1
220 3
222 3
536 2
471 2
272 3
110 4
449 1
333 3
600 1
477 3
399 3
580 2
289 4
619 2
603 2
511 2
416 1
161 2
373 2
70 4
4 1
687 2
271 2
706 4
72 2
359 6
48 4
639 3
712 3
37 2
723 1
565 3
78 2
168 1
106 5
406 3
431 2
682 1
15 2
452 3
786 2
176 4
590 2
312 1
43 2
210 2
578 3
544 2
351 2
583 3
463 2
45 1
240 2
25 4
630 3
594 1
451 1
221 4
360 2
311 1
551 1
437 1
676 1
58 4
731 1
361 2
379 1
329 1
96 1
24 2
419 3
505 2
273 2
457 2
77 4
325 1
403 2
67 1
790 1
709 4
568 2
245 1
752 1
66 4
7 2
47 5
34 1
792 1
713 2
190 1
642 2
678 2
498 3
543 1
117 3
718 1
14 3
128 1
585 3
757 1
570 1
478 2
587 2
607 2
152 2
237 3
732 1
483 1
525 3
212 2
71 1
797 3
343 2
675 1
148 3
227 2
627 2
38 1
771 2
82 1
688 1
501 1
219 1
460 1
686 2
514 1
10 3
261 1
394 1
429 2
165 1
577 2
46 1
579 1
375 2
265 2
269 1
398 4
425 1
330 1
599 2
764 1
636 1
150 2
503 2
695 4
602 1
125 2
204 2
575 1
157 1
515 1
405 4
691 1
606 3
679 2
705 1
772 1
692 1
778 1
657 2
381 1
362 1
196 2
400 1
75 1
482 1
774 1
696 1
572 1
567 1
628 1
584 2
384 1
638 1
770 1
199 1
149 1
442 1
737 1
302 2
789 1
444 1
609 1
188 2
576 1
715 1
689 1
622 1
735 1
775 1
581 1
356 1
528 1
162 1
557 1
716 1
player: 1 Altruist
145 1
650 2
260 1
8 2
394 5
72 2
293 1
722 2
449 5
407 5
270 5
771 3
788 2
369 9
564 4
277 1
31 3
36 4
403 3
649 2
612 2
87 1
269 2
521 2
379 2
494 5
325 4
57 4
250 2
476 1
92 4
138 2
358 3
172 3
342 3
799 4
774 4
334 3
66 5
391 4
163 4
463 2
222 5
151 2
458 5
91 6
353 5
428 4
705 1
240 3
143 6
290 4
416 5
121 3
524 2
497 5
125 5
327 2
489 3
623 2
589 4
14 3
365 4
95 1
361 5
606 1
12 4
696 3
56 1
701 4
62 3
736 1
375 3
140 1
526 2
58 6
309 4
301 4
144 2
68 8
267 5
106 4
73 3
193 2
107 2
65 2
253 3
363 7
401 6
563 1
71 3
446 4
119 4
50 2
562 2
211 3
635 3
180 2
596 3
790 3
331 6
410 5
472 4
295 5
185 3
2 4
797 4
354 3
116 4
795 4
506 2
368 2
677 1
355 3
294 3
585 1
94 3
436 4
89 2
120 3
164 6
668 1
21 2
261 4
789 2
279 3
195 3
182 3
347 4
445 6
493 4
412 7
344 1
437 4
113 1
134 4
796 5
111 5
376 3
300 4
170 8
534 4
202 3
16 4
770 4
262 3
78 1
625 3
779 4
349 4
501 3
168 4
483 3
17 6
37 4
289 2
88 5
18 3
406 3
748 1
699 3
339 2
491 2
257 4
468 3
286 3
27 4
378 4
227 2
793 2
496 4
536 4
600 3
453 3
781 1
731 4
609 4
310 1
767 3
328 3
665 4
470 3
11 3
773 2
615 4
26 2
83 4
210 5
648 2
296 5
150 6
291 3
583 3
255 1
282 4
389 4
702 6
761 5
670 3
171 3
81 3
543 1
778 4
782 1
573 1
206 5
254 4
216 7
235 3
512 1
546 5
393 2
386 5
687 3
592 2
565 3
661 2
204 5
229 2
413 6
657 5
157 8
90 4
42 3
500 4
346 3
239 3
356 4
139 2
158 3
263 1
367 5
196 3
70 4
148 5
700 4
96 4
80 2
373 7
383 5
746 5
67 2
252 4
213 1
1 2
498 3
405 6
343 3
221 4
764 4
380 1
537 3
174 1
440 5
614 4
223 4
519 6
560 2
384 4
15 1
97 2
637 4
716 5
427 3
594 2
454 7
45 3
259 3
776 6
539 5
421 3
61 3
531 2
93 4
24 6
321 2
679 2
450 3
161 2
404 7
434 1
203 2
482 3
199 3
105 5
51 2
639 3
6 4
374 5
633 4
280 4
362 6
304 3
3 3
422 5
299 4
207 3
759 2
523 1
557 2
338 2
136 1
632 3
348 2
574 3
714 2
529 2
627 3
587 3
142 2
487 4
285 4
504 3
284 4
230 4
477 2
303 6
333 2
724 6
141 4
201 5
642 2
553 6
420 4
84 4
382 2
735 1
241 2
676 3
52 2
231 5
725 5
249 2
550 4
481 1
433 3
545 3
396 2
215 4
708 2
101 1
424 3
662 2
409 2
603 1
492 2
392 3
276 2
77 3
601 2
535 1
752 1
109 6
783 2
402 4
63 4
566 4
408 3
315 5
104 1
173 2
377 3
442 2
237 3
146 3
162 5
469 3
527 1
268 7
137 1
13 2
622 1
636 2
766 5
316 1
511 4
167 5
448 3
647 1
242 6
435 2
784 3
753 1
188 6
388 3
176 2
212 2
441 2
486 4
319 5
118 4
485 4
302 5
98 1
610 2
655 2
628 2
275 4
271 3
274 2
659 2
200 1
236 3
743 2
414 5
33 3
74 3
617 3
387 3
488 3
28 4
730 1
283 2
245 2
190 2
179 1
314 5
64 4
323 1
22 3
762 3
317 2
82 3
60 3
76 3
690 3
479 3
579 1
611 2
459 3
590 1
438 4
569 5
490 4
390 2
522 3
351 2
218 3
247 3
313 3
29 3
634 2
112 3
709 3
272 6
517 1
4 5
613 1
682 3
44 5
187 1
160 4
43 3
667 1
671 2
439 5
515 2
224 5
694 1
558 3
156 3
130 2
115 3
234 6
126 3
464 2
772 2
298 2
514 3
575 1
750 2
159 2
292 1
288 4
197 1
726 1
350 3
747 1
102 6
737 3
332 3
549 2
75 2
398 2
431 4
666 1
411 3
604 6
651 3
619 1
219 3
166 1
733 1
653 1
418 4
25 3
461 2
147 2
703 3
473 1
345 1
509 2
751 2
308 5
341 2
191 2
460 3
370 2
149 2
740 1
324 3
41 2
654 3
456 1
656 2
306 3
698 1
366 1
297 3
251 5
602 4
540 2
38 4
417 1
462 1
695 1
135 2
658 2
794 3
706 1
538 1
466 1
749 1
626 3
513 1
598 4
451 5
117 3
732 2
169 4
608 1
729 2
580 2
415 2
561 2
426 3
571 4
572 1
712 3
311 2
100 4
287 1
320 3
507 1
178 3
503 4
177 1
46 2
465 1
54 1
758 3
329 4
532 3
739 2
335 1
769 1
108 2
103 1
19 1
86 3
499 2
225 1
258 3
110 2
641 1
616 3
186 2
713 1
85 3
205 1
444 2
336 1
711 2
214 2
518 2
209 2
528 3
47 3
618 1
542 1
775 3
5 1
721 3
760 1
689 1
40 2
495 2
59 2
359 2
631 2
226 5
400 1
582 3
228 3
685 2
741 1
508 1
720 2
621 4
364 2
330 3
244 2
266 2
452 2
360 3
686 3
131 1
372 1
664 1
745 2
20 1
768 3
264 1
620 1
581 2
184 3
520 2
165 1
273 1
688 1
555 2
548 1
30 2
208 3
395 4
683 1
425 3
516 1
194 2
675 1
198 2
318 1
693 3
484 2
423 3
629 2
710 2
397 3
281 1
326 2
175 1
238 3
419 3
605 2
246 1
704 2
155 1
640 1
680 2
233 1
595 1
478 2
785 2
183 2
547 1
510 1
530 1
678 3
474 1
429 1
399 1
217 1
624 1
505 2
591 1
132 1
133 2
123 1
728 1
744 1
79 2
39 1
152 2
681 1
432 2
692 2
53 1
584 2
352 3
643 1
593 1
455 1
707 2
780 1
719 1
674 1
599 2
243 2
723 1
128 1
646 1
127 1
385 2
586 1
154 1
307 1
278 1
480 1
765 1
645 1
114 1
734 1
787 1
652 2
381 1
312 2
357 1
55 1
337 1
322 1
502 2
471 1
717 1
124 1
551 1
697 2
189 1
576 1
23 2
567 1
305 1
player: 10 Individualist
162 4
642 4
285 4
397 3
72 3
670 1
186 5
310 4
276 3
754 2
102 4
264 2
383 3
676 3
512 5
672 2
174 1
185 5
427 4
235 2
635 4
601 3
227 9
377 3
5 4
152 2
790 3
799 1
459 3
447 2
458 2
354 3
583 6
477 4
30 1
180 10
219 4
630 3
387 3
623 4
61 4
691 6
259 4
12 2
295 5
94 4
543 6
335 6
556 2
766 4
135 2
70 4
59 2
501 5
764 5
753 3
209 2
734 6
648 3
254 1
248 3
481 3
460 2
393 3
470 7
334 5
561 3
503 6
183 5
228 3
304 1
271 2
486 3
507 4
788 3
590 3
500 3
478 5
771 4
176 4
357 2
131 2
147 4
493 2
182 2
127 4
138 4
242 4
514 3
761 1
328 7
200 5
442 5
202 2
337 3
257 2
116 3
190 3
371 3
44 2
372 3
539 1
210 2
345 2
680 4
705 1
426 6
349 4
316 3
450 2
732 2
339 2
784 5
204 4
661 2
431 4
609 2
45 3
673 2
107 4
654 1
499 3
168 2
645 3
395 2
269 5
440 2
749 2
721 1
108 3
508 3
444 3
323 2
268 3
110 6
404 4
367 2
105 6
150 6
380 4
405 7
351 1
60 4
63 5
53 3
448 5
171 4
516 4
480 3
647 4
122 3
2 1
275 7
263 5
653 2
19 5
618 5
707 2
756 5
375 8
615 2
473 3
388 2
439 3
133 4
577 4
517 2
637 4
518 2
547 7
161 6
550 1
358 3
308 3
665 4
352 1
47 5
425 6
689 4
491 4
346 8
306 4
794 2
557 2
633 3
374 4
115 3
534 2
730 5
533 2
403 5
435 6
320 4
482 4
288 3
65 4
462 2
134 2
262 5
451 3
28 5
73 4
136 4
340 5
126 5
240 4
640 3
326 3
698 1
189 2
694 5
85 4
490 4
488 2
432 5
399 1
718 4
588 3
193 4
198 3
347 2
765 2
511 2
454 2
622 4
145 3
757 2
394 2
109 6
716 4
111 4
10 3
652 3
464 4
118 4
151 2
287 2
674 2
420 2
506 2
690 2
217 3
785 4
71 3
573 6
610 7
370 4
402 4
446 3
378 2
366 2
422 2
331 5
250 5
314 7
123 1
759 5
558 3
52 3
392 3
237 7
8 4
272 4
236 4
408 3
466 3
87 3
737 3
290 5
724 4
682 2
67 3
607 1
569 1
574 2
438 1
179 1
369 4
548 2
376 5
153 1
307 2
197 4
137 2
148 2
578 3
687 2
37 4
321 4
638 2
181 2
330 5
537 2
56 4
234 1
602 2
261 3
780 3
157 2
273 3
318 1
97 2
27 4
329 2
159 4
283 3
572 3
36 3
79 2
146 1
579 3
692 2
282 2
710 1
251 3
740 3
20 3
741 4
416 1
616 3
260 3
362 1
252 2
565 3
773 5
457 1
386 3
688 3
649 2
76 3
324 3
545 1
455 4
760 1
208 2
746 4
199 1
195 4
678 1
143 3
9 2
82 4
298 1
662 3
436 7
141 4
348 3
717 1
702 2
29 3
274 3
519 5
382 4
463 2
231 2
96 5
155 3
646 1
206 2
196 5
617 1
502 4
593 1
258 4
703 3
521 2
58 4
191 2
793 1
90 4
396 4
679 3
595 2
144 1
18 3
671 2
305 3
77 1
313 1
201 4
365 2
355 2
89 2
513 4
215 2
744 3
639 2
344 3
379 2
494 1
294 5
99 1
177 2
322 3
643 2
787 2
203 5
80 4
163 3
650 1
391 2
770 3
381 4
567 2
510 2
267 3
246 2
284 2
520 3
125 6
720 2
23 3
575 4
15 6
758 2
302 6
774 2
4 1
325 2
419 2
611 2
170 4
46 1
74 3
130 5
51 2
581 4
167 7
140 2
214 1
434 6
188 3
232 1
468 2
555 3
739 4
32 2
319 2
332 1
296 1
278 3
722 1
169 3
207 2
612 3
738 1
253 2
407 2
696 3
524 3
412 3
104 2
745 3
719 2
530 2
7 1
523 3
631 1
796 1
603 4
34 4
699 1
312 1
238 3
554 3
621 5
449 4
641 3
589 2
38 4
280 2
779 1
566 5
504 3
129 2
786 5
484 3
667 3
729 3
498 2
748 2
363 1
651 3
390 3
103 3
529 2
752 2
172 3
417 2
42 3
423 3
223 5
697 6
368 3
398 2
644 3
797 1
132 2
475 4
40 2
121 1
743 3
95 2
626 2
452 1
361 3
600 1
68 2
249 1
664 3
778 2
562 3
711 2
715 1
608 2
496 3
93 3
597 3
542 1
350 3
613 2
483 2
14 2
580 1
1 1
763 2
421 1
437 1
587 2
620 1
164 4
230 4
411 2
418 3
546 1
239 1
124 1
359 4
35 2
596 1
385 2
553 4
456 2
528 2
735 2
112 3
311 2
433 3
708 4
165 2
353 2
540 4
245 6
792 2
266 3
509 3
768 4
430 1
149 2
409 4
725 2
751 1
659 3
424 2
64 5
632 1
243 4
428 5
98 2
636 2
515 1
660 1
6 4
11 1
84 1
173 4
531 2
570 1
142 3
627 3
301 3
552 2
414 4
192 3
668 1
798 1
413 1
54 3
628 1
789 2
568 1
373 3
700 1
270 2
91 5
360 2
13 2
776 3
487 3
485 5
625 1
576 1
536 2
535 1
666 1
586 1
592 1
216 4
86 3
175 7
624 2
117 2
655 1
563 2
303 1
619 1
281 1
114 2
401 2
88 1
241 1
560 3
781 2
525 3
657 1
184 1
336 3
17 2
212 2
92 3
225 1
453 2
300 1
120 1
489 2
160 2
57 2
139 2
106 2
277 2
327 4
158 1
255 3
658 4
693 1
706 1
55 1
571 2
656 2
50 1
31 1
549 4
782 1
62 2
178 1
356 2
591 1
410 1
83 2
445 2
221 2
584 2
634 2
205 2
675 1
663 1
461 1
48 2
265 2
101 2
492 2
767 1
317 2
291 1
224 3
233 2
701 1
541 3
469 3
211 1
342 2
156 2
315 2
194 2
605 1
400 2
495 1
128 1
669 1
585 1
26 1
474 2
119 2
166 2
532 2
476 2
733 2
41 1
406 1
526 2
755 1
683 1
686 2
775 1
43 1
338 1
25 1
443 2
747 1
750 1
695 2
522 1
564 1
75 1
467 2
505 3
614 1
222 1
333 1
66 1
39 1
777 1
49 1
309 1
472 1
24 1
247 1
226 1
289 1
16 1
293 1
player: 11 Individualist
154 6
588 1
70 2
648 1
106 2
448 3
665 2
371 3
609 3
171 2
452 5
229 4
644 3
393 4
112 1
165 4
77 2
707 4
69 2
766 3
72 5
108 3
89 3
250 3
219 7
292 5
659 4
9 1
123 2
218 5
316 6
351 7
135 4
349 6
328 5
439 4
372 6
677 2
79 5
796 3
184 3
326 3
80 2
39 3
574 3
320 4
249 6
181 3
682 4
544 3
133 5
704 1
562 4
517 3
315 5
225 5
54 4
457 1
269 2
306 5
21 6
100 2
302 4
533 6
477 1
456 4
208 4
137 6
238 3
94 6
539 5
553 3
697 4
297 2
314 4
206 5
25 5
739 1
493 1
163 6
709 5
296 3
144 3
514 6
237 4
426 6
526 2
216 3
68 2
425 5
546 1
73 1
367 2
419 3
61 4
126 5
465 4
272 7
551 3
470 2
321 5
656 4
90 5
3 5
414 2
518 3
715 2
449 6
364 1
590 1
117 4
589 2
616 1
726 2
594 2
205 3
598 3
466 5
172 2
570 6
548 3
264 2
175 4
717 1
694 4
795 4
7 1
60 5
347 7
577 2
176 5
101 3
158 3
50 5
578 1
109 1
36 3
11 4
571 7
679 3
531 5
490 4
31 4
509 6
26 3
573 2
409 4
285 5
17 2
83 2
422 3
435 3
543 1
317 3
687 3
541 6
640 4
202 5
631 3
735 4
337 4
213 9
81 3
203 5
344 3
614 3
280 5
193 3
78 4
523 5
136 3
603 3
377 2
741 6
685 2
365 5
391 4
767 4
569 4
131 5
368 5
520 5
356 3
768 5
798 3
756 4
747 2
686 1
629 2
188 3
37 2
157 3
221 2
397 5
111 3
684 1
745 2
595 7
441 2
549 3
274 4
142 2
764 4
532 2
120 3
789 7
57 3
427 1
268 1
214 3
342 6
336 2
290 3
362 2
620 2
383 3
474 2
743 2
162 3
293 2
71 4
778 2
332 6
471 1
294 3
670 2
502 5
254 3
301 2
700 3
718 1
476 4
18 4
725 3
323 4
324 3
279 3
307 3
385 2
114 2
199 5
243 2
240 2
41 3
305 4
784 4
358 2
461 3
416 2
436 1
755 3
56 2
282 2
378 4
23 2
749 5
376 3
469 2
773 2
667 1
626 3
492 6
132 1
719 3
16 2
783 2
723 2
232 3
617 1
98 5
689 1
146 2
475 7
380 5
446 2
405 3
408 1
85 4
757 3
259 3
363 4
420 3
304 2
338 4
645 3
187 3
245 1
298 4
177 4
353 4
671 1
445 1
513 4
615 3
192 2
511 4
251 4
226 3
417 6
635 3
467 3
281 5
655 5
753 4
235 3
696 4
468 3
310 3
32 3
44 3
481 3
275 6
271 4
327 2
357 4
65 1
731 2
730 2
769 3
591 1
141 3
97 5
322 2
765 2
693 1
74 6
479 2
711 2
35 3
494 4
610 1
612 4
116 2
390 4
496 1
701 1
75 4
200 5
288 3
113 2
785 3
119 4
14 3
266 3
554 5
761 4
565 4
224 2
231 2
319 5
729 1
744 5
234 6
15 2
424 4
601 2
130 3
20 1
10 4
653 6
690 1
705 3
434 1
734 4
472 4
263 2
485 3
257 2
239 6
621 6
295 4
110 4
179 2
47 3
495 2
512 2
148 3
386 4
46 4
102 5
42 3
504 4
384 5
13 1
233 1
262 5
453 2
624 1
4 3
252 3
716 1
622 2
95 6
209 4
348 4
340 1
335 3
118 3
428 3
99 2
407 3
143 2
300 1
530 1
341 3
528 3
751 1
542 2
260 2
104 2
619 1
122 1
779 3
283 3
291 3
552 2
247 4
639 2
455 3
557 3
488 3
692 2
217 1
491 7
437 3
415 4
2 3
534 1
330 2
722 3
182 2
59 3
308 2
223 1
702 4
145 1
561 3
312 1
524 1
651 1
772 1
382 2
527 3
774 2
675 3
381 4
189 3
204 2
138 1
398 8
400 3
623 1
666 4
82 2
284 4
402 2
487 2
134 2
460 5
55 5
84 1
587 4
525 3
447 3
103 3
421 2
403 1
361 3
43 3
510 1
732 4
787 4
311 2
24 4
92 5
215 3
618 1
630 2
155 2
568 4
343 4
230 3
762 1
688 3
105 2
545 2
608 2
366 2
399 5
683 1
394 2
354 4
159 1
503 1
482 4
222 1
680 3
793 3
599 1
87 2
410 1
782 2
423 3
740 1
19 3
185 3
339 1
147 2
197 1
458 2
582 1
5 2
170 2
51 5
129 1
459 2
673 3
29 3
654 1
736 2
248 4
153 4
277 6
125 3
1 1
329 2
201 4
473 3
38 2
278 2
86 3
173 4
346 3
241 1
375 1
521 3
497 2
76 4
596 1
628 2
519 2
406 3
387 2
45 5
149 2
669 1
558 3
712 1
535 3
22 2
797 4
443 2
788 1
567 2
160 2
480 4
508 2
270 1
584 2
333 4
244 3
48 1
652 1
6 2
643 1
681 2
748 2
575 2
220 1
227 2
516 3
752 1
309 1
127 1
602 2
198 4
93 1
438 2
770 1
345 3
727 1
592 3
559 2
139 3
273 2
484 3
350 2
303 3
606 2
28 3
64 3
597 1
507 1
411 3
634 2
267 4
776 1
706 5
678 1
515 1
369 1
746 2
164 3
388 1
699 2
483 1
771 2
107 1
186 2
27 3
91 2
794 1
500 1
429 3
52 1
498 2
583 2
713 3
194 1
418 2
396 1
152 1
703 2
183 1
538 2
255 4
325 2
691 2
664 1
355 1
790 3
373 2
156 1
431 3
174 2
674 2
169 3
605 2
167 3
442 2
572 2
566 2
536 5
261 1
489 1
650 3
649 2
733 1
374 1
636 1
150 1
451 1
581 1
505 2
506 1
140 1
754 1
646 1
759 2
560 1
721 2
607 2
444 1
501 2
115 1
627 1
58 1
212 2
714 1
236 1
462 2
313 1
791 2
121 2
780 1
166 1
463 2
180 2
450 2
550 1
440 1
672 2
242 3
124 1
331 3
211 3
207 1
210 1
547 1
454 2
196 1
258 2
412 2
30 3
287 3
564 1
720 2
695 1
632 2
537 2
611 1
738 2
299 1
464 1
53 1
799 1
286 1
522 1
728 1
359 1
758 1
642 1
563 1
698 1
781 2
668 1
641 2
289 1
478 1
737 1
352 1
604 2
579 1
195 1
586 1
792 1
724 1
player: 3 Altruist
691 4
52 5
323 2
738 6
578 2
518 2
284 3
261 2
218 3
358 5
653 4
187 4
407 2
686 3
745 3
427 2
356 2
753 7
357 2
90 3
81 3
711 5
259 2
133 4
57 2
559 4
742 3
388 4
595 3
75 2
366 3
371 4
663 5
743 4
511 2
269 3
156 1
278 5
150 2
446 2
216 3
451 4
656 4
313 5
33 1
499 4
614 1
640 3
622 2
178 5
544 6
307 2
433 4
124 8
478 3
381 3
27 2
483 7
492 3
125 2
197 2
141 7
365 6
607 1
570 3
637 1
122 5
131 6
766 2
603 4
241 3
240 2
696 1
121 3
287 4
717 3
772 6
791 5
285 7
434 3
548 4
46 5
326 3
302 5
176 4
574 6
280 3
219 5
390 4
45 4
305 5
389 4
627 5
193 3
687 4
720 1
599 3
479 1
137 4
555 4
377 8
759 4
690 2
675 3
172 2
409 6
386 3
359 4
714 2
444 5
589 1
48 6
208 2
346 4
7 1
415 3
782 2
118 4
666 3
785 4
643 5
98 8
270 2
217 4
737 4
286 4
237 4
755 1
306 4
486 3
199 3
149 3
420 5
354 3
20 3
406 6
105 4
104 4
252 6
126 4
422 3
107 1
251 6
171 2
174 2
28 4
299 2
784 4
522 3
546 6
431 1
304 4
550 6
343 2
452 2
37 5
60 4
315 8
8 3
719 2
34 4
726 5
443 2
394 3
789 1
453 9
461 4
458 4
537 3
734 2
429 1
167 3
466 2
402 1
368 5
655 1
273 1
62 4
277 2
335 6
615 1
437 2
293 9
165 5
53 5
468 3
311 2
94 8
151 2
600 2
347 4
709 2
796 2
272 3
432 2
482 3
740 4
361 3
536 2
330 5
63 2
180 4
469 1
440 3
303 2
541 4
69 2
47 3
739 2
577 4
145 2
204 3
551 1
129 2
605 3
170 4
636 2
246 2
108 6
220 9
731 2
294 2
455 4
735 5
601 2
134 3
263 1
495 1
652 1
460 2
781 3
667 1
195 5
722 5
314 5
481 3
689 3
154 1
274 1
410 2
135 5
685 1
647 2
236 3
494 2
587 4
61 1
477 3
393 3
610 5
95 4
181 2
230 5
21 4
598 2
552 3
778 4
177 2
106 5
575 3
373 1
592 1
201 2
227 3
505 1
590 2
92 4
543 1
25 3
68 1
24 4
488 4
786 5
397 1
678 4
435 2
612 1
441 1
214 4
80 2
700 2
534 4
457 4
512 4
254 5
754 3
424 2
209 2
72 4
78 1
510 4
391 5
296 1
113 1
760 2
445 1
6 1
467 1
22 2
332 4
561 3
374 4
58 3
173 4
545 2
212 4
157 5
504 6
225 1
309 3
428 5
362 5
763 3
725 3
83 1
623 2
503 4
257 2
395 2
339 5
673 2
321 6
412 4
115 2
480 4
450 2
169 8
35 2
703 2
77 2
190 4
317 5
203 3
300 8
384 1
579 2
463 2
231 4
527 3
352 5
202 1
207 1
792 1
123 3
188 4
414 4
110 7
632 3
758 1
4 3
233 4
401 5
210 3
416 1
222 1
750 4
14 4
238 3
158 4
337 4
59 2
267 2
528 3
513 4
683 3
198 2
532 3
340 3
112 6
265 5
779 1
153 3
556 4
526 3
491 1
146 3
644 3
9 2
677 2
43 2
748 2
370 2
506 5
55 4
40 1
524 4
308 5
119 2
82 1
194 2
634 1
657 2
275 2
109 3
736 2
421 4
383 2
301 2
258 2
185 3
408 1
651 6
549 4
619 2
360 5
327 2
501 3
242 4
292 2
184 3
530 1
396 1
166 3
249 5
38 4
507 1
232 5
378 4
160 2
290 4
576 1
515 2
542 2
200 4
768 2
138 2
325 2
295 2
567 2
470 3
143 2
646 1
776 5
484 2
205 2
130 1
264 4
618 3
70 4
211 2
654 3
128 4
355 2
369 3
780 1
79 3
342 3
624 2
620 4
489 6
425 2
350 3
255 5
192 4
562 2
289 1
111 5
331 5
324 3
732 4
744 2
85 4
449 3
310 1
765 3
516 4
182 6
487 3
19 3
260 3
144 4
448 2
91 3
164 4
382 6
594 1
645 2
767 1
497 1
162 3
76 3
676 1
239 2
597 3
798 3
387 1
723 1
89 4
256 2
508 2
39 2
586 2
10 2
490 3
519 1
87 2
616 3
351 2
282 2
23 2
12 2
695 5
698 1
328 2
430 4
3 1
17 2
712 2
140 4
728 2
97 3
493 4
554 2
13 2
496 2
533 1
316 2
459 4
183 1
777 1
628 1
345 1
502 2
417 1
569 1
476 3
223 3
74 2
418 3
411 5
419 3
312 1
538 1
66 2
297 2
788 3
694 3
573 3
764 3
229 2
132 1
215 1
379 4
771 1
713 2
206 4
674 1
671 3
84 3
553 1
42 1
248 2
790 1
475 5
540 3
103 2
291 3
15 6
298 4
442 2
26 2
142 4
329 4
566 2
100 1
64 2
799 3
288 3
152 3
547 1
159 2
271 4
380 3
793 1
613 2
658 1
500 1
572 1
697 1
664 2
333 2
228 3
375 1
787 1
588 1
596 3
93 3
11 1
716 2
102 1
99 3
244 1
367 2
36 4
403 3
235 2
509 2
701 2
525 2
661 3
376 2
752 1
535 1
794 1
699 2
761 1
349 3
670 4
662 1
404 1
196 1
148 1
283 1
71 2
485 4
88 3
633 3
245 1
161 2
224 2
650 2
704 1
117 2
585 3
439 2
189 2
234 1
529 1
730 2
665 2
281 2
795 2
405 2
679 1
708 4
155 5
774 1
517 1
582 1
721 1
399 2
136 3
266 1
770 2
426 1
447 3
319 1
797 1
564 1
147 2
707 1
609 2
641 1
50 4
783 2
604 1
101 1
65 2
318 3
649 2
523 2
179 2
746 2
336 1
385 2
398 1
705 1
163 1
660 2
73 1
175 1
684 1
638 1
168 2
29 1
49 2
733 1
262 1
372 3
521 1
465 1
51 1
221 2
539 1
498 2
608 2
226 2
438 2
116 1
250 1
706 1
96 1
580 1
751 2
635 1
606 2
514 1
756 1
668 1
775 2
563 2
648 2
568 1
186 2
127 1
773 1
139 1
593 1
67 2
591 1
464 1
56 2
718 2
629 1
669 1
268 2
423 1
471 2
31 2
659 1
253 1
625 1
682 1
413 1
584 1
639 1
631 1
565 1
1 2
557 1
322 1
30 1
player: 8 Individualist
12 5
389 4
324 2
514 3
307 3
256 2
534 3
69 5
196 4
575 3
766 2
533 4
608 3
695 2
382 4
688 6
620 6
574 1
479 4
742 1
517 4
553 3
692 6
170 2
320 2
588 4
91 2
356 3
380 4
177 2
490 5
459 2
455 1
278 4
773 5
210 1
77 3
235 5
594 2
225 4
733 3
357 3
373 4
200 4
125 2
643 5
32 2
669 2
521 5
431 6
339 6
120 3
348 5
174 2
49 7
613 5
329 4
136 1
61 1
538 3
102 5
37 2
763 3
88 5
268 4
228 2
460 2
121 3
498 4
341 2
209 2
494 2
161 2
182 2
224 3
583 3
90 2
410 4
330 1
690 2
171 6
707 4
35 3
506 4
374 6
129 4
142 2
524 3
145 5
442 3
260 2
212 4
83 3
456 1
746 3
734 1
785 3
394 5
273 5
227 4
234 4
710 2
721 1
150 3
364 1
137 2
770 4
531 1
141 3
33 2
303 1
366 4
540 3
62 1
530 1
95 5
731 1
796 3
163 2
632 3
74 1
499 2
42 6
414 2
211 3
105 5
523 3
70 3
298 2
130 5
662 1
169 7
392 5
722 2
179 2
500 5
334 6
572 4
122 4
709 2
216 3
319 3
270 3
300 2
60 2
84 4
52 2
528 2
353 4
2 2
160 2
173 2
347 1
691 5
126 4
367 5
601 5
674 3
384 7
68 3
777 3
409 5
537 4
609 2
187 1
603 3
276 4
687 5
466 3
191 5
299 4
79 4
605 4
7 2
619 2
336 6
386 1
195 2
576 8
162 5
464 4
660 6
65 1
700 4
704 2
657 3
87 4
703 3
133 6
520 2
370 4
693 2
213 2
279 6
254 2
148 3
636 5
683 3
421 3
186 3
23 4
427 3
233 5
73 1
75 4
715 3
146 1
571 2
552 2
164 6
544 5
5 1
98 4
201 5
301 5
269 4
393 2
258 4
198 5
449 2
419 5
478 1
587 1
633 3
44 5
630 3
412 4
255 4
403 2
686 2
306 2
17 2
797 5
646 1
570 2
351 3
708 1
512 6
639 4
799 1
218 3
292 2
428 4
402 3
377 2
675 1
112 4
80 2
368 3
375 2
38 3
596 3
550 4
253 3
322 4
654 3
158 2
241 4
257 3
346 3
764 6
772 4
712 3
678 4
103 5
454 1
53 3
787 2
631 3
768 4
730 3
175 1
243 2
536 3
285 2
176 5
67 4
501 3
425 4
463 6
461 3
238 4
728 2
439 1
488 4
43 1
778 3
545 2
117 3
448 3
625 5
562 3
264 3
361 2
634 7
615 3
123 2
314 2
119 5
557 3
97 5
127 2
775 3
689 2
267 1
99 2
617 3
794 6
154 1
486 2
644 4
673 6
318 4
250 4
430 5
349 5
96 2
229 5
81 2
725 2
472 2
651 2
586 3
670 3
509 1
157 3
159 2
548 2
677 2
189 3
559 2
337 5
702 2
474 2
668 1
481 4
747 2
416 4
595 3
623 1
134 2
40 1
597 5
529 2
244 5
25 2
313 2
236 5
20 4
735 4
340 1
450 1
214 1
793 3
468 2
418 5
116 5
308 2
100 3
315 1
31 3
204 5
729 3
135 1
27 5
758 2
294 4
649 4
611 5
63 2
152 4
622 4
89 2
85 1
473 3
532 7
604 3
753 3
321 2
451 4
396 5
64 3
387 5
754 2
658 1
717 4
193 4
738 1
663 2
516 4
684 4
19 4
277 5
438 5
205 3
469 3
761 3
266 4
355 3
72 3
275 4
381 3
58 1
398 4
621 2
727 5
566 5
508 3
286 3
261 5
3 2
477 3
610 2
612 3
762 2
78 2
487 2
471 6
741 1
327 4
483 4
71 4
458 5
422 2
543 3
406 3
465 2
338 4
577 2
109 4
767 5
345 2
665 4
656 5
231 2
752 3
263 2
424 5
783 2
302 3
185 2
470 4
139 5
45 3
22 2
782 4
565 2
713 3
359 2
445 1
168 6
66 1
305 2
15 6
652 2
4 3
34 3
114 3
581 4
172 1
624 2
560 3
510 2
452 2
659 2
55 8
93 3
676 3
736 2
790 3
626 1
780 4
390 5
383 1
47 4
376 4
579 2
642 3
755 1
104 3
786 2
526 3
316 5
648 3
239 2
489 4
497 5
131 8
408 2
723 1
11 3
149 3
737 4
190 4
462 2
222 4
679 3
776 2
317 4
115 1
765 2
724 2
379 4
407 3
435 3
554 2
446 4
567 3
443 2
24 1
59 2
400 4
495 2
188 2
555 1
748 1
539 2
788 5
638 1
511 4
230 3
535 3
50 2
726 1
274 3
147 3
399 4
378 3
606 2
221 1
153 3
429 2
667 1
647 1
627 2
437 2
166 2
685 1
1 1
385 2
718 1
30 5
165 1
101 2
564 3
635 2
491 1
482 1
602 4
417 3
56 2
8 2
21 1
16 3
769 4
343 4
592 3
199 3
556 1
304 2
655 2
513 4
453 1
751 3
57 2
344 3
360 1
759 5
143 1
795 1
108 1
614 2
699 3
661 2
363 3
740 2
629 3
671 2
82 2
332 2
54 3
628 1
711 2
789 1
237 1
518 3
716 1
436 2
720 3
86 3
525 1
156 2
507 4
774 1
352 1
365 2
295 1
756 1
29 1
311 2
743 4
202 5
333 1
197 1
591 2
371 1
496 2
522 1
92 1
519 1
558 1
420 1
132 1
672 4
397 3
426 2
447 2
262 1
744 2
666 3
779 1
792 2
492 1
128 2
252 2
457 1
607 2
480 1
219 1
342 2
223 2
664 1
404 1
485 3
144 1
541 1
350 1
618 1
650 2
527 2
232 1
542 1
791 1
245 1
391 2
46 2
701 2
580 2
326 2
39 3
328 1
242 1
289 1
547 2
13 1
589 4
645 1
504 1
281 1
503 2
415 2
106 2
167 1
502 3
215 1
750 1
411 2
475 2
18 2
217 2
208 2
110 1
28 2
781 1
284 1
280 2
206 3
325 2
784 2
395 1
413 1
248 1
706 4
151 2
184 2
331 1
259 1
118 1
441 1
598 2
194 1
272 1
432 1
696 2
599 1
247 1
388 1
178 1
138 2
705 1
637 1
549 1
271 1
551 1
6 1
694 1
26 1
505 1
354 1
309 1
51 1
771 1
362 1
732 1
48 1
76 1
312 1
582 1
288 1
476 1
569 1
323 1
372 1
681 1
107 1
568 1
440 1
207 1
113 1
251 1
493 1
467 1
10 1
745 1
287 1
player: 0 Altruist
67 4
768 5
173 3
205 6
613 2
635 4
574 7
63 4
398 6
571 3
320 8
697 4
530 3
348 4
129 10
359 5
785 6
114 3
122 3
548 3
249 2
10 4
61 3
796 4
113 3
214 2
627 5
330 4
322 4
716 2
575 4
465 5
342 7
383 3
433 2
149 1
528 3
554 3
386 4
46 4
4 4
174 3
624 2
221 2
778 1
197 1
97 4
510 4
100 4
379 5
269 3
442 5
446 3
532 7
143 6
282 5
236 3
616 3
434 1
219 7
541 1
297 4
791 5
448 5
524 2
176 2
451 3
441 5
395 3
148 3
40 4
482 5
264 1
327 4
216 2
218 2
632 6
340 6
350 4
515 4
361 4
22 3
370 3
460 4
225 4
628 4
497 3
645 2
559 2
748 2
130 2
760 3
262 2
243 4
242 3
679 1
101 4
202 3
55 1
426 7
15 2
732 1
17 1
730 3
356 4
526 2
626 4
453 5
271 4
226 5
349 4
285 5
93 5
272 2
326 2
304 4
549 2
749 1
318 1
108 1
212 5
181 3
184 4
759 2
312 4
673 3
685 2
608 1
343 9
161 4
437 5
751 3
757 2
203 5
137 4
649 1
737 2
539 3
469 4
311 7
405 6
206 4
198 3
546 5
713 1
696 1
766 3
84 3
155 3
611 4
152 3
615 7
111 2
74 2
103 4
393 2
82 2
475 5
683 3
568 2
440 5
57 1
237 6
401 1
392 2
714 3
572 3
659 2
797 4
430 3
275 4
16 3
195 6
288 6
124 6
79 3
250 4
31 3
78 2
639 3
777 7
790 1
511 4
792 1
509 4
521 2
351 4
429 3
286 5
390 1
27 3
473 6
676 2
419 3
444 5
583 3
211 5
190 3
694 1
268 1
542 6
196 3
756 1
257 4
382 7
172 2
655 2
468 3
353 7
94 4
162 4
90 5
491 5
406 3
278 3
24 2
117 3
332 3
134 1
140 7
479 4
636 2
170 5
513 2
579 4
70 2
220 4
741 4
746 3
680 3
417 4
32 2
213 2
769 2
66 3
329 2
512 8
131 3
597 2
369 3
720 3
727 3
14 3
150 4
787 2
391 5
443 2
754 4
761 1
735 1
397 4
303 3
699 2
684 4
745 4
396 1
247 2
127 3
581 2
543 4
253 4
188 2
573 2
80 3
50 2
782 1
587 4
634 2
260 1
687 4
168 2
291 3
374 6
725 4
141 1
107 4
503 2
487 4
686 3
488 3
457 3
309 2
753 3
39 4
175 4
217 4
222 1
410 2
529 3
289 1
261 2
588 2
284 2
280 2
605 2
467 3
578 3
537 3
300 2
641 2
307 8
675 2
643 3
301 6
92 3
145 2
414 4
625 1
420 5
104 4
234 5
461 2
793 3
464 4
209 2
6 6
674 3
110 3
317 7
118 1
558 1
767 5
693 1
551 2
415 1
305 3
505 1
412 2
486 3
112 2
550 1
781 2
28 6
523 3
593 1
378 3
695 5
43 3
99 2
631 2
102 1
157 6
51 4
775 3
402 2
600 2
780 4
229 2
154 3
773 2
708 1
447 3
516 2
747 2
535 2
85 2
603 5
12 4
771 3
556 3
738 3
328 2
259 1
316 4
569 3
614 2
147 4
507 2
772 1
669 3
9 1
598 2
13 3
238 4
76 4
58 4
201 7
436 4
527 3
502 6
459 3
385 3
776 1
726 2
171 4
194 3
371 2
723 1
335 3
324 4
604 2
358 5
739 2
794 1
596 2
630 2
116 2
409 2
53 3
160 4
144 2
545 1
640 2
637 1
177 5
744 3
319 7
591 2
652 1
233 4
136 3
254 4
120 5
618 3
570 3
518 2
95 2
489 4
718 6
520 2
126 3
341 3
279 2
251 2
232 5
59 8
71 4
274 2
667 4
235 1
590 5
670 1
476 3
654 3
281 4
1 2
360 2
671 2
594 2
617 2
584 2
121 1
266 3
795 3
258 1
536 2
562 4
689 2
156 3
19 2
477 1
54 2
138 3
192 3
506 2
23 1
363 3
223 1
228 3
87 1
204 2
788 3
334 4
56 3
88 5
514 2
647 2
658 3
586 2
435 4
710 2
267 3
750 2
142 3
98 3
265 4
270 3
621 1
151 3
298 3
411 5
663 2
653 2
499 3
159 2
25 5
566 3
77 4
183 2
189 1
388 2
373 7
224 2
495 2
231 2
295 1
784 2
525 2
466 4
394 6
531 2
733 1
167 2
244 4
765 2
246 1
240 5
493 3
36 3
241 7
89 1
610 2
306 4
193 3
642 2
407 1
287 3
380 3
187 3
325 4
164 5
119 2
86 3
263 1
580 3
666 2
519 3
185 3
563 2
619 3
65 1
132 2
706 2
252 3
163 4
717 2
743 1
399 2
454 2
425 3
770 1
207 2
128 2
389 3
421 5
52 3
308 3
724 1
21 1
227 4
344 1
692 3
423 4
48 3
277 2
200 3
355 1
736 2
498 2
427 1
283 2
729 1
72 2
480 2
7 1
463 1
602 1
565 1
153 2
651 1
422 2
553 2
413 4
691 2
752 1
45 3
500 1
354 3
186 2
139 1
381 3
703 2
336 1
299 2
345 4
376 3
313 1
540 3
83 1
504 1
109 2
452 2
445 2
47 2
273 3
534 1
37 4
96 1
68 1
470 3
688 1
681 2
368 1
458 2
552 2
656 2
106 4
215 1
346 2
660 1
73 2
290 2
333 2
408 1
544 2
169 2
302 1
135 4
416 5
472 1
296 1
29 2
589 3
490 1
362 2
612 1
428 1
331 2
248 3
387 1
115 2
538 3
166 3
517 1
483 1
292 1
424 2
146 2
707 1
123 2
609 1
623 2
384 3
33 3
91 2
533 1
485 4
799 4
208 1
592 4
740 2
555 1
276 1
644 2
783 2
690 1
786 1
357 1
42 2
64 3
789 2
484 1
352 1
2 3
620 1
179 2
44 1
339 1
372 1
310 1
481 1
366 1
321 1
762 3
734 1
323 1
245 1
665 1
337 2
165 2
365 2
133 1
294 1
18 1
601 1
38 1
81 1
709 1
682 1
338 1
758 1
8 1
293 2
599 2
657 1
5 1
564 1
367 2
678 1
712 2
456 1
125 3
182 1
105 1
455 1
69 1
404 1
719 1
364 1
400 1
431 1
158 1
629 2
450 1
62 1
438 1
672 1
648 1
560 2
26 1
547 1
567 1
314 1
230 1
player: 6 Individualist
657 2
569 3
317 2
290 1
340 4
35 3
443 6
303 5
66 6
431 6
779 3
50 3
179 7
446 2
297 4
204 5
105 4
164 5
293 3
349 7
52 3
348 4
637 2
12 4
61 4
257 3
365 2
733 2
762 3
84 4
739 2
16 3
163 6
601 2
72 2
423 3
650 3
459 7
664 3
452 6
450 5
312 4
508 4
119 4
484 4
388 2
334 2
6 3
582 4
4 3
366 2
260 4
310 4
57 3
432 2
301 3
544 2
148 3
254 3
649 3
792 3
741 4
108 4
539 2
302 3
517 4
121 3
518 4
83 2
623 3
330 3
369 4
621 3
783 2
318 4
740 3
219 3
522 3
374 1
442 3
97 3
134 3
457 2
306 4
282 5
354 4
112 1
646 4
608 2
642 2
680 2
467 2
611 3
140 5
162 2
625 3
224 5
455 2
329 3
427 6
785 6
538 3
389 3
32 2
784 4
60 3
464 3
264 4
472 4
676 4
90 4
191 2
638 2
488 3
300 2
146 2
375 5
716 2
465 3
705 1
393 1
269 6
519 4
796 4
780 2
240 3
411 4
370 3
382 3
487 3
241 5
159 2
305 3
612 3
67 4
460 4
396 2
462 3
255 4
24 1
11 2
116 4
658 5
26 2
504 3
359 5
299 4
656 3
412 5
320 3
409 2
157 5
364 4
288 5
619 3
662 2
223 8
351 2
445 5
743 4
39 4
249 5
414 4
574 4
624 4
725 2
495 3
679 3
307 5
395 1
550 2
62 5
379 2
526 2
286 4
706 7
703 3
347 5
671 2
76 3
63 3
667 3
294 2
31 2
473 6
358 5
789 4
27 5
186 5
248 5
8 4
777 1
496 4
338 4
483 4
353 2
14 3
234 1
120 3
18 1
584 1
736 1
746 5
178 2
714 2
15 3
425 4
198 3
568 2
102 2
430 2
421 4
643 2
491 1
92 4
250 6
677 4
93 3
724 1
527 2
730 3
343 4
184 6
755 2
109 1
591 2
139 3
541 2
213 1
71 2
556 2
56 5
284 2
138 7
132 2
764 1
189 3
553 1
5 1
110 4
381 7
627 3
692 5
244 2
9 5
243 5
342 1
17 1
142 3
20 2
636 2
336 5
548 4
687 2
29 4
160 3
175 1
328 3
535 1
647 2
156 5
590 2
644 2
311 4
104 3
232 2
661 4
639 4
678 3
790 2
514 3
200 5
322 3
387 3
666 1
399 2
339 1
85 1
173 3
593 2
507 3
420 4
99 3
55 2
510 5
182 1
205 1
486 7
485 4
195 3
392 4
408 4
309 3
73 1
367 4
737 2
722 2
272 3
356 4
225 4
122 2
21 2
274 6
773 6
772 3
567 2
344 3
558 5
87 3
126 3
111 4
199 6
323 5
791 7
592 3
202 3
25 5
482 2
253 2
640 1
555 6
599 7
168 1
236 4
405 3
732 2
197 3
180 4
498 3
190 2
531 3
246 5
719 3
433 5
400 3
69 3
245 4
748 2
263 3
534 3
475 3
554 3
161 4
362 3
345 4
454 4
407 2
512 2
456 2
618 2
252 3
267 5
634 4
158 3
150 5
509 4
622 2
77 3
152 5
177 6
417 4
188 2
426 2
669 2
466 2
281 4
149 1
794 3
321 2
144 1
477 3
444 4
192 3
626 1
147 5
441 5
378 3
570 2
609 2
686 5
603 1
758 2
589 3
480 3
493 1
101 1
598 2
468 1
107 3
80 3
230 2
183 3
227 1
22 4
40 3
3 2
580 1
100 2
573 3
542 3
620 4
653 3
479 4
391 3
752 3
438 4
720 2
231 4
429 5
103 3
332 1
70 5
167 1
500 3
738 4
615 1
447 3
559 1
523 6
124 2
386 5
64 2
352 3
36 2
529 2
291 3
275 2
613 1
579 1
42 2
543 5
471 6
797 3
53 5
712 3
34 3
563 4
418 3
314 4
765 1
372 3
731 1
193 3
315 3
775 3
262 4
30 1
49 3
786 3
218 4
520 2
59 3
285 1
133 4
341 3
296 3
711 3
630 2
283 2
540 1
123 2
641 2
756 2
174 3
663 2
434 4
45 4
211 1
81 4
131 5
212 1
324 3
684 1
335 4
723 1
557 1
476 1
115 3
406 3
693 2
744 3
346 5
709 1
237 4
685 3
141 2
516 3
65 3
747 1
403 3
515 5
397 3
278 2
235 2
437 3
384 2
688 1
499 3
215 1
799 3
757 2
95 3
273 1
713 1
226 2
707 2
222 3
728 3
298 1
673 3
292 4
575 2
394 3
361 3
155 4
135 2
368 2
721 2
238 1
94 3
581 2
578 5
645 2
74 2
304 3
751 2
769 4
549 3
594 1
451 1
196 1
561 4
474 3
326 5
169 4
461 2
492 3
793 2
704 1
221 3
770 2
694 3
689 3
562 2
98 1
729 2
763 2
675 1
497 5
51 1
577 3
629 3
308 2
439 4
10 1
795 3
327 3
605 3
313 1
233 5
503 3
376 7
165 1
201 1
319 4
546 3
89 3
597 2
506 1
424 1
449 2
528 3
771 1
660 1
778 2
127 2
128 2
587 2
586 1
695 2
54 2
385 3
194 3
229 2
23 3
602 4
259 2
37 2
501 1
251 1
371 2
117 2
217 1
564 2
596 1
545 2
357 3
560 2
635 2
774 4
360 1
203 2
48 2
766 1
239 1
28 3
710 2
207 2
416 1
277 1
171 3
469 1
655 2
79 2
145 1
478 1
153 2
96 4
674 2
536 2
715 1
154 3
377 1
628 2
761 1
670 2
588 2
633 1
665 2
754 1
228 1
383 2
58 3
44 4
106 2
745 1
38 1
702 3
114 2
258 3
91 5
256 2
68 1
331 2
533 4
576 1
700 3
398 2
185 3
419 2
547 2
701 2
798 1
753 2
75 2
448 1
1 1
181 1
648 1
682 2
129 1
287 2
617 1
268 1
422 2
136 2
595 3
270 1
681 2
502 1
428 1
279 3
325 1
46 1
210 2
216 3
525 2
125 2
402 1
118 2
413 3
220 1
530 2
380 1
86 1
552 1
494 1
652 1
289 1
683 1
631 1
2 1
537 1
749 1
214 1
401 1
113 1
316 1
453 1
265 2
697 1
759 1
481 1
458 1
668 1
606 1
470 1
717 2
760 1
82 1
435 1
337 1
47 1
742 3
13 1
490 1
489 1
632 2
88 1
355 1
787 1
333 1
616 1
208 1
511 1
750 1
614 1
410 1
130 1
350 1
176 1
209 1
672 1
600 1
776 1
player: 9 Individualist
94 4
355 4
547 6
180 2
123 2
607 5
128 5
186 6
629 4
287 4
103 4
537 2
675 1
205 7
45 2
122 3
740 3
247 4
36 2
641 4
77 3
175 3
243 5
302 2
571 2
676 2
195 6
723 1
749 2
389 2
292 2
70 6
303 4
280 3
74 3
794 2
476 4
397 1
310 4
543 2
557 3
232 4
158 3
775 3
385 5
760 2
34 5
439 1
64 2
271 4
296 5
444 2
101 2
508 2
324 5
478 3
792 3
473 3
204 2
398 4
82 3
435 2
368 5
163 4
326 7
781 2
169 2
15 4
409 1
455 7
369 10
61 3
796 7
162 6
475 2
32 4
201 3
659 1
567 1
725 4
487 3
441 3
371 4
670 7
504 5
477 5
491 3
313 3
56 3
627 3
558 4
648 3
203 4
62 5
471 2
173 4
621 2
410 2
35 3
321 3
393 1
370 5
145 2
382 2
599 1
23 3
495 1
545 2
121 3
603 6
634 3
408 3
27 4
593 3
234 3
10 4
798 2
87 3
652 1
619 3
239 3
414 9
161 1
672 2
530 2
527 2
362 6
252 2
511 4
737 3
76 2
297 3
528 3
711 2
456 4
378 5
581 3
644 3
437 4
230 2
275 3
191 2
189 4
273 2
520 2
345 4
391 6
377 3
681 2
458 3
359 3
663 3
312 4
49 6
219 4
779 4
540 5
171 4
583 2
137 2
542 3
617 3
53 3
288 4
689 2
261 2
519 4
330 2
750 2
426 4
323 4
795 4
107 3
343 2
565 3
306 4
250 2
79 2
155 5
442 4
215 3
298 7
752 2
671 2
620 1
307 2
73 2
486 2
668 2
374 3
319 7
225 4
63 2
492 4
765 3
590 5
181 3
757 4
413 1
421 4
218 2
630 3
654 6
460 1
364 2
474 3
222 8
100 3
755 3
419 6
50 2
402 2
609 1
616 2
198 4
179 4
674 3
2 4
734 4
677 4
131 5
96 3
209 2
55 1
258 4
135 2
574 3
783 4
153 1
329 2
611 4
432 5
129 2
438 4
509 2
434 2
379 2
517 2
52 6
207 2
494 2
507 3
383 3
505 5
208 5
229 4
697 4
286 3
160 2
446 2
587 3
194 4
678 5
356 2
81 4
655 2
782 2
46 4
314 4
102 3
499 5
516 1
682 4
626 3
667 4
354 1
642 6
703 3
156 4
778 3
120 2
285 3
320 5
404 3
363 3
248 2
407 4
701 2
502 4
8 8
710 4
93 2
237 2
283 6
485 4
514 5
147 4
592 1
500 4
746 5
465 4
7 2
533 6
33 2
433 2
501 3
199 1
293 3
331 3
380 4
332 2
118 2
67 4
400 3
772 5
553 3
664 2
278 3
262 2
44 6
138 2
534 1
484 1
563 1
695 4
610 4
578 3
5 2
748 2
132 6
337 4
717 3
151 4
226 2
510 2
16 4
515 2
506 4
117 2
308 2
98 7
452 2
427 1
483 4
289 3
431 4
633 2
276 3
462 4
360 2
233 3
742 3
753 1
375 3
718 6
29 3
425 1
40 3
615 2
702 3
325 7
582 1
550 4
738 3
139 4
598 4
238 4
457 6
660 2
470 4
48 2
555 2
429 2
97 2
390 5
159 1
291 3
253 2
109 2
279 3
767 2
715 4
453 2
381 1
168 5
459 2
235 3
347 2
589 1
69 2
526 4
41 4
549 3
95 5
430 5
576 3
687 2
361 3
488 4
71 6
399 4
300 3
119 5
412 3
401 4
443 2
628 5
479 1
788 1
126 2
691 3
282 2
349 2
733 3
449 4
552 2
295 1
256 2
4 2
241 2
521 3
625 9
249 3
83 3
167 3
340 2
639 2
294 2
764 4
529 3
269 2
165 5
595 4
417 1
133 1
20 2
202 4
608 3
669 4
743 1
130 2
281 3
37 3
450 2
392 4
178 2
154 4
172 4
692 2
709 2
174 4
706 1
184 3
562 2
351 2
266 3
707 3
255 2
341 3
771 2
346 2
221 4
105 5
350 4
518 3
719 2
777 4
213 5
311 1
573 2
152 1
47 5
259 4
290 4
125 2
75 2
336 1
30 4
575 2
732 3
327 2
342 2
686 2
188 3
65 3
51 3
270 6
92 5
246 4
3 2
358 2
21 1
605 4
66 6
210 3
373 5
274 2
272 1
541 3
335 2
469 1
538 2
489 3
722 3
68 2
182 2
683 1
264 5
127 1
454 3
481 2
731 4
54 4
177 2
224 1
539 2
111 3
190 3
388 3
612 1
301 2
136 5
251 2
647 2
416 3
769 2
739 5
651 1
60 1
170 2
267 2
84 4
594 3
260 3
265 2
254 3
624 1
11 1
185 1
415 2
244 2
556 1
713 2
144 2
317 5
406 4
653 2
89 3
150 3
112 4
277 3
656 1
472 1
708 2
176 3
214 2
216 3
568 2
58 2
588 3
700 2
445 3
115 1
606 2
318 3
797 1
536 2
9 3
196 2
579 2
339 6
761 3
57 1
464 1
316 3
643 1
623 2
268 6
726 2
721 3
480 3
309 1
197 1
727 3
18 1
6 2
223 1
741 3
366 1
532 2
712 3
90 1
113 4
78 2
387 1
22 2
600 2
403 3
386 4
597 1
793 1
423 1
164 5
751 3
546 1
352 1
586 1
561 3
496 1
24 1
512 2
780 3
424 2
394 2
635 1
724 1
523 2
799 1
134 2
566 2
785 1
206 2
39 3
493 1
411 2
584 2
447 3
522 1
622 2
774 2
80 3
140 2
466 2
699 1
334 1
227 1
790 2
548 2
685 2
299 4
684 1
503 1
284 1
448 1
344 1
305 2
91 1
730 1
688 1
560 2
88 3
591 2
59 3
146 3
498 3
762 1
106 2
698 3
559 1
638 2
142 1
604 1
114 3
461 2
747 2
245 2
744 1
422 1
99 3
353 1
192 2
451 1
193 3
531 1
110 1
384 1
333 2
773 2
148 3
645 2
665 3
544 2
569 2
585 2
263 2
714 1
784 2
1 1
236 1
525 2
42 1
395 1
658 1
365 3
141 2
440 1
72 3
436 1
632 1
602 2
618 1
662 1
679 1
564 1
26 1
770 1
580 2
577 1
661 1
157 2
257 1
12 2
187 1
166 1
405 1
791 1
650 2
637 1
212 2
789 1
776 1
357 1
570 1
108 1
535 1
104 1
728 1
554 1
220 1
322 1
367 1
614 1
497 1
338 1
player: 2 Altruist
95 4
750 3
235 3
226 5
385 8
21 1
179 5
693 4
220 1
24 3
330 1
515 2
659 1
589 2
571 4
702 2
309 7
689 3
566 3
462 3
127 4
619 2
457 3
368 8
419 8
291 2
769 5
357 2
624 2
296 2
791 2
799 3
374 3
706 2
555 5
157 5
260 4
4 1
556 2
433 3
334 2
389 3
204 4
430 2
679 2
405 2
512 4
49 3
94 3
439 4
415 6
146 2
217 7
792 2
658 3
194 3
451 2
247 3
548 2
155 5
541 2
101 4
264 2
250 4
645 2
137 4
47 3
110 4
256 4
69 4
161 3
453 2
472 5
651 3
317 2
397 3
164 6
196 3
240 4
180 4
242 6
653 5
691 2
745 2
542 3
522 3
23 2
625 1
534 2
744 2
43 4
594 1
117 3
318 5
310 4
458 3
677 3
274 3
544 5
680 1
345 5
248 3
558 3
41 5
63 4
398 4
775 4
761 2
284 2
9 4
299 4
572 5
288 5
436 4
126 4
447 3
170 3
613 4
200 3
684 9
272 4
567 3
316 4
381 3
650 2
520 5
396 2
306 2
499 2
234 1
251 3
185 4
635 3
444 3
527 4
244 5
350 3
83 4
672 4
280 5
400 5
150 2
690 2
731 4
287 3
1 2
203 5
230 2
31 4
50 3
87 1
17 6
193 4
356 6
525 3
60 1
529 7
121 3
588 3
424 3
562 3
413 6
714 2
491 6
434 4
176 4
258 5
267 2
249 3
145 2
506 4
202 4
106 3
530 5
399 5
336 4
210 5
756 3
10 2
538 3
585 1
319 2
554 1
141 3
592 2
359 2
68 5
687 3
460 5
275 4
511 7
56 4
777 2
222 4
86 3
388 3
219 4
30 1
636 3
370 4
796 3
53 5
261 5
107 2
236 3
502 4
441 2
181 3
278 5
326 2
475 1
570 3
526 2
355 4
59 4
342 6
739 5
338 7
598 1
160 3
158 7
362 6
466 3
736 2
113 4
586 3
377 3
77 4
546 5
102 2
621 5
552 3
753 4
438 3
321 3
784 2
667 2
758 6
16 2
154 2
289 7
177 4
401 2
590 4
560 3
794 3
20 3
738 1
262 2
416 1
70 4
211 4
698 3
507 3
662 2
358 5
138 6
617 3
759 4
148 2
269 3
156 1
266 1
75 1
302 3
366 2
265 2
276 2
789 3
757 1
55 2
450 7
134 4
726 2
485 3
167 6
384 2
228 4
133 5
766 3
293 3
192 2
279 1
197 4
42 1
497 4
612 2
78 4
504 5
719 3
722 1
32 6
742 1
576 3
765 2
692 3
34 5
143 3
606 2
422 6
771 2
708 3
486 6
339 2
40 1
442 3
64 2
669 4
14 3
348 2
39 2
322 3
533 2
411 2
795 3
597 3
455 7
581 2
437 4
227 2
2 3
305 3
224 3
198 4
725 2
218 2
33 1
467 3
392 1
229 4
308 5
610 1
44 4
360 2
286 1
209 3
165 3
596 5
285 1
270 2
569 2
108 5
333 4
425 6
259 2
277 4
57 2
253 1
545 4
516 3
764 3
573 3
139 1
216 1
752 2
779 1
238 2
3 2
367 2
335 6
100 5
174 5
273 3
124 1
717 2
325 3
312 3
225 4
329 2
395 5
149 3
67 3
631 2
81 4
171 3
620 2
298 4
440 7
130 2
551 3
798 3
184 5
797 3
347 5
120 3
341 1
122 3
715 1
550 3
510 7
375 3
239 4
195 4
678 3
468 2
482 1
294 2
84 3
382 4
116 3
82 3
487 2
675 2
109 1
492 1
182 1
99 1
35 1
372 3
674 3
104 1
463 1
379 3
773 3
519 2
387 2
664 4
290 3
212 1
36 5
787 1
514 3
712 1
673 3
737 3
328 3
93 5
255 4
513 3
681 4
386 2
369 5
470 1
704 1
22 3
304 1
168 2
340 2
394 3
488 4
786 3
473 3
627 2
781 2
489 2
718 3
74 3
747 3
701 1
90 7
479 4
464 3
728 5
391 3
28 5
778 1
707 2
661 2
62 2
241 1
568 4
505 1
734 2
521 3
443 4
418 3
320 2
178 3
615 1
523 2
583 2
410 4
406 6
788 2
45 2
114 2
346 2
364 3
648 3
660 2
140 2
469 4
428 2
484 2
481 1
300 1
609 1
112 3
595 3
448 3
423 3
46 3
29 3
524 1
407 3
324 4
307 3
65 1
498 2
349 4
6 2
721 2
767 3
131 4
403 2
390 1
564 1
682 2
380 5
163 3
73 3
271 5
172 2
144 3
292 2
129 2
754 3
671 2
432 3
509 2
543 3
490 2
724 4
713 2
402 1
257 5
237 2
71 3
186 2
578 1
313 4
508 1
793 3
607 1
531 4
268 2
532 2
565 1
159 4
695 1
427 2
8 1
495 2
748 2
189 1
587 4
641 1
480 3
376 1
696 3
206 1
774 5
646 4
11 2
654 2
445 2
417 2
207 1
97 1
373 4
215 2
697 2
252 4
135 2
770 1
314 1
540 2
420 1
575 2
201 1
66 2
711 3
297 1
456 1
611 1
720 2
421 3
54 2
183 2
474 4
429 3
408 1
705 3
772 3
89 2
656 3
614 1
517 1
111 3
785 4
323 1
37 1
449 2
245 2
584 3
283 1
591 2
213 2
760 1
72 2
574 5
91 2
199 1
483 4
494 2
344 2
128 1
461 3
79 2
115 2
496 1
208 2
26 3
173 1
188 1
471 3
626 2
337 2
7 4
629 2
665 2
214 2
618 1
12 1
5 2
639 2
716 1
602 1
331 3
763 3
301 1
459 3
96 4
152 2
58 3
685 2
751 1
119 1
608 3
371 1
52 1
13 1
136 1
295 3
142 2
477 2
414 1
743 2
153 1
622 2
755 1
27 1
51 1
409 1
132 1
118 2
740 1
353 1
233 3
729 3
435 1
780 2
327 2
670 1
723 2
644 2
393 2
254 1
446 1
559 3
528 1
676 2
354 2
169 1
549 1
352 1
19 1
412 2
404 1
600 1
166 1
221 1
343 2
351 2
642 1
749 1
632 1
727 1
563 1
15 2
92 1
518 1
151 2
577 2
263 2
628 1
76 1
85 3
191 1
703 2
683 1
383 1
699 1
476 2
655 1
365 1
25 2
732 1
147 1
223 1
593 1
579 1
125 3
311 1
553 1
790 2
315 1
303 3
205 2
501 1
175 1
61 1
623 1
604 1
454 1
537 2
616 1
762 1
746 1
88 2
733 1
580 1
709 2
80 1
605 1
493 1
player: 4 Altruist
418 2
189 5
653 2
346 4
362 5
80 4
226 6
678 2
56 3
366 3
368 2
420 6
163 5
706 2
450 4
199 1
676 5
720 3
356 2
724 3
22 1
90 2
792 4
146 5
62 2
317 5
578 2
733 7
353 5
392 2
489 2
704 2
18 4
323 4
360 2
41 4
26 1
396 7
24 2
443 6
198 3
785 6
625 6
352 5
232 1
230 3
716 1
438 2
130 2
206 1
16 2
249 5
669 5
640 3
735 4
478 4
245 4
583 4
342 3
399 4
559 3
507 3
595 3
668 1
109 3
613 2
406 4
717 3
790 3
126 6
524 6
698 2
601 1
95 5
502 5
357 2
106 3
102 3
630 2
187 6
726 2
513 4
281 1
688 1
46 1
642 5
13 5
635 3
516 6
325 7
782 2
469 4
167 7
742 4
113 3
219 6
305 3
14 3
273 6
247 4
623 3
422 5
140 5
378 7
255 4
512 3
182 5
744 6
225 7
501 2
227 3
143 2
448 3
654 2
280 1
454 5
23 2
92 4
703 4
328 4
761 4
638 2
412 6
332 4
506 5
99 2
310 5
267 5
718 2
775 1
634 1
616 1
423 4
308 4
354 1
416 5
81 2
739 2
403 7
279 2
180 4
567 5
611 1
122 2
302 5
789 1
592 4
93 3
387 4
337 4
96 4
257 6
55 4
246 4
30 5
401 4
372 2
388 1
522 2
191 4
683 5
27 4
367 3
124 4
564 4
8 3
145 4
397 3
51 3
527 3
244 2
557 2
234 4
746 1
486 3
772 2
787 1
582 3
282 1
659 4
759 3
315 7
692 1
364 2
63 2
97 3
531 3
373 2
609 2
84 4
285 4
374 3
517 1
190 3
679 2
663 6
169 4
223 6
49 4
309 4
88 8
204 2
458 4
758 1
256 4
794 3
798 1
376 4
170 5
539 4
503 5
603 1
289 4
485 4
626 4
748 4
431 3
375 3
594 3
28 2
103 2
210 1
586 3
123 2
160 3
291 3
336 1
644 5
460 1
459 6
755 2
446 5
712 5
395 3
6 2
82 3
549 2
318 3
208 3
533 5
587 3
114 1
43 4
286 2
307 6
105 3
697 3
112 2
52 3
157 2
207 9
4 3
172 1
338 3
740 3
29 3
544 2
297 7
127 2
34 1
173 3
532 5
340 3
614 4
334 4
791 2
268 2
530 2
186 2
133 3
153 3
577 4
110 4
68 7
778 4
348 4
134 2
263 4
131 3
47 5
796 4
75 3
386 2
164 3
44 2
361 1
484 2
673 2
139 5
774 3
158 2
441 4
463 5
664 3
243 4
429 5
793 4
551 2
686 2
576 3
60 3
437 4
65 3
436 5
73 3
264 2
121 3
341 1
195 2
217 3
534 5
220 2
3 1
765 4
732 2
413 1
639 2
646 1
192 2
138 4
764 8
619 2
596 3
606 2
272 4
209 4
79 4
77 3
797 3
690 4
504 3
699 3
415 4
377 5
472 4
236 8
293 4
137 3
620 1
684 3
35 2
681 2
656 3
464 5
500 4
295 5
343 2
183 4
521 1
156 1
250 3
205 2
12 2
178 4
737 2
481 3
17 5
144 3
194 2
536 4
171 1
358 4
487 4
71 1
390 2
771 1
421 4
251 2
566 1
426 2
430 3
107 1
324 2
94 2
493 3
202 2
662 1
15 2
260 5
72 5
176 2
181 2
617 4
76 3
284 4
468 4
682 1
604 2
394 1
239 4
519 3
283 5
710 3
312 3
556 3
322 2
347 5
385 1
730 1
477 2
319 3
433 3
474 4
313 5
452 2
558 1
555 2
11 3
242 3
45 3
428 1
218 4
229 3
193 1
270 3
795 3
120 1
442 7
7 2
9 2
427 2
10 4
496 3
201 3
520 2
471 3
233 5
612 1
301 2
37 3
350 2
222 3
491 3
5 3
723 3
528 2
658 4
179 5
74 1
440 3
598 2
687 1
694 5
369 3
719 1
200 3
241 4
168 1
786 2
329 2
38 2
588 4
734 2
155 3
701 1
175 4
641 3
159 1
252 2
211 1
116 3
294 5
715 3
228 1
610 6
483 4
311 4
384 2
444 2
575 1
648 3
670 2
445 2
275 2
457 3
624 1
565 1
497 3
466 2
757 1
154 2
83 2
514 2
482 4
695 4
132 2
235 3
36 3
751 2
509 2
546 2
69 2
78 1
66 2
584 1
475 4
383 2
409 1
671 1
177 2
67 2
64 2
731 1
602 2
59 2
402 5
119 2
525 2
379 3
479 5
571 3
568 3
447 3
591 2
274 5
618 4
407 2
523 2
86 3
762 1
700 1
254 2
150 3
675 2
767 2
48 2
542 2
649 1
691 1
87 3
326 1
58 5
335 2
339 2
265 3
408 1
738 2
476 2
621 4
316 1
292 2
152 3
766 3
473 2
101 2
237 1
702 2
128 1
714 2
632 1
439 4
608 1
750 3
166 1
188 1
637 1
212 2
799 2
161 2
419 5
115 3
777 5
261 1
365 3
432 1
269 3
467 2
393 3
129 2
677 2
747 2
490 3
779 2
745 2
657 2
661 3
185 2
652 3
770 4
380 1
299 4
125 4
149 2
304 4
788 2
505 4
100 3
599 2
258 1
142 1
117 1
741 2
118 2
411 2
455 3
425 1
529 1
91 4
359 2
470 1
151 2
628 2
629 1
498 2
135 3
729 3
495 1
54 2
53 2
327 4
570 2
296 1
259 2
650 1
32 3
579 1
736 1
314 1
104 3
40 2
349 1
622 2
708 1
344 2
174 3
417 1
197 2
696 2
414 2
547 1
333 1
89 2
363 2
643 2
215 3
303 2
216 2
290 6
607 1
535 3
61 2
203 1
585 2
508 1
554 1
141 2
306 1
666 2
33 3
300 1
713 2
680 1
488 2
31 1
50 3
111 1
435 1
221 2
492 1
768 1
248 3
456 1
382 2
389 1
721 1
410 2
781 1
590 1
752 2
627 1
70 1
19 2
449 1
728 1
537 3
253 2
773 1
424 3
597 1
672 1
494 2
776 2
224 1
287 1
756 2
398 2
355 3
162 2
25 1
351 1
278 1
633 1
85 1
461 1
321 1
743 1
266 2
580 1
540 2
405 1
451 1
581 1
238 1
754 2
711 1
147 2
262 1
574 1
545 2
184 1
510 1
214 1
593 1
277 1
20 1
298 1
404 1
331 1
573 1
21 1
434 1
615 1
511 1
462 1
707 1
660 1
651 1
196 3
760 1
665 1
526 2
271 1
550 1
548 1
569 1
39 1
213 1
674 1
player: 7 Individualist
575 3
524 3
321 2
533 5
349 3
684 3
241 3
383 5
229 3
354 2
281 2
203 4
317 1
60 6
793 2
593 3
39 4
488 5
240 4
114 4
85 6
217 4
263 4
291 4
435 3
61 1
582 4
338 4
457 3
468 3
157 2
159 7
495 5
361 4
628 3
166 4
510 3
267 4
73 3
509 8
88 4
299 2
570 1
67 4
641 1
473 3
433 4
280 2
608 3
553 4
610 3
103 1
680 1
253 1
38 4
204 4
550 5
762 3
791 5
200 4
153 1
534 3
220 4
417 3
432 7
466 3
186 6
364 4
580 4
452 9
390 3
690 2
416 5
257 1
155 5
269 3
289 2
398 3
372 3
190 3
199 6
615 2
37 2
571 4
15 4
275 1
573 2
16 6
53 4
397 3
731 1
624 1
702 3
471 7
100 3
794 4
194 1
363 4
86 6
407 4
208 2
403 6
293 2
480 2
766 1
198 1
215 3
431 4
106 2
623 4
442 5
219 2
481 3
58 5
51 4
689 3
558 5
578 8
454 2
404 4
443 4
77 4
69 2
522 2
451 2
418 4
632 1
405 4
789 3
95 2
626 3
373 5
377 3
667 1
537 5
308 3
547 3
399 2
327 4
343 3
264 1
796 4
7 4
479 3
765 3
601 3
14 1
188 6
175 2
197 2
311 5
759 2
243 3
259 4
749 5
444 2
146 2
625 5
410 5
47 3
117 1
70 5
282 3
715 5
40 2
788 2
771 3
729 5
411 2
232 4
541 2
597 4
600 2
135 4
295 1
270 5
387 2
96 3
395 5
386 6
450 3
464 3
315 3
436 3
119 4
305 6
528 3
64 2
455 3
666 2
145 1
310 2
18 4
278 2
170 7
262 1
515 8
737 4
408 2
148 5
779 3
230 2
569 1
160 5
137 3
669 3
604 8
123 3
709 1
193 3
434 1
115 6
307 5
144 4
521 1
325 4
535 2
120 2
352 1
225 3
559 3
359 5
440 2
195 2
328 3
211 4
757 4
639 3
341 5
525 3
78 3
758 2
469 4
672 1
81 1
463 2
514 2
254 3
28 2
30 4
330 1
602 3
756 4
697 2
10 3
72 3
125 3
549 4
141 3
182 4
500 2
745 4
589 3
664 5
314 2
456 2
674 5
302 3
412 1
685 2
333 4
127 2
83 3
167 1
460 7
151 2
485 4
4 5
596 2
712 4
306 2
567 3
701 3
691 1
557 3
357 8
437 6
177 1
560 2
584 3
430 4
438 2
316 3
713 2
482 1
227 3
720 1
592 3
94 3
501 5
156 2
228 5
694 2
162 3
699 2
348 2
92 4
554 3
245 4
799 4
374 4
642 5
136 3
324 3
250 3
21 4
590 3
68 4
773 3
265 2
178 3
380 4
326 3
470 4
594 1
467 2
379 2
209 3
196 2
1 1
29 3
497 3
139 2
105 4
769 4
703 2
154 2
655 2
486 5
256 2
414 2
312 3
572 4
529 1
392 4
161 1
449 4
111 3
22 2
346 2
66 5
201 5
222 2
185 3
212 3
224 3
583 6
42 2
721 1
627 1
318 6
638 2
110 1
65 2
421 2
724 3
548 7
258 2
637 3
428 5
561 2
52 2
539 1
475 4
447 1
490 2
368 3
544 3
545 3
728 2
171 4
753 3
465 3
189 3
618 5
711 1
563 1
191 2
87 2
283 4
508 2
743 1
272 3
277 2
520 1
323 2
339 2
344 4
483 4
505 3
345 1
365 2
180 1
176 1
168 1
128 3
93 2
366 3
621 3
422 4
163 4
425 5
205 3
630 2
726 4
502 2
320 6
335 2
527 4
677 1
63 3
179 2
97 6
358 3
192 2
35 4
237 2
532 2
378 3
288 1
472 2
462 5
355 2
2 3
634 5
744 1
301 2
79 4
32 3
453 3
746 2
242 5
556 3
118 4
102 3
484 1
650 5
80 2
581 3
477 5
140 5
235 2
322 3
206 2
555 2
172 4
268 1
402 5
429 5
113 4
11 1
419 1
50 3
74 2
370 4
740 2
445 3
381 4
303 1
12 2
99 1
233 3
41 3
394 3
216 4
494 2
562 5
284 2
218 2
755 1
393 4
112 2
400 2
439 4
313 3
134 4
207 1
5 2
246 1
169 3
329 2
55 3
406 4
693 1
25 3
389 4
476 4
660 4
786 4
795 5
226 1
17 2
496 3
133 1
292 3
131 3
736 3
780 3
309 4
360 3
576 2
616 4
605 1
754 2
633 2
71 4
375 2
129 2
784 3
75 4
401 3
511 2
273 4
334 2
89 3
319 2
271 4
517 2
350 1
516 2
423 5
174 2
498 2
122 3
342 2
173 2
46 3
588 4
244 3
552 1
369 2
489 1
294 3
181 4
662 3
678 2
49 1
785 5
692 3
150 1
24 2
716 4
683 3
446 4
775 1
526 3
700 2
776 2
492 1
142 1
426 2
415 5
56 1
251 1
644 2
768 3
409 1
751 1
413 2
396 5
778 3
763 4
458 1
296 3
670 2
448 3
704 4
276 1
149 1
599 2
164 3
255 2
635 3
214 2
336 1
213 2
536 3
104 2
424 1
654 1
340 4
665 2
247 3
718 3
441 2
331 3
566 2
91 2
682 2
13 4
236 3
234 2
732 2
747 3
132 3
90 3
252 2
384 1
239 4
579 2
651 1
503 3
487 2
538 2
613 2
9 2
332 1
109 3
420 1
531 1
782 2
304 2
519 4
26 1
688 1
518 3
158 1
695 2
6 2
45 2
727 1
382 2
27 1
722 2
287 3
286 3
513 2
48 1
797 3
777 2
187 1
279 1
542 2
698 1
577 3
645 2
752 2
730 4
612 1
300 3
249 1
652 2
781 2
661 1
184 4
20 1
116 1
636 2
183 1
385 1
391 1
108 1
82 3
101 2
351 2
124 1
564 1
676 2
266 3
598 1
659 2
714 3
504 1
371 1
8 3
261 2
33 1
260 1
34 2
568 2
143 2
130 2
649 1
491 1
717 2
643 1
675 2
31 2
733 2
540 1
499 1
611 1
337 2
388 1
165 2
738 2
725 1
591 1
54 1
126 2
98 1
748 1
792 1
586 1
353 1
707 3
459 4
238 1
57 1
36 1
656 1
62 1
543 1
705 1
671 1
23 2
523 1
663 1
631 1
221 1
607 1
43 1
223 1
750 1
646 1
356 1
427 1
668 1
84 1
767 2
362 2
565 1
687 1
147 3
657 1
3 1
285 1
107 2
764 1
734 1
742 1
367 1
679 1
rank player: 5 Altruist
8 143
3 164
6 159
2 178
10 171
12 160
1 177
4 168
9 149
7 181
5 174
11 176
rank player: 1 Altruist
5 184
10 156
4 163
1 182
9 156
3 174
7 175
12 166
8 169
11 149
2 149
6 177
rank player: 10 Individualist
7 146
9 175
5 183
8 171
1 159
11 163
3 165
12 158
2 168
6 164
4 164
10 184
rank player: 11 Individualist
6 163
8 168
1 164
11 152
2 179
9 179
5 145
3 182
10 156
12 172
7 169
4 171
rank player: 3 Altruist
12 165
1 155
9 153
11 181
7 147
6 179
5 178
10 150
3 180
8 165
2 184
4 163
rank player: 8 Individualist
1 172
5 142
10 183
9 171
4 167
3 138
11 204
8 175
6 146
12 174
2 155
7 173
rank player: 0 Altruist
2 165
12 162
4 181
10 147
9 168
6 188
11 168
7 182
3 151
1 163
5 173
8 152
rank player: 6 Individualist
11 149
7 160
6 171
5 173
2 174
8 170
12 179
1 157
4 173
3 156
10 169
9 169
rank player: 9 Individualist
4 166
11 157
3 178
9 164
1 178
12 159
10 197
2 163
5 167
8 169
7 150
6 152
rank player: 2 Altruist
3 167
11 160
5 168
8 182
1 160
2 163
6 162
7 182
10 145
12 178
9 172
4 161
rank player: 4 Altruist
9 172
2 162
12 174
7 158
4 166
10 155
1 176
6 169
8 159
3 171
11 179
5 159
rank player: 7 Individualist
10 187
6 170
8 177
12 153
5 154
9 172
7 177
4 157
3 174
1 157
2 160
11 162
