player: 0 Individualist
546 5
168 5
472 4
726 3
632 1
591 3
193 3
109 3
181 3
164 4
148 1
560 3
302 6
707 4
271 4
626 1
238 2
107 2
787 6
595 3
93 2
614 7
56 2
116 5
552 3
523 3
18 1
530 1
172 4
772 3
95 4
120 2
468 3
90 3
163 5
418 4
376 3
736 5
20 4
213 4
567 7
31 5
352 2
98 3
509 3
398 5
68 3
401 6
442 5
35 3
354 3
251 3
306 2
459 7
133 3
490 4
191 4
312 5
427 5
540 3
798 5
305 9
425 3
460 2
545 2
160 5
514 3
462 3
194 5
599 2
266 3
89 4
231 5
136 2
763 3
665 4
464 3
538 1
82 3
543 3
686 3
281 1
553 5
635 4
16 2
594 2
263 5
309 1
111 2
21 3
288 2
369 5
585 5
724 3
54 5
76 2
286 3
66 4
647 2
4 4
628 5
465 6
214 1
318 4
296 2
498 5
261 2
125 2
188 3
96 5
141 4
319 4
612 5
688 5
776 5
228 3
579 1
701 3
241 4
519 2
205 3
310 3
515 2
565 5
679 6
713 3
236 2
580 2
239 1
209 6
745 4
64 2
9 4
227 4
165 3
495 6
670 6
731 5
651 1
216 2
712 9
367 3
477 5
127 3
434 4
290 2
412 2
130 5
417 3
673 1
641 2
62 6
299 6
431 4
374 4
307 4
526 4
134 3
208 2
174 5
6 2
247 6
81 3
346 5
340 3
680 4
714 2
590 2
754 2
377 1
444 2
190 3
656 3
179 3
533 2
406 3
58 1
321 3
629 1
267 5
420 5
666 4
100 6
520 2
769 7
380 3
611 2
496 3
327 2
657 2
386 2
445 1
304 4
143 3
784 3
234 4
47 2
517 4
42 4
436 4
558 6
315 4
345 4
504 3
351 5
25 5
555 4
604 5
621 7
203 1
733 3
8 2
738 2
783 3
272 3
419 2
756 5
399 2
566 6
392 2
85 5
443 2
448 4
478 3
166 3
339 3
602 2
627 3
277 3
794 2
513 2
97 9
414 1
522 2
775 3
690 3
484 3
368 2
750 4
792 2
575 7
492 3
147 1
453 3
30 3
405 2
487 5
700 6
564 3
378 3
624 4
409 1
549 3
28 1
383 4
397 1
10 3
682 2
34 2
129 4
677 1
273 2
661 1
799 1
570 6
608 6
423 2
620 2
481 5
421 5
101 2
671 1
416 5
276 3
91 1
544 3
279 5
718 2
691 3
643 3
486 2
154 4
269 3
207 2
795 3
780 4
332 2
757 2
5 6
788 5
586 3
341 6
762 5
84 3
358 2
710 5
652 4
466 1
158 3
385 2
202 4
29 2
524 2
610 4
33 5
292 3
44 2
723 1
704 3
562 3
667 5
469 4
260 3
631 1
597 2
285 2
569 3
747 5
324 4
605 7
49 3
103 1
394 2
676 3
773 2
391 2
175 1
766 3
32 3
78 4
149 2
516 3
63 1
574 3
75 3
446 5
497 1
268 2
471 2
777 3
435 4
344 3
350 4
123 2
507 2
322 3
646 3
728 1
325 7
711 4
45 4
454 4
782 1
153 2
152 2
429 2
295 6
1 2
185 3
137 4
559 6
424 3
176 5
644 4
778 3
370 2
365 8
606 3
430 2
124 2
104 2
249 6
140 1
373 4
716 3
357 2
278 3
613 1
51 2
289 3
237 4
622 2
12 3
634 7
609 2
17 2
128 5
461 1
525 1
633 4
211 2
689 2
94 3
192 2
501 2
692 1
770 6
77 1
330 4
404 1
561 3
582 2
669 2
752 1
11 3
256 1
262 3
535 3
650 3
245 1
235 4
557 3
725 3
159 2
59 4
184 2
654 3
171 2
92 3
303 1
259 4
488 1
183 2
320 3
658 2
316 1
390 2
722 2
791 2
675 3
242 2
217 6
275 3
37 1
108 2
135 3
727 3
212 2
258 2
729 2
529 6
499 2
218 4
2 2
46 4
230 4
649 3
732 3
381 2
642 2
187 3
178 1
7 3
655 6
106 3
502 2
177 2
709 3
52 2
382 1
639 1
437 2
744 3
215 2
428 1
742 2
748 6
113 4
493 3
589 5
284 4
457 1
720 2
375 2
708 5
505 2
407 2
588 1
73 1
364 3
139 2
156 1
80 3
88 1
223 1
265 1
619 3
587 2
102 2
600 3
483 2
797 3
551 3
695 6
308 3
252 2
180 1
71 1
771 5
458 2
422 2
329 3
541 2
706 3
653 5
69 3
759 2
338 1
79 5
470 2
749 1
363 4
74 1
737 1
379 3
511 4
253 2
581 2
550 1
539 4
534 2
485 3
527 2
293 2
796 3
334 1
83 1
743 1
86 3
342 4
583 1
681 2
317 3
463 3
648 3
693 2
206 2
510 2
117 3
491 4
440 5
451 1
637 2
173 2
13 4
696 1
542 3
282 1
297 2
779 2
683 3
617 1
50 2
479 4
114 2
767 2
38 2
456 2
753 2
132 1
751 4
121 3
87 2
53 2
660 4
687 2
475 1
467 4
313 3
65 5
474 2
785 1
99 1
61 1
270 2
204 4
40 2
765 1
705 2
105 3
433 2
366 3
717 3
144 1
72 2
640 2
426 1
326 2
3 2
503 1
578 2
476 3
702 3
55 1
618 2
734 2
630 2
563 1
126 1
331 1
573 1
603 2
142 3
161 1
730 1
577 5
248 2
625 2
447 2
170 2
356 1
264 4
371 1
482 1
372 1
659 2
337 2
395 3
719 3
438 2
532 2
473 4
384 3
480 1
592 1
528 2
571 1
244 2
232 2
255 3
601 1
349 1
361 1
489 2
432 1
449 2
441 1
668 2
678 1
694 1
664 1
131 4
768 2
396 3
402 1
735 2
360 2
576 1
359 2
764 2
226 1
115 1
145 1
301 1
408 2
22 2
240 2
298 2
403 1
67 2
287 3
222 1
189 1
48 2
721 1
328 1
41 2
781 1
254 2
362 1
790 3
508 2
393 1
197 1
761 1
195 1
150 2
243 1
531 2
758 1
663 1
280 1
246 1
740 2
547 1
789 1
537 2
27 1
699 2
162 1
598 1
122 1
199 1
506 2
224 1
118 2
741 1
233 1
674 3
494 1
146 3
70 1
182 1
411 1
760 1
554 2
746 2
219 2
311 1
556 2
198 1
294 2
593 3
512 1
536 1
119 1
388 1
452 2
572 1
19 1
300 2
645 1
672 1
348 1
615 1
257 1
607 1
685 2
36 1
23 1
389 1
player: 10 Individualist
320 1
625 5
218 4
728 2
349 3
739 5
740 3
699 3
196 5
76 2
157 1
88 3
148 8
467 4
671 3
500 1
626 5
30 3
766 5
58 2
300 2
781 6
405 4
464 2
59 1
651 3
213 5
231 4
542 3
299 5
653 3
429 2
43 2
608 2
226 4
207 5
21 4
276 5
268 3
688 4
535 3
667 5
366 4
539 5
292 1
278 4
137 3
718 4
703 2
339 7
489 3
579 4
96 6
119 5
270 4
610 5
398 5
471 3
287 4
266 2
135 3
646 3
134 2
105 3
685 2
505 1
255 3
457 3
242 4
470 2
323 1
317 3
741 4
259 2
700 2
532 3
656 3
20 2
147 5
350 4
540 2
188 1
592 5
782 3
414 2
456 3
611 3
577 3
175 2
482 3
692 3
91 3
392 3
220 1
370 3
41 2
504 3
243 3
548 2
97 2
586 4
330 3
281 5
649 2
307 3
550 3
763 4
241 4
233 4
153 5
192 4
383 3
83 6
6 3
725 2
400 2
174 5
172 6
248 4
68 2
95 5
217 7
620 5
239 4
397 5
198 3
488 4
581 2
613 6
531 1
624 2
61 1
701 4
362 5
775 3
227 5
557 4
126 5
399 6
491 1
694 1
475 1
195 5
16 2
508 1
184 3
657 3
75 3
230 5
149 2
729 6
529 1
424 4
441 1
379 9
140 4
698 4
222 3
440 3
44 4
308 2
133 2
687 2
621 3
298 3
768 4
291 2
346 3
53 6
487 4
356 3
693 2
145 2
189 1
316 5
773 2
178 3
515 2
799 4
197 5
526 1
386 5
458 5
377 3
228 5
668 2
609 4
265 6
737 4
26 4
726 5
136 4
282 5
306 4
229 3
770 4
498 2
159 3
110 4
11 5
473 2
686 2
514 2
758 3
742 2
750 3
795 6
573 5
314 5
564 4
373 2
635 5
660 6
696 4
247 3
143 5
354 4
797 2
385 4
141 4
449 5
492 3
704 4
416 7
695 2
765 4
798 4
326 3
344 3
412 3
578 6
107 4
173 2
596 2
376 3
327 3
120 1
519 1
446 4
238 2
476 2
163 5
490 4
234 3
395 4
381 2
644 3
415 4
67 2
789 2
501 7
679 3
743 3
512 3
396 4
481 4
410 2
284 4
387 4
712 2
361 2
430 6
131 2
261 3
746 5
503 4
3 5
478 3
351 2
116 2
605 4
663 5
142 2
622 3
70 3
572 1
199 2
89 1
674 3
275 3
139 2
454 4
772 3
594 4
734 3
603 2
27 6
664 3
463 1
559 4
101 3
368 1
568 2
267 1
585 6
57 2
407 3
527 4
642 4
288 3
289 2
439 3
64 4
236 5
85 1
567 3
506 2
343 1
533 3
785 2
190 2
665 4
169 1
302 4
711 4
769 2
420 3
252 2
404 5
90 2
322 3
280 3
714 6
727 2
677 3
669 3
46 2
757 2
783 5
264 1
589 2
754 3
103 1
778 3
290 2
584 4
334 2
204 4
796 3
2 4
521 3
534 3
599 3
321 4
9 1
34 3
93 3
591 3
256 4
717 3
604 4
423 3
38 1
569 2
607 3
319 3
216 2
246 2
793 5
102 2
24 2
736 5
200 4
260 3
691 2
205 1
675 2
286 1
92 4
771 2
409 3
39 5
388 2
451 3
518 3
60 5
447 4
315 2
359 3
745 1
556 2
689 2
574 4
63 1
747 4
114 5
485 6
601 6
390 2
630 2
654 3
552 5
486 1
682 2
421 4
305 4
253 3
357 4
25 2
185 5
587 1
128 3
333 2
756 4
69 3
249 4
401 1
127 3
735 3
528 3
767 2
223 3
427 2
277 3
124 5
522 2
165 1
662 2
595 2
8 3
582 2
431 5
294 1
251 3
776 2
177 2
437 2
650 1
108 2
80 3
784 1
130 1
194 2
593 1
274 3
755 1
166 6
617 3
537 5
507 2
764 2
731 2
678 7
570 4
310 2
733 3
538 2
448 1
779 1
571 2
433 2
403 2
411 4
318 1
442 2
553 4
324 4
672 5
647 2
426 1
618 5
111 1
209 4
645 2
342 1
724 4
472 3
684 3
338 2
641 2
49 2
406 3
511 5
337 3
113 2
161 2
419 1
183 4
100 1
211 1
285 3
690 3
676 1
250 1
262 2
496 1
62 1
655 4
715 4
428 1
71 4
35 3
13 3
132 4
191 2
752 2
168 1
203 1
48 4
40 1
325 3
666 1
545 2
465 3
155 2
7 3
600 2
303 2
33 5
156 2
443 3
378 2
450 1
221 1
215 1
138 3
279 1
708 2
495 7
329 2
331 3
661 5
541 1
73 1
151 4
723 2
353 3
483 1
444 2
79 3
580 3
56 1
176 5
720 1
612 1
583 2
5 3
393 3
597 6
408 4
17 3
272 3
643 4
616 4
790 5
364 2
436 1
707 1
4 3
722 5
52 3
164 2
637 1
160 2
516 3
523 1
158 5
171 1
547 1
640 2
244 4
551 3
332 2
78 1
479 1
562 3
759 2
257 5
345 2
719 3
751 2
340 1
72 5
466 2
312 2
459 2
761 1
162 3
365 1
193 1
658 1
86 1
432 1
45 3
232 2
82 2
576 2
673 1
182 1
422 1
632 1
525 4
66 2
14 3
730 1
786 5
787 2
788 4
235 3
680 1
54 2
681 2
716 3
210 2
455 2
706 2
484 1
170 2
47 2
179 1
42 2
670 4
94 4
555 3
598 2
438 1
273 2
402 3
55 2
590 3
517 1
293 1
99 2
549 1
530 1
543 2
77 1
380 2
566 1
146 5
367 3
588 2
413 2
623 1
269 3
738 1
32 2
639 2
10 1
509 3
150 1
561 5
417 2
283 3
732 1
713 3
560 2
328 1
792 3
636 3
313 2
659 2
384 1
477 2
336 3
206 1
304 2
480 1
627 2
122 1
494 1
121 2
208 2
225 2
296 1
214 1
167 1
352 2
382 1
348 1
629 4
335 1
633 2
602 1
109 2
84 2
709 1
371 2
23 2
536 2
297 1
462 1
513 1
652 2
697 1
468 1
394 1
524 1
493 2
152 1
502 1
554 2
360 2
106 2
186 2
240 3
445 1
31 1
391 1
762 1
469 1
460 1
98 2
425 1
648 1
575 1
774 1
358 1
619 1
18 1
363 1
606 1
418 1
237 1
631 1
311 1
749 1
748 1
341 2
614 1
558 2
118 1
player: 13 Individualist
359 3
172 3
93 3
568 5
106 5
704 5
281 5
22 4
500 3
301 3
747 3
412 3
698 5
414 2
30 2
460 4
251 2
454 1
164 5
299 3
61 3
680 6
229 5
63 3
547 4
57 4
697 2
538 4
470 3
152 6
757 3
409 4
588 6
264 3
117 2
161 4
15 5
764 2
652 1
689 3
309 5
336 4
230 4
448 4
374 2
308 1
34 2
224 2
303 3
438 3
203 2
115 5
610 4
556 2
244 5
287 5
108 2
521 4
335 3
519 6
177 2
265 3
781 4
324 1
340 3
144 4
5 5
693 6
540 2
95 5
474 5
214 2
270 2
476 2
437 5
302 5
727 3
24 1
575 3
191 2
667 4
580 2
644 4
411 4
780 7
62 6
363 4
377 4
525 1
190 1
596 4
724 4
202 3
730 3
786 4
721 5
496 4
627 3
602 1
48 1
482 3
2 3
573 4
89 3
408 2
307 4
263 3
372 4
694 3
679 4
345 3
382 5
584 8
593 5
601 3
641 4
716 3
436 2
386 3
560 3
182 2
220 5
432 10
762 4
243 5
710 7
529 2
678 2
440 4
298 5
450 5
616 2
686 2
389 2
492 2
293 2
239 6
305 2
451 6
413 7
289 2
194 6
72 3
754 4
366 2
603 1
497 1
148 3
254 2
291 7
626 1
613 4
397 2
688 2
70 4
732 6
456 1
554 2
158 4
73 3
430 3
589 2
539 4
544 3
249 3
645 2
400 4
702 1
210 4
238 3
638 4
427 1
237 6
502 2
315 4
661 4
76 3
799 2
104 1
365 3
630 4
591 3
752 2
729 3
718 5
288 2
373 2
9 1
341 4
484 7
422 2
692 5
767 4
441 3
4 3
770 1
25 3
489 2
113 5
178 3
586 3
204 4
797 1
348 2
558 4
585 2
741 1
258 3
185 2
481 2
150 6
36 3
121 2
748 5
480 1
548 4
433 4
713 3
466 2
151 1
428 4
526 4
105 3
592 9
639 2
198 2
549 4
56 1
35 2
756 3
176 6
277 2
684 2
635 5
171 4
606 1
774 2
690 6
312 3
43 2
632 5
424 3
90 3
369 2
199 5
346 3
769 1
39 2
223 2
453 4
611 2
38 1
399 3
508 5
318 3
326 4
643 2
42 4
513 3
385 2
94 7
207 3
753 5
759 3
612 6
791 2
642 5
130 5
333 3
1 3
746 3
273 4
425 1
314 3
735 2
126 3
597 2
141 5
65 2
352 4
360 1
553 1
714 2
618 3
785 1
112 2
792 1
541 5
344 3
97 3
467 5
256 2
711 1
407 2
490 2
376 3
472 5
636 2
557 4
577 3
620 2
728 2
734 2
566 2
420 3
3 3
183 3
226 1
27 3
367 4
55 4
594 1
222 4
209 2
535 2
252 3
668 4
582 2
726 5
47 3
134 2
512 2
507 2
607 5
423 3
659 2
624 3
655 1
188 4
673 1
707 2
175 3
443 2
81 3
37 1
522 2
137 2
435 5
696 2
103 1
740 2
722 3
761 4
528 2
231 3
763 2
537 2
706 3
473 3
319 1
255 1
743 1
617 2
100 3
737 5
750 3
168 2
195 5
499 2
715 5
510 2
404 3
280 2
649 2
567 4
723 4
515 2
127 4
294 6
771 1
98 1
565 2
186 2
347 4
543 1
790 4
323 2
495 2
415 1
681 4
634 3
351 4
475 1
459 2
21 3
527 3
578 5
657 4
274 2
683 2
248 2
563 3
587 4
109 4
574 3
463 2
654 2
276 2
533 4
545 1
488 3
633 1
246 3
257 2
332 3
431 7
485 5
102 3
745 4
266 4
664 2
637 1
782 1
169 3
343 2
534 1
504 4
180 3
742 1
380 2
116 2
300 2
31 2
570 5
140 3
524 1
419 4
461 1
142 5
682 1
165 1
378 1
337 4
421 2
676 1
28 3
650 2
200 2
471 1
225 2
442 1
687 2
49 2
518 1
7 2
12 6
449 3
631 2
236 3
398 3
663 6
564 5
483 2
760 2
739 5
794 2
125 2
52 7
695 5
708 3
455 4
143 3
181 1
147 1
478 5
387 2
744 5
282 3
51 3
789 3
514 4
46 4
217 2
269 2
758 2
350 1
262 2
705 6
487 3
71 2
192 3
96 2
640 3
446 2
381 2
275 4
91 1
583 3
129 3
749 3
54 3
648 6
719 5
561 6
260 2
670 3
619 6
11 1
773 5
313 1
662 1
60 4
145 3
77 3
208 2
86 3
218 4
290 4
656 4
542 3
334 2
118 5
123 2
79 4
259 3
599 2
304 2
536 4
669 4
159 2
342 1
227 3
503 3
778 1
329 2
83 3
550 3
16 1
458 3
621 1
674 4
772 2
498 5
531 2
551 2
196 4
779 1
562 3
20 2
375 5
609 3
368 2
552 4
738 3
221 4
119 4
184 3
234 2
296 2
64 2
390 1
395 3
228 2
388 3
13 3
615 1
410 2
197 1
193 2
523 1
464 4
658 5
271 2
733 1
240 4
295 4
581 3
517 1
353 2
40 3
357 2
78 2
327 1
74 3
235 3
622 2
795 2
494 1
131 3
250 2
111 3
279 2
379 2
44 2
457 3
331 3
211 1
709 2
598 2
699 3
241 2
173 2
206 3
139 2
267 2
284 2
128 2
213 2
393 3
33 1
19 3
605 2
107 3
383 3
725 2
396 2
124 3
272 1
355 2
233 2
187 1
426 4
154 1
212 1
136 1
292 1
156 3
559 1
174 2
579 2
179 2
69 1
201 1
317 1
509 1
406 2
216 1
788 3
122 2
703 1
576 1
392 1
321 1
394 1
306 2
765 1
45 3
491 2
675 2
614 3
310 2
247 3
469 1
338 4
75 3
88 2
80 1
486 3
623 1
41 3
59 1
253 3
66 3
418 1
133 2
391 1
520 1
452 2
32 1
138 1
153 1
328 2
242 2
717 2
339 1
595 1
787 2
501 1
629 2
608 1
92 1
625 2
628 1
358 2
283 1
506 2
700 3
417 1
157 2
278 2
712 1
532 1
245 2
384 1
445 2
162 3
85 1
101 3
110 2
311 1
462 1
50 1
505 3
167 1
215 2
416 2
405 1
776 1
590 1
766 1
23 1
755 1
672 1
783 1
132 1
18 3
569 1
219 1
546 3
701 1
67 3
477 1
325 1
82 1
330 1
555 1
796 1
403 1
465 1
371 1
775 1
571 1
285 1
8 1
10 1
84 1
6 1
660 1
155 1
784 1
player: 8 Individualist
728 5
140 4
646 3
221 3
466 3
13 5
354 2
11 2
180 2
319 2
274 3
33 4
288 2
490 2
238 4
561 4
28 4
124 2
574 2
226 2
597 5
423 5
563 9
680 2
451 4
428 6
507 4
25 6
655 3
552 4
358 3
291 3
738 4
764 3
61 5
638 3
484 2
292 2
235 3
689 5
766 4
508 4
67 4
742 2
518 2
138 3
558 3
734 5
670 2
27 3
456 2
363 3
509 4
355 4
623 2
128 1
453 4
798 3
482 3
244 3
225 1
312 2
600 4
162 6
614 4
450 3
419 1
215 4
642 3
233 1
426 3
752 6
362 1
143 5
78 4
158 3
250 4
465 4
248 5
786 1
268 3
685 5
189 3
373 4
506 5
100 4
743 2
684 4
320 3
117 6
127 3
159 5
536 3
454 1
219 3
487 1
350 3
467 3
5 3
723 2
305 1
344 2
690 3
256 2
516 2
112 1
641 1
387 3
282 4
163 1
277 7
635 3
364 2
625 3
24 3
301 3
271 4
72 3
416 4
606 2
795 7
304 2
444 5
468 6
360 3
52 4
92 3
457 4
394 3
228 5
361 2
14 3
553 3
213 4
182 3
461 3
735 2
767 2
716 3
83 3
678 3
499 2
321 4
755 4
448 5
652 7
777 4
612 4
260 5
340 5
486 2
75 5
540 5
116 4
139 4
223 3
632 3
783 2
591 4
705 6
580 2
297 4
424 5
513 3
359 4
119 1
310 4
173 2
196 3
89 2
401 6
648 1
455 4
763 1
56 4
494 2
54 3
22 6
619 2
602 4
136 2
389 3
186 1
58 2
146 4
545 3
376 4
531 3
17 2
483 4
657 1
205 1
212 5
70 3
609 2
369 4
192 2
134 2
257 3
414 4
31 4
142 1
753 4
42 4
120 6
521 1
40 3
438 5
68 3
754 3
724 2
696 3
126 5
701 3
214 2
64 2
371 4
549 3
296 3
577 5
322 4
471 3
39 8
254 2
669 3
774 4
582 2
290 1
732 3
719 3
156 7
410 3
441 3
4 3
686 2
157 2
463 4
740 3
1 1
436 3
267 3
692 4
775 4
709 4
749 4
178 2
185 1
765 3
48 2
396 2
447 5
381 4
639 4
622 1
161 3
665 2
101 5
496 1
10 2
573 5
388 3
515 3
150 2
726 4
193 4
245 4
778 3
624 6
492 1
544 1
618 5
218 3
164 4
485 6
647 2
762 4
85 4
493 5
476 4
522 2
263 3
306 3
589 3
378 3
443 3
603 1
533 3
790 3
94 3
792 3
390 2
349 4
66 5
793 1
43 2
512 3
796 6
318 4
784 2
541 2
51 4
718 1
430 4
60 7
517 3
307 2
514 2
637 7
110 5
63 4
20 5
90 4
593 4
538 2
232 4
770 3
36 2
773 4
241 1
12 4
153 2
172 1
617 1
745 2
729 1
115 3
730 7
300 4
470 2
55 1
588 4
524 2
77 2
741 4
15 1
242 1
452 3
596 2
132 6
278 5
386 1
532 2
177 4
125 6
262 4
727 1
504 3
409 2
523 2
629 6
69 2
720 4
272 3
280 1
595 4
47 1
152 6
672 3
759 2
203 2
673 2
249 3
594 3
216 5
135 2
644 3
382 5
608 1
377 2
559 3
357 2
165 5
682 1
788 1
347 5
240 6
122 6
34 2
284 3
286 3
190 4
546 2
554 4
537 1
236 2
295 2
587 1
76 1
590 3
566 1
32 3
495 2
208 2
649 4
505 1
62 3
84 3
255 4
367 6
209 5
175 4
525 1
529 5
405 3
370 3
626 4
567 4
768 2
739 5
473 1
781 2
660 4
50 1
334 2
779 1
105 3
155 2
698 4
411 3
385 2
49 3
53 5
252 4
294 3
336 2
148 2
584 2
95 2
237 3
293 1
106 3
677 3
697 3
315 4
166 1
103 2
97 1
799 1
18 2
346 6
547 1
181 5
35 1
171 1
667 3
351 4
653 3
733 4
654 1
239 3
479 5
478 3
699 4
445 2
679 2
526 7
16 3
659 4
231 2
372 2
210 1
37 2
74 4
539 2
744 1
207 3
543 3
199 2
326 2
605 4
194 1
211 2
308 2
706 3
691 4
313 4
406 2
46 6
407 3
247 1
535 2
789 2
630 3
418 1
96 2
91 3
586 1
769 1
333 3
368 2
191 3
44 3
571 1
283 2
581 2
337 4
613 3
93 2
174 2
446 1
404 1
633 2
498 2
449 1
184 2
714 4
111 2
675 3
688 1
702 2
782 3
491 1
601 3
45 3
662 2
335 2
707 1
578 1
780 4
246 1
398 2
86 2
475 2
464 3
123 2
711 5
656 6
2 5
338 5
794 4
433 2
227 2
327 4
579 1
527 3
663 1
365 1
229 1
661 1
736 3
683 2
758 4
703 3
330 1
200 1
621 3
477 3
510 2
530 3
640 2
176 1
598 1
787 5
422 2
137 1
503 5
187 2
88 1
29 2
460 2
519 2
439 3
746 3
687 4
440 1
341 3
497 5
259 3
168 5
154 1
610 1
167 1
751 2
309 4
556 3
548 2
459 1
264 2
568 2
102 2
651 2
82 2
583 1
323 1
399 2
576 3
107 2
557 3
599 2
265 1
645 3
708 1
38 1
114 3
560 1
57 1
328 2
206 2
204 3
408 2
311 3
345 1
604 2
332 2
431 1
202 3
118 3
131 2
575 2
342 3
30 1
712 1
628 1
251 2
222 1
700 1
195 4
316 2
348 2
183 2
564 2
534 1
393 3
98 1
462 1
551 3
480 2
169 2
108 2
502 1
429 3
258 3
279 2
415 2
23 2
384 2
681 3
420 2
6 2
474 2
379 1
79 2
145 1
41 2
432 3
542 1
634 2
324 3
442 1
472 1
391 5
7 2
130 2
693 1
722 1
317 1
731 2
65 1
747 1
141 1
266 2
569 2
3 1
607 2
375 1
151 2
636 2
329 5
352 3
572 4
170 1
113 2
129 1
353 1
756 2
99 1
289 2
412 1
725 1
772 1
285 3
481 1
201 2
666 2
785 1
674 1
721 4
565 1
791 1
109 2
243 2
81 1
273 1
417 2
26 3
710 2
757 1
528 2
19 1
695 2
188 2
458 1
489 1
395 1
511 2
421 1
339 1
797 1
585 1
437 1
664 1
676 2
270 1
303 1
413 2
402 1
234 1
397 1
261 1
403 1
520 1
694 1
325 2
550 1
425 1
374 2
611 1
615 1
179 1
331 1
427 1
383 1
748 1
658 2
771 1
player: 3 Individualist
569 4
155 1
266 5
331 2
627 3
273 4
359 7
374 2
566 1
110 1
702 2
443 3
690 4
99 2
526 8
484 4
412 4
97 2
342 3
790 3
292 3
95 5
447 4
364 2
525 1
486 2
584 4
214 3
616 6
201 5
369 3
686 3
478 2
463 3
467 3
206 2
681 3
177 3
693 4
66 5
640 7
290 6
683 4
659 5
173 5
758 2
367 2
672 1
487 4
575 4
639 2
335 5
536 5
336 8
295 3
707 2
793 7
402 3
376 7
721 3
22 5
795 2
482 5
71 6
709 1
133 5
19 5
692 6
521 2
413 3
533 3
614 4
481 2
651 4
300 5
458 6
557 5
257 7
222 5
205 1
279 3
5 3
90 1
472 1
212 2
365 3
7 3
82 2
260 5
796 3
161 5
284 3
676 4
736 5
519 3
706 8
631 4
698 5
353 5
691 1
766 2
419 2
355 5
42 2
783 2
375 3
321 4
662 4
753 3
215 2
140 4
564 2
596 3
171 6
408 2
245 4
200 2
319 2
578 2
12 1
52 2
299 3
538 3
732 3
377 2
316 4
231 1
550 3
6 4
724 4
597 3
613 2
645 7
128 3
242 5
86 2
438 4
311 6
88 4
176 3
556 5
430 2
576 2
159 3
340 4
254 2
404 6
293 2
280 3
92 5
449 3
73 4
191 3
777 4
537 2
268 5
98 5
26 1
587 4
106 4
157 6
735 2
661 4
580 4
50 4
648 3
328 1
40 2
705 7
312 2
621 2
68 4
103 3
787 1
744 3
345 4
238 2
379 4
740 1
276 2
450 2
192 4
211 5
310 4
713 3
641 3
38 2
647 1
120 2
265 4
213 4
33 2
41 6
63 1
514 2
590 2
401 3
505 4
669 3
330 2
297 6
81 3
37 2
398 1
139 6
46 4
667 4
21 4
189 3
143 4
622 2
763 2
341 1
592 7
739 3
275 1
216 4
494 3
285 4
274 3
241 2
168 3
601 5
264 2
798 2
108 2
544 3
432 4
768 3
480 3
535 7
202 8
529 2
348 4
410 2
568 4
119 2
163 3
727 2
118 2
3 2
547 3
77 4
83 1
546 3
75 3
733 1
473 5
65 5
385 1
755 4
466 2
617 2
53 2
437 3
13 2
350 5
354 3
490 2
195 3
562 3
230 2
325 1
54 2
782 1
421 2
406 5
632 3
658 3
457 1
270 6
204 1
309 2
387 4
226 3
10 3
723 1
743 5
428 5
356 3
545 2
146 2
442 2
94 2
383 3
24 5
407 5
769 6
190 3
357 2
227 1
577 6
84 4
89 6
388 4
746 6
737 3
665 1
416 2
605 1
306 3
530 3
333 4
716 4
130 2
625 3
225 2
294 4
451 5
668 2
269 4
76 5
394 8
221 5
150 2
296 7
51 4
654 2
67 3
409 7
459 3
495 1
747 1
579 2
751 5
431 1
258 4
657 1
247 6
636 2
378 2
741 4
470 2
664 3
606 4
326 7
630 1
56 7
389 4
534 2
302 3
338 3
28 7
154 4
522 4
671 3
180 2
779 4
49 2
396 2
332 2
701 4
250 1
74 2
502 4
232 4
764 4
670 6
149 1
317 2
403 6
501 4
541 3
281 3
423 1
61 2
72 1
182 5
183 3
734 7
380 3
483 2
11 2
604 3
586 2
111 2
610 5
718 3
491 2
70 1
765 2
322 2
488 3
542 1
436 3
78 3
471 2
27 1
248 3
567 2
446 3
256 2
429 3
540 4
243 3
728 6
699 2
460 5
433 3
742 7
687 2
252 5
271 4
558 1
682 6
127 2
722 2
454 1
370 3
48 3
308 3
674 2
756 6
792 3
337 3
456 2
116 1
134 3
329 3
582 1
794 2
492 2
152 5
455 5
351 2
208 3
427 3
684 2
771 3
343 3
145 3
615 3
599 2
323 2
223 3
510 2
318 1
117 4
174 1
344 1
507 1
259 1
131 2
85 2
563 3
555 1
504 2
181 4
136 2
509 4
715 4
198 3
187 2
680 2
287 1
598 1
411 3
527 2
688 3
298 2
263 6
395 3
286 2
603 2
475 3
719 3
58 2
786 1
750 1
523 2
633 2
199 3
618 4
366 1
397 3
695 4
373 3
261 5
9 1
272 2
572 2
137 3
655 2
700 3
634 2
789 3
543 2
465 2
304 6
237 3
207 2
689 1
197 4
711 3
172 1
620 3
123 7
414 3
2 1
762 4
717 1
124 1
153 3
772 2
80 4
508 3
60 1
101 4
31 2
518 3
712 2
158 3
25 7
434 4
203 2
511 4
228 1
788 4
23 4
121 4
148 2
506 2
498 2
776 2
107 2
619 4
400 1
593 3
220 2
660 1
291 2
361 3
234 1
14 2
160 2
710 5
517 2
515 1
748 1
477 2
461 2
726 1
703 1
638 3
656 2
468 2
608 3
196 2
551 1
799 1
539 2
8 2
628 1
778 5
305 2
102 2
673 2
219 2
164 3
249 2
444 2
493 2
193 2
218 1
439 3
797 3
386 4
209 3
122 2
334 2
418 3
162 2
399 2
513 2
462 2
358 2
405 1
663 5
754 4
142 1
448 2
267 1
352 3
476 2
4 2
417 2
503 4
62 2
132 1
320 1
347 5
43 1
422 2
425 2
589 1
236 2
186 2
440 3
1 2
426 2
653 1
704 3
44 3
391 2
738 1
169 1
138 1
313 1
79 4
720 1
175 2
87 2
289 2
151 2
339 1
64 1
435 3
497 1
324 4
767 2
327 1
29 1
104 1
346 2
315 1
32 2
170 1
15 3
113 4
255 4
115 1
752 3
607 2
244 2
642 1
188 1
652 1
588 1
685 1
441 1
390 1
678 1
217 2
643 1
649 1
349 3
791 2
282 2
126 2
372 1
239 1
757 1
303 2
520 1
730 3
499 1
301 1
55 3
696 1
496 1
677 1
185 2
549 3
552 2
512 1
210 2
571 2
314 3
489 1
729 2
194 1
36 2
382 1
609 1
224 1
179 1
277 1
129 1
235 1
114 2
714 1
637 1
424 1
623 1
307 1
178 2
91 1
565 2
561 1
35 1
253 2
246 1
485 2
288 1
532 1
112 1
602 1
559 1
570 1
100 1
573 1
363 1
697 1
251 1
229 1
694 1
283 1
679 1
165 1
125 1
516 2
109 1
57 1
30 1
774 1
240 1
147 1
453 1
392 1
775 1
600 1
554 1
415 1
144 1
141 1
770 2
708 1
384 1
759 1
player: 1 Individualist
306 3
375 1
390 3
377 4
374 5
690 5
199 7
208 3
430 3
461 3
686 5
7 3
63 3
615 5
169 6
165 3
477 4
107 3
61 2
153 4
510 1
247 2
702 5
440 5
552 7
714 2
139 5
345 4
325 1
588 3
640 3
576 3
161 3
708 3
179 4
121 3
28 1
128 3
273 4
415 3
720 4
328 4
522 4
43 3
592 4
197 4
79 1
732 1
12 5
335 2
514 3
680 3
219 2
45 5
350 3
115 3
80 2
229 9
352 2
503 4
523 5
116 2
136 1
595 4
194 4
496 3
489 2
451 3
609 2
276 2
780 3
418 5
256 3
610 2
220 3
762 1
407 4
84 2
579 3
381 4
372 3
652 2
168 2
606 4
369 5
715 3
111 2
419 2
664 2
93 2
184 5
337 3
463 3
253 7
402 3
755 2
400 2
533 3
170 4
307 4
539 3
167 3
429 3
687 5
537 2
501 2
577 4
299 6
300 3
443 1
46 2
311 3
272 3
564 6
767 5
141 4
277 2
114 6
468 4
500 5
476 2
2 3
655 1
420 6
145 4
637 3
737 2
774 2
691 2
305 7
770 1
318 1
23 3
25 5
248 6
33 1
643 1
785 5
723 1
282 4
467 2
457 4
633 2
580 3
651 2
658 2
792 1
668 5
529 4
512 3
68 1
471 4
573 2
679 2
38 5
138 3
19 2
285 1
344 6
509 2
242 4
488 4
341 3
441 4
662 1
752 6
694 3
433 4
250 3
72 3
42 5
394 3
765 2
59 2
439 3
391 5
133 1
218 3
594 5
414 3
648 5
21 6
532 2
260 5
611 3
150 2
17 3
354 4
781 4
480 7
575 3
517 5
363 5
692 1
685 2
26 4
466 4
295 2
392 2
109 3
214 2
776 1
287 1
561 5
147 4
635 3
775 1
695 6
281 5
485 1
553 1
222 3
508 3
538 5
3 4
58 4
644 5
171 4
52 4
8 1
534 4
143 2
431 7
15 3
795 2
201 5
700 5
99 4
754 2
764 2
132 4
64 1
760 1
309 3
259 3
505 2
236 3
657 4
151 2
264 4
286 3
682 1
515 5
636 4
198 4
589 3
513 3
94 5
95 1
504 5
583 2
743 5
624 2
315 9
696 1
383 5
110 1
784 2
478 2
677 4
13 2
449 2
630 2
207 5
448 3
704 1
378 8
616 4
665 2
586 1
297 3
559 4
41 1
44 3
470 2
319 3
118 1
566 3
521 4
92 2
100 5
54 5
536 3
556 3
601 3
688 2
462 2
747 2
73 2
292 4
140 5
629 2
638 1
22 4
241 4
670 3
255 2
27 3
596 4
379 1
766 3
202 2
280 3
47 5
142 3
706 5
87 4
322 2
134 2
626 2
176 4
364 2
518 2
24 2
4 5
493 3
324 6
550 6
771 3
209 2
308 1
660 1
558 7
546 2
347 3
639 3
736 2
231 6
200 5
262 2
425 1
608 6
224 4
410 1
739 5
217 7
502 2
124 2
119 4
689 3
397 4
465 6
83 2
424 1
516 3
70 1
525 2
174 1
674 3
249 3
382 2
565 3
389 4
90 1
144 1
713 3
304 2
627 3
620 1
210 4
413 1
30 2
338 1
797 4
32 3
16 2
788 1
614 3
149 3
768 3
60 2
113 2
230 2
486 3
582 2
528 5
334 3
130 4
187 4
270 4
405 1
349 2
605 6
798 1
314 2
399 3
527 4
50 2
244 1
757 3
678 5
779 2
112 3
10 1
178 4
524 1
238 5
57 2
216 1
71 4
384 3
729 4
196 4
206 2
740 5
228 3
426 2
131 2
351 1
158 2
34 2
85 5
5 3
487 5
735 5
483 4
584 4
226 1
455 6
78 4
758 2
653 2
452 1
190 3
122 4
506 2
353 3
711 5
549 1
591 1
481 3
581 2
667 2
544 2
773 3
442 3
186 1
266 3
555 4
745 1
18 4
403 2
370 5
791 1
365 3
294 5
398 1
77 5
436 1
411 3
243 3
661 3
215 2
258 2
563 2
769 4
356 2
408 2
263 2
600 1
348 3
66 1
479 3
159 6
303 2
212 2
568 2
530 2
254 4
722 4
526 5
597 4
313 1
291 2
355 3
406 3
357 3
787 2
251 2
393 1
91 3
464 4
646 3
160 1
257 3
590 5
604 4
734 4
446 5
631 2
459 2
790 1
368 1
298 4
129 4
717 2
654 3
29 2
793 3
649 2
742 2
385 4
245 4
181 2
499 7
203 1
386 2
275 1
507 3
75 1
634 4
329 3
750 2
193 1
469 2
619 3
676 4
223 3
623 3
233 1
86 2
1 1
164 2
786 1
225 2
435 1
625 2
48 3
599 1
6 2
221 2
778 1
535 4
333 3
88 2
716 2
645 1
450 3
120 2
65 3
744 2
562 4
283 2
598 3
269 3
89 1
490 3
693 2
117 1
395 3
641 1
548 4
183 2
642 4
267 2
279 2
628 3
316 5
246 2
67 2
761 2
673 4
621 4
738 3
567 4
323 1
437 4
106 3
782 1
484 2
409 2
387 2
671 2
274 1
284 2
388 2
460 1
796 2
416 2
458 2
123 1
602 2
683 4
172 1
498 5
666 2
656 1
40 3
235 2
97 3
265 2
727 2
317 4
396 1
703 4
373 1
227 2
531 1
189 2
211 4
62 2
401 2
554 4
542 1
751 4
585 5
445 3
154 2
137 4
20 1
569 2
733 2
326 1
453 1
371 2
412 1
422 2
155 1
327 1
612 2
709 3
650 1
49 2
423 1
127 2
547 2
404 4
108 3
417 2
438 1
188 1
719 1
146 3
497 3
180 3
362 2
474 1
361 2
428 3
593 1
376 2
288 3
472 1
289 1
574 2
571 2
728 1
763 3
205 1
342 1
239 2
135 2
237 1
156 1
491 2
37 1
454 2
148 1
701 1
55 1
53 1
540 1
358 3
126 1
330 2
681 2
669 2
632 1
157 1
293 1
699 2
340 2
56 2
366 1
360 3
182 1
98 2
367 2
617 3
707 3
36 1
492 3
748 1
519 2
321 3
578 1
332 2
101 2
511 2
301 1
252 3
434 1
271 1
560 1
290 1
753 1
432 1
302 2
659 1
185 1
81 1
718 1
647 1
551 2
725 1
475 2
427 1
473 2
173 1
749 1
192 2
51 1
35 1
177 3
697 1
191 3
721 1
380 1
175 1
622 1
82 2
336 1
310 1
494 1
69 2
195 1
163 2
557 1
103 1
339 1
712 1
613 1
570 1
495 1
player: 4 Individualist
350 2
87 2
277 3
501 4
50 4
38 2
82 7
211 4
580 6
412 4
230 6
518 4
642 5
672 3
663 2
231 2
86 5
519 6
627 4
517 4
126 1
671 4
608 2
152 3
427 3
225 4
662 3
435 3
203 4
406 3
540 3
592 5
616 8
220 2
712 3
571 5
740 4
683 5
58 4
479 4
205 2
549 1
698 2
216 2
490 2
297 6
416 3
421 4
336 6
26 3
156 6
256 4
531 2
404 4
613 2
514 3
738 3
620 5
79 4
665 1
347 2
720 4
69 5
458 4
142 3
184 4
382 4
36 2
390 6
708 4
647 3
637 3
143 2
178 8
645 4
615 1
201 3
603 6
723 1
129 1
537 6
316 4
447 3
191 2
192 3
581 3
593 1
536 2
329 2
716 2
33 2
224 1
681 3
27 4
102 2
113 2
468 5
366 3
56 3
48 3
609 2
767 4
713 1
358 2
121 2
226 3
179 2
685 3
322 3
155 3
287 6
579 3
274 4
515 1
707 4
106 2
653 2
543 2
232 5
770 1
686 3
734 5
760 5
649 2
658 4
262 3
264 2
491 2
799 2
554 4
271 4
367 2
84 2
266 2
717 4
114 2
81 5
70 3
559 2
407 3
525 5
652 5
795 10
273 1
661 5
92 4
684 2
103 1
602 1
91 5
288 2
577 3
399 5
701 2
188 4
3 3
754 4
521 5
334 3
442 2
564 4
96 4
622 5
104 1
35 5
207 3
555 2
393 2
782 4
30 1
398 3
228 2
333 1
375 2
269 4
621 2
23 6
628 2
141 4
239 3
180 5
328 4
504 2
582 3
394 2
679 2
568 5
340 4
21 4
748 1
786 3
376 1
346 4
426 3
724 1
47 3
331 2
703 2
588 1
631 5
176 4
293 2
263 1
498 4
511 3
236 2
654 3
125 4
359 3
614 4
107 4
140 2
470 3
585 5
65 3
199 6
461 4
586 5
131 3
149 2
327 2
242 1
171 2
453 3
145 2
781 5
370 3
474 2
53 5
286 5
597 3
151 5
25 3
7 2
648 4
42 3
456 4
202 1
775 3
248 4
244 2
572 1
624 3
440 6
773 2
34 1
386 4
641 3
520 2
148 3
258 2
451 2
762 3
88 5
173 1
93 2
548 7
43 4
170 3
643 3
690 4
719 3
278 1
111 7
241 4
72 4
5 2
522 1
365 3
272 4
732 5
317 4
221 2
526 4
547 4
650 3
309 2
545 3
678 5
629 3
455 5
306 4
338 4
486 4
766 7
312 4
303 5
99 2
574 1
355 4
584 3
389 2
736 7
445 3
109 2
257 2
240 1
97 7
381 4
789 1
436 2
153 4
8 4
71 7
368 3
289 4
757 2
438 5
32 2
137 2
128 2
792 7
357 1
31 3
487 6
527 3
625 4
457 2
673 1
595 4
11 2
657 2
449 5
210 2
130 4
369 5
644 3
718 5
324 4
425 6
417 4
689 2
612 5
279 3
17 4
238 2
429 3
12 5
385 2
379 4
706 1
502 2
565 2
285 6
751 2
700 2
591 5
157 4
371 4
790 2
509 2
44 5
409 1
557 2
54 2
778 4
217 3
743 2
632 4
356 6
253 2
384 4
14 4
483 4
61 3
639 5
318 2
243 4
437 2
212 4
229 3
777 3
294 3
342 2
680 3
500 2
298 2
747 3
495 3
524 5
100 1
116 1
494 5
655 1
108 3
255 2
793 3
168 4
464 2
741 5
731 2
667 2
326 2
411 4
215 4
133 3
493 4
646 4
135 2
659 3
630 2
227 2
776 2
138 1
794 1
688 4
169 2
702 3
496 2
758 5
668 4
392 2
189 5
697 1
512 4
466 1
195 4
185 3
22 2
769 2
98 3
788 6
610 1
551 2
725 1
311 4
567 2
352 3
166 2
761 2
640 1
546 6
682 3
190 3
636 2
214 4
101 3
197 1
472 4
321 3
601 2
254 3
396 2
310 7
247 2
575 1
587 2
423 3
380 3
742 3
196 1
583 2
85 3
402 1
462 2
560 2
604 1
147 2
209 2
687 1
538 2
28 4
677 2
419 2
542 2
233 3
304 1
57 3
249 1
360 3
270 2
482 7
39 3
715 3
325 3
444 3
94 2
283 4
528 2
513 2
2 2
471 3
446 1
488 3
467 1
710 2
755 3
439 1
510 4
267 2
433 2
284 7
259 1
348 3
779 2
95 4
430 4
251 2
186 1
566 4
364 3
670 2
265 2
476 2
530 2
159 2
410 2
383 1
187 1
403 1
774 2
441 2
308 3
763 2
59 4
756 4
765 2
78 3
569 4
570 1
463 2
280 2
721 3
172 2
175 2
599 1
132 1
15 1
753 3
395 3
539 2
330 1
675 2
183 3
534 5
768 3
634 2
727 3
739 3
282 5
638 3
252 2
746 1
75 2
77 2
174 2
605 2
590 1
553 1
674 3
68 2
391 2
218 1
305 1
664 2
561 4
63 3
281 3
535 1
729 3
618 4
351 2
167 4
313 1
314 1
611 1
485 4
454 1
124 2
55 1
344 2
722 2
120 1
752 3
387 2
651 4
74 4
105 2
237 1
556 2
448 2
290 1
378 3
507 1
481 2
600 4
41 3
695 1
67 2
296 1
260 2
323 2
112 2
275 1
772 3
607 1
505 2
60 2
450 4
136 2
497 2
475 2
315 3
533 1
64 2
573 1
10 2
508 1
198 4
428 2
276 5
332 2
676 1
307 3
730 1
563 4
134 1
480 4
552 1
737 4
250 2
415 1
617 2
469 1
52 1
122 2
123 6
163 2
291 1
89 2
633 1
13 1
660 4
49 1
787 1
413 3
162 3
213 1
341 1
234 1
711 1
361 3
562 1
422 1
299 1
4 1
345 2
452 3
377 3
529 3
692 1
400 2
127 1
745 2
666 2
181 4
750 3
245 2
343 1
372 2
484 1
796 2
66 1
473 1
354 4
432 2
759 3
115 1
477 2
222 2
558 2
635 3
118 1
246 2
726 1
714 1
728 1
83 1
219 1
735 1
780 1
200 1
699 1
117 2
478 2
401 2
80 2
144 1
459 1
158 1
90 2
499 1
492 2
596 1
164 1
506 2
691 1
503 1
733 1
388 1
37 1
349 1
541 1
302 1
578 1
414 1
335 1
292 1
29 1
408 1
709 1
374 1
623 1
46 2
76 3
182 1
626 1
9 1
705 1
261 1
784 1
204 1
771 1
619 1
208 1
749 1
764 1
146 1
45 2
150 1
373 1
139 3
320 1
443 1
418 1
397 1
player: 17 Individualist
241 4
737 2
531 2
614 5
96 8
581 3
528 1
559 3
680 3
427 3
489 3
314 6
441 1
625 3
29 4
365 1
588 4
694 4
159 1
667 6
653 1
86 4
149 6
245 3
785 3
423 1
94 3
413 2
299 4
332 2
449 1
203 2
499 4
128 3
782 2
760 3
207 6
638 2
64 6
46 3
363 3
191 3
615 3
376 1
175 6
197 5
143 2
15 7
522 4
510 4
482 1
557 2
565 1
233 3
707 4
133 2
43 2
687 3
89 2
183 8
158 2
514 5
442 2
375 2
32 1
764 4
180 4
443 2
103 2
377 1
519 6
117 4
354 3
756 4
152 3
358 4
632 4
468 2
750 4
591 4
426 4
11 2
566 4
548 2
779 5
171 4
163 1
164 4
706 5
676 7
719 2
660 5
666 3
213 3
643 1
112 3
561 3
374 4
279 3
542 4
181 3
535 3
264 2
108 2
10 2
481 4
244 3
147 4
106 3
476 3
798 5
393 1
554 5
88 3
446 1
440 2
641 2
675 4
237 3
596 4
336 3
337 7
453 5
190 2
584 7
664 1
13 2
695 2
272 4
316 4
17 6
135 2
324 2
538 1
169 5
83 4
22 4
368 3
49 3
4 5
658 4
611 2
85 2
62 3
131 1
320 5
558 5
529 2
104 5
236 3
697 1
690 4
370 5
295 2
751 2
518 2
486 2
2 3
33 2
292 5
617 2
436 5
243 4
483 2
260 2
182 5
787 4
208 5
758 3
248 4
598 6
84 4
654 5
391 3
234 5
392 1
79 5
662 4
415 4
521 3
766 2
552 1
125 3
777 3
627 1
217 2
708 4
397 2
768 2
769 1
24 3
497 5
120 1
500 8
1 2
202 2
357 2
503 3
674 3
102 2
349 1
44 3
509 2
66 4
81 1
492 3
635 4
648 2
448 2
45 6
678 4
685 2
451 1
154 5
138 3
126 1
309 4
275 3
409 4
703 2
567 7
352 5
312 1
319 1
435 2
677 2
300 3
516 2
734 4
109 5
303 4
610 6
362 2
382 2
774 4
463 5
717 4
317 4
187 4
366 4
438 1
459 4
609 3
340 2
140 3
563 2
38 4
110 3
101 4
399 3
142 2
754 3
583 2
729 3
425 4
239 4
602 2
429 4
504 2
156 3
592 3
204 4
211 2
165 5
577 2
364 4
268 4
576 3
91 3
608 4
170 3
560 2
232 4
257 3
115 3
753 2
619 1
287 2
347 2
736 3
404 2
405 1
604 6
118 2
491 3
665 5
783 3
773 5
254 2
704 3
69 1
586 6
574 2
594 4
220 4
361 3
571 5
487 2
718 1
517 4
474 3
271 4
318 4
294 6
178 4
78 4
258 4
747 4
92 4
447 3
278 4
205 2
333 3
488 4
406 5
321 3
266 3
173 3
732 1
698 2
775 3
670 4
98 3
661 3
770 2
90 4
77 3
63 2
524 2
289 2
263 6
582 1
428 2
184 2
284 3
301 4
186 5
525 4
795 5
742 1
595 3
485 2
699 3
473 5
139 2
788 3
308 2
624 1
645 5
668 4
290 3
93 1
201 7
437 2
792 2
153 4
325 3
507 3
715 2
419 2
242 7
215 5
30 1
105 4
253 3
273 3
620 3
306 3
621 4
252 3
416 4
647 3
53 2
579 1
355 1
196 3
16 2
222 2
600 5
195 1
721 4
353 1
331 1
216 1
235 1
633 3
360 1
520 4
41 3
688 3
23 2
430 3
12 3
683 4
342 2
495 1
372 4
267 4
200 1
414 2
537 4
48 3
710 5
50 1
218 4
339 3
73 4
748 2
111 5
224 2
335 3
326 2
564 5
346 1
291 3
757 3
711 5
432 2
696 2
544 4
7 6
199 3
249 2
450 1
327 2
369 2
188 2
283 4
749 3
532 4
388 3
385 2
484 2
74 1
575 2
794 1
626 1
80 2
193 2
505 4
251 1
671 4
68 3
553 2
498 5
341 1
52 4
151 1
457 4
589 3
445 5
401 6
246 1
434 1
40 3
18 2
424 1
136 3
189 3
762 6
479 3
616 4
209 1
130 4
515 2
644 4
230 5
740 1
57 3
277 2
739 3
400 2
150 2
55 2
261 4
460 4
311 2
637 1
20 2
100 4
395 1
122 1
789 1
745 4
705 3
759 4
786 2
562 3
767 6
322 1
410 3
455 3
636 3
490 2
206 1
113 2
286 2
790 3
119 3
681 3
259 4
304 3
659 2
231 1
146 1
454 3
547 5
75 3
407 3
36 5
444 3
418 2
494 4
315 1
250 3
123 2
796 3
657 1
61 3
121 1
724 2
623 4
60 1
256 3
613 3
56 4
530 2
21 1
682 1
238 2
310 3
356 1
97 2
293 6
523 4
227 2
280 3
379 2
307 2
599 2
323 4
240 4
630 4
672 6
396 1
334 1
298 1
496 1
329 2
408 4
107 1
472 2
214 2
127 2
631 2
462 3
467 1
601 2
54 1
39 3
656 2
612 1
727 3
144 2
223 2
776 2
686 1
70 2
265 1
82 3
527 1
192 4
791 1
551 1
793 4
534 2
622 2
735 3
689 1
761 1
765 2
471 4
348 3
590 1
141 1
475 4
716 2
741 2
305 2
722 1
381 2
526 1
373 1
9 2
781 3
714 2
511 3
345 4
65 1
328 2
71 1
572 2
477 3
367 1
738 2
210 1
270 2
533 3
700 1
221 1
640 3
412 2
338 2
550 4
157 5
390 3
378 1
555 3
456 2
417 1
628 2
167 1
285 2
570 2
439 1
350 1
606 4
255 1
702 1
281 3
797 1
743 2
723 1
784 1
513 1
669 1
172 4
313 1
720 2
778 3
116 3
772 1
701 2
629 1
394 2
549 3
692 1
649 1
302 1
137 4
733 3
58 1
763 1
634 1
148 1
95 2
603 2
296 2
87 1
607 4
650 2
726 1
546 3
545 1
402 2
536 2
502 2
568 2
465 3
433 1
161 2
755 3
398 1
384 3
288 1
37 1
262 2
297 2
746 1
67 1
799 1
421 1
480 1
771 3
247 1
646 2
420 1
42 2
461 1
673 2
679 2
59 4
543 2
605 2
179 3
728 1
411 3
359 4
228 1
25 1
556 1
47 1
713 1
225 1
194 1
501 1
176 1
31 1
744 1
569 1
585 1
34 1
185 3
580 1
470 2
691 1
351 2
35 2
269 2
383 1
458 2
155 2
593 1
129 1
162 1
114 1
5 1
730 1
99 1
14 2
168 1
642 1
19 1
422 1
403 1
639 1
464 1
386 1
752 1
212 1
124 1
player: 5 Individualist
317 2
382 5
780 5
686 2
146 4
143 3
182 2
658 3
346 4
55 3
345 3
758 2
571 4
677 2
778 3
401 5
547 2
725 4
747 4
484 2
637 3
164 4
97 4
607 1
389 3
628 5
772 5
236 4
129 3
789 2
732 3
262 3
543 2
741 3
751 2
542 2
102 2
200 4
330 2
474 5
507 2
663 2
443 2
440 2
701 4
153 4
73 3
186 4
175 3
775 2
765 7
743 6
623 3
37 3
653 3
241 4
263 1
321 5
716 3
106 4
453 2
92 3
517 3
568 4
703 4
249 5
52 3
740 3
683 2
755 2
523 1
724 5
242 2
539 4
27 4
395 2
480 4
256 4
213 4
99 3
739 3
586 2
138 5
565 2
546 1
273 4
634 4
96 2
243 3
329 8
696 3
119 4
466 3
606 3
486 5
458 4
174 3
319 4
151 2
172 3
495 2
205 2
266 3
723 2
208 5
641 6
470 4
366 7
325 3
1 2
135 3
603 2
323 4
636 1
234 4
56 3
513 3
269 1
761 2
156 1
560 5
142 2
31 6
299 1
394 5
365 2
442 4
165 3
697 4
79 6
59 3
334 4
91 1
118 4
385 2
769 3
760 2
659 2
94 2
519 2
260 2
596 4
23 3
604 2
630 1
359 4
500 1
450 3
337 3
201 2
280 6
767 4
570 3
588 4
412 4
80 1
324 6
132 6
771 3
597 2
752 3
115 3
413 2
708 4
166 2
654 3
447 5
452 5
98 2
419 5
342 4
12 5
393 6
109 4
782 2
60 3
180 3
417 6
95 1
261 3
191 2
292 3
488 6
160 1
216 1
196 2
702 7
710 4
16 2
793 1
223 2
225 6
511 2
553 2
551 2
616 2
791 3
651 4
278 2
178 2
436 3
731 1
646 2
222 3
745 4
281 4
392 5
403 2
552 1
355 3
593 2
264 3
248 6
621 1
445 4
471 2
58 4
104 2
188 3
509 6
149 2
693 2
183 3
285 6
291 3
124 2
82 3
306 1
774 4
20 5
691 2
192 2
655 3
136 3
779 5
147 3
105 2
231 6
307 2
712 8
734 4
467 4
93 5
272 2
408 3
232 3
611 3
717 3
78 1
529 3
608 2
679 2
301 3
481 3
57 2
688 2
441 4
525 2
239 3
139 3
526 2
753 2
533 4
503 5
10 2
561 2
639 3
368 4
622 3
204 3
207 4
376 2
84 1
719 3
22 1
545 4
718 2
514 3
125 2
128 7
647 1
521 3
45 3
609 4
422 3
505 2
270 1
527 5
316 2
721 6
770 3
383 5
194 2
293 3
154 3
550 3
275 3
425 2
704 2
44 2
756 4
464 7
282 3
415 5
62 4
377 6
122 6
61 4
290 3
599 2
499 5
227 3
397 2
462 2
674 5
591 3
198 2
434 3
557 5
28 3
635 3
795 3
244 3
161 4
487 3
284 2
247 3
431 1
516 3
24 4
375 4
253 3
7 1
185 2
681 5
130 4
265 3
110 6
107 3
384 3
790 2
572 2
67 3
567 3
353 2
584 1
714 1
114 2
508 5
250 3
333 3
32 4
390 5
624 1
777 4
246 4
661 2
559 3
429 3
113 2
87 5
489 4
155 3
535 5
322 3
564 3
582 2
766 3
190 5
548 3
456 3
722 4
592 2
314 5
276 4
251 3
498 3
757 1
303 4
576 2
141 1
640 2
177 2
85 3
101 1
214 2
8 2
189 3
230 1
312 2
168 2
145 4
684 1
331 4
706 2
432 1
610 5
426 3
367 3
496 5
211 3
4 7
768 3
497 3
202 4
444 3
117 2
257 3
286 3
600 5
100 3
326 1
378 2
537 4
34 3
131 4
340 1
362 4
116 3
48 3
414 2
642 3
372 1
776 4
336 3
162 2
629 3
435 3
506 2
158 4
612 1
167 2
613 2
328 2
735 2
433 1
169 3
705 3
203 1
51 3
21 4
687 2
798 5
411 4
494 3
579 2
65 1
638 3
237 5
448 2
184 1
133 3
660 4
311 1
594 2
589 5
347 1
235 1
501 4
157 2
195 5
304 3
409 4
707 2
515 2
274 3
449 3
676 3
25 2
388 2
363 6
348 3
439 4
358 1
720 2
666 4
424 1
259 2
672 3
305 2
144 3
614 4
742 3
773 5
650 2
327 2
602 1
287 2
315 3
64 3
313 2
698 2
664 2
123 3
288 3
39 2
75 3
555 1
258 2
438 5
644 2
491 1
678 2
465 3
699 2
406 1
226 2
460 5
350 4
670 2
197 2
386 1
357 3
797 3
657 2
33 2
310 3
53 2
255 2
538 3
50 4
796 2
626 5
574 3
47 5
726 1
520 1
193 3
370 2
373 2
746 1
46 2
297 3
605 3
748 4
26 3
2 2
692 4
781 2
400 2
700 2
252 1
665 3
66 1
583 3
617 2
13 2
38 3
785 1
171 3
14 2
524 1
476 2
380 2
83 1
111 3
356 3
81 1
295 2
490 1
569 3
308 3
418 1
668 1
199 3
531 2
176 2
134 2
669 1
469 2
428 3
536 2
70 1
86 4
455 5
590 2
695 6
69 2
215 3
416 3
711 3
540 3
478 2
218 3
459 3
352 3
76 2
618 2
713 4
472 2
420 1
479 2
463 2
381 1
578 2
3 1
532 1
89 4
140 4
563 3
40 2
6 3
728 1
229 1
9 2
338 1
354 4
371 1
632 3
63 2
787 2
410 2
339 1
364 2
485 2
212 3
502 3
528 2
206 3
784 1
662 2
254 2
652 2
407 1
573 2
233 4
457 3
341 3
430 1
120 2
335 3
121 1
587 3
562 3
671 3
512 1
510 1
35 2
54 2
240 1
783 2
71 1
633 3
715 1
530 2
398 3
544 1
36 1
137 3
112 1
187 2
405 2
404 1
49 2
268 1
421 3
77 1
245 1
645 2
17 4
369 2
473 1
74 1
11 3
402 1
601 1
43 2
41 3
349 2
220 2
294 2
585 2
729 2
210 2
580 1
150 2
152 3
709 1
461 2
792 3
541 1
127 3
374 1
733 3
148 1
730 1
598 1
318 1
159 1
667 1
387 2
493 1
737 2
648 2
788 2
277 1
29 1
238 1
764 1
754 1
332 1
627 2
454 1
656 1
344 2
566 1
279 2
504 2
522 1
554 1
126 2
271 1
643 2
72 1
619 1
750 3
483 1
477 2
217 1
595 1
423 1
298 2
727 1
343 1
163 1
427 1
379 1
219 1
361 1
173 1
437 2
296 1
302 2
690 1
680 1
player: 16 Individualist
212 2
545 3
598 4
640 3
423 3
775 6
653 2
656 5
658 6
343 3
595 2
723 5
258 1
776 2
181 2
783 5
99 1
433 2
703 2
225 3
370 4
379 3
769 3
696 2
310 4
509 4
25 2
543 4
110 2
686 4
90 4
176 2
586 4
200 4
224 3
280 2
566 3
204 2
335 1
637 1
37 2
201 10
222 4
36 5
538 2
241 2
198 5
14 4
611 6
643 1
1 2
584 1
521 2
476 3
670 4
169 3
157 4
61 3
604 3
320 5
252 4
404 1
645 3
477 5
744 5
730 5
230 7
793 3
755 4
174 5
390 2
684 2
768 7
86 1
187 3
778 7
501 2
523 3
724 4
416 4
532 5
49 2
537 2
777 1
791 5
410 2
193 5
627 3
235 6
348 2
102 2
76 2
762 3
276 4
503 1
662 4
556 5
712 5
38 5
448 6
411 4
624 2
275 2
168 3
83 2
385 2
422 4
374 4
726 3
652 2
273 5
305 6
603 1
210 5
555 2
495 2
180 4
491 4
773 1
203 2
518 6
535 5
702 3
754 2
279 5
321 5
408 3
687 3
480 3
119 4
18 3
568 3
342 3
172 2
642 3
633 4
234 4
418 1
527 2
141 3
7 3
78 2
12 2
297 3
664 1
249 5
111 4
376 2
380 3
117 4
19 3
334 4
526 1
795 3
498 5
417 4
43 7
213 3
419 3
125 7
669 5
528 3
233 7
708 5
308 2
458 2
734 3
206 5
67 3
290 4
496 4
145 3
277 2
557 5
244 3
358 3
170 4
451 3
798 3
217 2
588 3
475 2
636 5
360 2
346 3
464 4
100 6
161 6
178 1
191 3
96 1
520 3
609 3
381 2
788 5
450 6
452 1
651 4
774 1
672 5
397 4
573 6
673 2
574 3
154 5
251 3
409 4
363 4
333 2
103 2
322 4
694 5
159 4
600 3
765 4
26 2
489 2
313 4
625 2
516 2
272 2
352 2
283 2
438 2
644 1
771 1
442 3
236 2
306 1
729 2
614 2
767 4
123 2
550 3
242 3
302 2
445 4
631 3
425 4
499 2
695 2
42 2
502 3
620 1
218 3
383 6
382 4
133 4
578 4
736 6
752 2
562 2
5 4
789 4
522 3
571 3
617 4
392 3
709 6
440 4
569 3
524 2
116 2
388 2
158 4
88 3
436 1
619 2
490 2
56 2
21 3
414 6
219 3
748 2
315 3
3 1
8 4
299 2
796 3
371 3
725 1
623 1
369 6
412 2
430 4
155 1
167 1
260 2
46 3
466 1
599 2
70 5
465 2
431 3
593 6
186 2
467 3
55 4
28 5
29 5
403 1
231 6
163 6
24 2
144 1
122 2
195 4
400 5
51 3
659 2
33 2
292 4
457 3
738 3
721 6
406 2
97 3
530 3
120 3
350 2
84 1
541 2
156 4
596 3
248 2
124 6
402 4
641 3
95 4
668 3
182 2
89 3
648 2
674 4
289 2
780 1
618 4
287 1
753 5
577 4
681 2
338 4
221 3
705 2
58 1
660 4
510 3
378 1
785 2
294 6
454 3
626 4
149 5
98 2
183 1
353 2
247 3
362 1
282 2
536 4
492 5
113 2
373 3
269 3
443 4
79 2
469 3
420 3
257 4
559 4
65 1
274 3
549 2
126 2
551 5
570 3
722 4
40 4
529 1
270 2
500 3
296 3
579 2
199 2
483 3
750 6
679 4
799 3
327 2
106 2
319 2
246 3
129 1
304 1
243 3
223 2
16 3
542 3
368 2
601 3
639 5
589 1
576 2
613 2
449 3
162 1
787 5
487 2
745 3
472 2
17 4
54 3
740 2
295 1
109 4
488 2
539 1
512 2
384 2
309 2
630 3
232 3
261 5
285 5
254 3
432 1
104 1
663 2
92 4
207 3
592 3
377 2
693 1
563 3
462 3
71 2
447 2
710 3
112 1
151 2
59 5
727 1
661 4
331 3
781 4
720 4
622 3
677 1
387 3
264 3
741 4
301 2
75 3
345 3
575 3
185 1
375 2
395 2
717 4
770 3
699 3
761 2
756 2
594 2
314 2
259 2
140 1
784 2
298 4
675 3
278 4
497 1
602 2
80 4
590 3
606 5
583 1
424 3
240 3
341 5
142 3
747 2
548 3
214 4
326 3
330 1
758 4
731 3
508 3
68 3
701 2
459 1
164 3
32 4
647 2
782 1
226 2
554 2
428 6
757 7
6 2
81 3
52 2
175 2
564 2
60 3
468 1
460 1
216 3
682 3
143 1
413 2
646 2
607 2
336 2
546 3
227 5
405 5
325 5
139 2
64 3
238 3
692 3
470 1
393 3
534 2
45 1
561 2
179 4
137 4
718 2
340 3
284 5
772 1
288 2
743 1
115 2
41 2
478 6
356 4
255 3
434 3
685 4
85 3
657 1
580 2
329 2
194 1
138 4
471 1
189 1
317 1
150 2
635 5
628 2
591 2
463 4
328 3
128 3
13 3
506 2
22 3
456 3
365 4
665 2
667 4
205 1
245 2
654 2
547 2
519 2
253 4
47 2
267 2
531 6
513 2
146 2
572 4
190 1
446 2
173 4
215 2
612 1
517 2
650 2
50 2
262 1
766 1
48 2
354 2
567 3
300 1
553 1
421 1
63 3
73 3
286 1
485 2
101 1
401 2
689 4
455 4
735 1
177 1
324 1
426 1
760 1
706 3
621 2
188 2
505 3
228 1
399 3
9 3
704 1
683 3
237 2
398 2
153 2
323 2
147 2
4 1
15 4
108 1
11 2
351 2
484 2
389 2
66 2
763 2
688 2
691 1
391 3
437 1
797 2
347 1
786 1
494 1
337 3
511 2
732 2
482 3
733 2
764 1
135 2
107 3
737 3
581 1
711 1
629 1
208 1
266 2
202 2
486 3
493 1
349 2
209 2
666 2
160 1
239 1
291 2
31 3
533 1
649 3
44 2
114 3
130 2
582 1
318 2
197 4
355 1
332 1
707 2
30 1
716 2
311 1
372 3
698 2
77 4
429 1
396 1
35 1
439 2
148 1
127 1
339 1
742 3
714 1
367 2
91 1
57 1
72 1
307 1
515 1
655 1
690 1
152 2
525 1
118 1
165 1
312 1
746 1
229 2
2 1
364 2
366 1
34 1
713 1
585 2
671 1
268 1
634 1
558 2
715 2
359 1
792 1
615 1
39 1
27 1
605 1
474 1
250 2
739 1
105 1
10 1
479 1
196 1
461 1
166 1
552 1
749 1
171 1
759 1
415 2
386 1
263 1
565 1
638 1
player: 9 Individualist
607 4
219 8
768 3
144 3
210 1
32 5
21 2
123 5
754 4
598 4
96 3
640 4
494 2
161 3
296 4
351 2
793 2
631 4
362 4
35 6
383 3
741 3
430 4
695 2
621 5
408 6
95 3
354 4
130 4
201 2
560 3
25 2
370 3
12 2
221 1
22 4
690 5
3 5
90 3
17 2
108 5
14 3
620 5
397 4
366 5
197 1
766 4
280 4
454 3
747 3
170 5
757 2
78 7
290 2
448 2
77 3
427 4
523 1
19 6
654 4
336 2
289 4
742 4
111 2
709 6
764 4
405 3
113 2
462 4
770 5
167 4
659 6
645 3
794 2
720 4
421 3
129 2
228 3
722 3
387 4
686 4
270 3
186 4
663 6
443 5
166 4
442 2
51 4
537 4
665 5
486 3
45 3
505 5
508 4
322 3
458 5
34 3
653 3
388 2
304 3
623 2
581 2
589 3
24 4
479 3
344 1
10 5
8 3
509 2
86 1
63 4
578 1
42 3
574 6
258 3
410 4
116 2
5 3
282 2
585 2
57 4
485 2
456 5
300 4
423 5
281 5
218 3
547 4
471 3
756 2
776 7
519 3
160 3
772 3
93 2
65 2
512 3
286 3
570 2
126 4
121 4
431 2
656 3
553 4
395 1
132 1
172 1
231 4
610 1
433 4
152 2
249 5
1 3
467 3
630 2
562 5
684 3
785 2
356 4
780 3
413 3
465 3
425 2
400 4
435 5
180 3
763 4
203 5
155 4
673 4
199 5
609 2
765 5
146 1
662 3
637 4
773 5
372 6
677 3
652 3
333 4
109 4
246 3
377 3
227 5
16 3
573 2
217 4
40 8
473 4
47 5
636 6
260 3
66 4
54 3
691 3
229 3
94 4
455 2
332 4
334 2
125 1
295 4
402 7
60 1
72 3
526 3
538 2
2 2
311 2
117 3
650 2
299 2
169 1
515 4
593 3
525 2
782 4
194 4
629 2
376 1
114 5
615 4
284 4
143 6
641 1
80 1
680 2
349 2
474 6
452 5
15 5
68 5
489 4
230 3
226 3
326 2
83 2
501 5
61 1
628 2
582 4
708 3
511 1
149 5
404 2
746 4
432 4
71 1
672 3
439 4
446 2
767 2
131 2
726 2
472 3
721 2
608 3
535 6
252 3
328 5
586 3
82 5
755 6
265 3
225 1
164 2
445 3
73 2
264 2
407 3
683 5
350 5
411 3
319 4
298 3
255 2
141 3
450 1
276 2
594 5
604 6
592 3
751 4
196 3
661 3
168 3
142 2
275 8
789 3
731 4
499 2
44 5
303 3
396 5
274 4
253 3
353 3
273 7
317 2
457 3
734 1
682 5
18 4
522 5
392 5
762 2
528 3
302 3
33 4
571 6
320 5
391 1
618 3
237 3
162 4
476 4
617 5
619 3
736 1
43 2
120 4
216 3
371 3
543 3
235 2
745 4
759 3
587 3
401 1
491 3
548 3
564 2
422 2
416 3
263 2
496 2
739 3
56 4
202 3
331 2
293 4
469 3
79 3
572 5
790 3
624 5
464 3
483 5
743 2
668 4
87 2
187 2
713 5
208 4
389 4
493 3
658 4
297 2
748 1
99 5
775 4
596 2
148 1
74 1
674 1
597 1
568 3
365 3
112 1
234 3
492 3
330 3
541 2
418 2
124 3
84 1
312 2
156 3
488 3
233 3
533 3
309 3
514 3
692 2
707 1
277 1
470 2
642 2
318 3
540 3
104 4
268 5
712 2
403 2
534 2
316 1
153 2
702 2
269 4
556 2
453 2
102 2
728 1
292 4
139 1
198 3
447 1
510 2
426 4
379 2
364 3
315 4
107 3
88 1
438 3
385 3
285 2
611 3
744 2
727 5
236 3
359 3
215 2
738 4
561 3
287 1
70 3
135 2
58 2
466 5
651 6
719 3
184 4
378 2
338 2
706 1
209 2
373 2
220 1
128 1
240 1
545 2
613 2
559 4
575 3
346 2
774 1
28 2
580 4
127 2
639 4
200 2
283 1
420 1
259 3
151 2
288 4
26 4
278 3
478 4
579 2
134 2
614 4
91 4
733 1
193 4
544 3
714 3
100 5
516 3
348 2
39 1
670 2
251 1
595 3
669 3
798 2
627 4
536 5
75 3
211 2
59 1
360 4
591 1
321 7
787 2
182 1
103 2
513 4
7 3
345 1
175 5
250 4
262 2
567 3
554 4
195 3
599 1
477 2
207 5
437 3
390 4
97 2
649 4
551 1
583 3
730 2
539 3
729 2
750 2
53 2
62 4
173 1
165 3
696 2
602 2
380 3
777 2
145 4
244 3
291 2
732 5
569 3
399 2
213 2
36 3
542 3
192 1
557 1
352 5
49 1
681 3
89 1
600 4
306 1
549 2
188 2
705 2
676 2
797 3
724 1
521 2
532 2
355 2
118 3
419 4
468 1
735 3
565 1
796 2
694 3
563 2
310 1
771 3
704 2
697 2
434 3
314 2
341 1
393 2
4 3
520 3
795 4
261 1
760 1
271 4
788 4
41 2
357 3
678 2
660 1
119 1
50 3
279 3
343 2
81 2
566 3
632 2
324 5
671 1
212 2
247 1
154 2
417 1
267 3
266 2
257 3
500 3
136 2
460 1
646 3
449 2
784 2
325 2
517 2
495 1
717 4
232 1
518 2
31 3
524 1
46 1
497 2
206 3
484 2
67 3
758 1
367 2
105 2
546 1
769 3
687 1
339 2
245 2
504 2
409 3
239 2
384 2
716 1
13 1
305 2
242 2
37 3
634 2
174 2
38 2
205 2
786 1
693 1
550 1
394 2
558 2
189 3
441 1
115 1
256 2
451 1
191 3
335 2
214 1
122 2
110 1
487 2
718 4
710 1
382 2
185 4
749 1
459 1
506 2
588 2
601 1
272 2
779 3
711 2
481 2
605 1
137 2
27 1
463 1
498 2
176 2
92 1
183 1
552 4
23 1
781 1
603 1
612 1
414 3
412 1
461 1
181 1
576 1
190 2
625 1
688 1
307 1
783 2
792 2
69 2
502 2
555 1
606 2
222 1
643 2
375 2
294 2
85 2
648 2
398 1
327 1
685 1
679 2
243 1
740 2
616 1
6 1
301 1
638 1
163 2
440 1
157 1
374 1
444 1
238 2
737 2
138 1
313 1
529 1
177 1
329 1
342 1
179 1
147 1
30 1
647 1
340 1
475 1
347 1
622 1
363 1
178 1
415 1
480 1
player: 2 Individualist
160 3
538 3
129 5
623 2
265 1
579 2
274 2
178 7
679 6
268 3
67 7
176 2
685 3
380 3
125 4
120 3
637 2
788 1
105 4
377 5
578 6
584 1
254 2
130 8
116 5
729 4
387 6
113 2
273 3
490 6
795 2
672 3
396 2
119 2
427 2
36 2
522 3
572 5
582 3
704 1
618 3
436 4
174 4
752 4
299 4
625 1
671 3
263 2
318 1
700 2
196 4
313 4
376 2
401 3
651 4
43 2
302 4
534 2
449 3
418 2
270 3
596 6
670 4
338 4
185 4
594 2
180 5
550 1
627 7
357 4
131 4
416 5
386 2
650 4
580 5
307 4
145 2
603 4
616 3
133 5
741 2
432 4
425 3
706 1
152 5
294 2
517 3
644 3
716 4
657 4
711 5
494 3
102 2
676 4
410 4
73 2
320 6
518 6
581 4
6 2
39 2
612 2
471 2
499 6
527 4
798 2
83 1
678 2
245 1
276 2
111 5
371 6
134 3
602 5
633 5
89 5
548 9
156 4
491 7
440 4
641 1
46 5
388 5
149 3
94 3
571 4
271 2
629 2
159 3
110 5
409 5
359 3
175 3
21 4
655 2
422 2
115 2
504 3
587 8
389 3
708 4
172 5
241 6
520 4
615 1
23 4
57 4
666 2
482 3
529 4
179 3
189 4
583 5
668 5
407 3
40 2
558 2
1 2
248 1
33 4
554 4
702 4
649 6
478 5
324 2
118 2
420 3
448 5
95 2
352 6
419 3
635 2
792 1
240 1
51 1
658 3
282 2
690 3
45 4
539 5
49 3
44 6
733 2
523 4
170 1
88 1
450 6
255 4
626 1
568 10
209 2
161 4
728 3
453 4
631 5
675 5
335 2
310 4
283 1
296 4
233 2
234 3
259 3
532 3
103 2
246 4
634 3
252 4
786 2
661 3
516 2
18 4
462 3
375 2
774 2
205 3
213 3
281 5
315 3
392 2
257 4
373 7
108 2
514 5
300 3
62 4
4 3
7 2
755 4
748 3
243 2
202 4
15 5
421 2
765 5
122 3
732 2
75 2
162 4
367 1
250 2
552 1
153 3
165 2
301 3
342 2
485 2
437 6
725 1
112 4
293 4
707 3
588 8
681 4
266 5
291 2
26 2
64 3
121 4
606 3
648 5
319 2
791 3
714 5
713 2
541 3
712 4
647 4
78 2
546 3
660 2
171 2
239 4
576 4
577 4
750 3
197 4
22 1
333 3
796 3
483 4
207 2
314 1
305 3
24 1
31 4
383 3
29 3
776 6
70 4
100 3
473 8
609 4
736 5
316 3
144 4
530 6
524 3
151 6
574 1
503 3
362 2
286 2
186 4
511 4
117 2
455 3
368 1
549 6
25 2
349 5
5 5
573 4
652 3
323 2
69 4
292 2
304 3
621 2
253 1
326 5
242 2
379 3
536 3
468 4
187 2
756 4
502 3
476 2
28 6
183 5
659 3
220 2
219 4
638 4
563 4
513 4
566 4
745 1
509 4
363 4
636 3
533 3
384 2
279 2
173 1
783 2
258 2
287 2
86 2
780 4
98 2
11 3
30 3
155 3
52 3
327 3
412 2
656 1
496 1
249 3
317 4
703 5
505 2
640 2
48 2
236 3
645 2
329 3
613 1
525 5
229 2
758 4
399 1
723 4
669 1
598 1
433 5
521 3
84 2
423 2
350 3
356 1
646 4
510 3
325 3
224 1
442 1
54 2
689 1
535 3
404 2
311 2
769 4
705 6
430 2
429 4
560 2
512 1
3 2
724 4
360 2
347 2
569 3
642 3
508 4
370 1
545 2
528 4
542 3
454 1
753 3
2 4
555 2
445 4
459 2
232 3
385 4
526 4
34 3
551 3
620 1
395 2
290 4
10 1
721 2
12 3
364 3
695 3
85 1
37 1
191 1
653 2
167 2
238 4
797 2
751 2
147 3
687 3
444 1
208 4
303 1
55 1
441 3
344 2
150 1
475 2
515 3
683 1
692 1
298 2
590 2
284 3
177 4
194 4
624 3
272 5
366 5
391 1
467 2
361 2
192 2
740 2
50 4
500 2
68 2
586 1
231 2
312 2
201 2
285 3
456 2
682 2
218 4
53 5
604 1
543 3
80 3
597 3
775 3
488 2
216 1
20 3
308 1
667 2
47 2
632 2
13 8
540 3
608 2
699 2
784 2
264 2
154 2
81 1
460 1
599 1
58 2
738 2
92 1
71 3
746 2
718 3
148 2
457 4
726 1
132 4
74 3
42 1
777 2
744 3
330 2
56 3
722 3
691 4
157 1
262 2
35 2
489 4
553 1
501 2
556 5
720 2
617 3
269 2
507 1
114 6
605 2
38 1
734 3
431 4
628 1
715 2
90 3
487 2
182 2
397 2
773 2
101 4
275 4
65 2
677 3
278 1
663 5
693 2
447 1
697 2
198 2
77 3
227 2
519 2
619 5
742 2
472 2
463 2
381 1
686 2
592 3
277 2
96 3
235 2
493 3
355 3
16 2
237 3
498 3
434 1
107 1
767 4
701 1
537 3
495 1
17 1
564 2
766 2
696 3
93 2
91 1
461 2
188 3
406 3
770 2
280 2
339 1
778 3
426 3
607 4
402 4
358 3
260 3
195 3
484 1
138 3
763 4
591 1
451 2
289 3
168 2
14 1
372 3
585 2
343 2
779 3
158 1
288 2
662 1
610 1
680 2
146 1
398 1
417 4
559 2
87 1
789 2
169 3
601 2
790 3
214 1
59 3
727 3
336 3
351 2
413 1
142 1
378 1
251 2
694 1
212 2
374 6
787 4
128 3
139 1
799 1
163 2
664 1
747 2
757 3
424 4
782 1
793 1
223 2
244 2
82 1
140 2
497 2
211 3
199 2
143 2
393 2
781 2
486 1
443 2
141 2
731 2
400 3
593 2
190 2
340 1
206 2
654 1
203 1
458 3
405 2
135 1
575 1
66 1
771 3
41 3
470 1
772 1
8 1
226 2
9 1
306 1
228 1
688 3
469 1
184 2
32 1
643 1
506 3
79 2
760 1
768 1
466 1
595 1
743 2
665 2
332 2
710 3
411 1
328 1
99 2
63 2
438 1
749 2
382 3
126 2
321 1
322 1
446 1
709 1
309 1
193 2
639 1
365 1
414 1
222 1
345 1
764 1
106 1
390 1
684 1
267 1
737 1
544 1
561 1
479 1
97 1
181 2
256 2
562 1
547 1
166 1
452 1
109 1
353 1
player: 6 Individualist
2 1
32 1
720 3
271 2
522 4
511 3
302 2
524 5
499 4
357 4
90 3
261 6
254 2
279 4
560 1
259 2
86 3
690 4
31 4
490 4
415 3
215 6
727 4
207 4
714 3
706 4
713 4
750 2
152 7
44 3
474 3
784 5
623 3
738 4
754 4
404 8
459 4
733 4
516 4
269 3
480 3
182 2
570 3
651 4
95 2
794 4
81 1
530 7
567 2
321 2
655 6
108 2
177 4
305 4
769 3
665 2
164 3
484 2
453 4
85 3
291 3
141 2
394 4
114 5
749 7
592 1
30 3
119 4
707 4
213 2
96 2
779 4
635 4
278 5
611 3
496 4
702 3
430 1
734 6
783 6
9 3
504 4
97 5
272 2
709 6
319 2
257 6
507 7
696 3
28 1
519 2
440 4
658 2
377 2
281 4
689 3
260 5
534 3
63 3
359 7
615 5
389 4
280 2
358 4
392 4
216 1
675 4
429 2
580 4
552 4
434 2
739 5
273 3
188 2
169 3
730 4
99 1
478 3
304 4
726 5
240 4
300 3
393 4
310 2
67 3
704 1
60 7
481 1
297 4
194 2
438 2
109 1
187 4
197 4
314 3
466 4
196 1
312 2
365 5
607 7
604 4
460 7
622 3
686 4
692 2
601 2
678 4
221 6
498 1
677 2
408 6
728 4
510 5
225 2
723 6
233 3
792 3
203 3
155 8
224 2
653 4
660 1
763 2
477 3
311 3
370 3
299 4
125 4
78 4
701 3
405 2
772 2
761 4
267 2
554 4
741 3
49 2
795 3
40 4
372 2
420 1
323 2
652 3
632 4
598 2
664 1
166 5
29 6
568 3
446 3
383 4
798 2
325 2
543 3
767 7
330 2
681 6
247 3
286 3
379 4
551 4
335 5
326 1
11 3
354 4
396 2
218 4
548 1
694 2
355 7
295 3
758 3
715 8
367 5
406 1
612 2
791 1
209 4
181 3
331 5
120 3
725 4
765 2
83 3
329 4
464 2
80 2
369 3
585 1
521 10
118 3
88 3
13 2
388 4
101 4
173 2
513 6
630 2
736 5
277 2
589 2
731 1
503 3
621 5
523 2
228 4
146 2
229 3
640 3
608 1
133 4
33 5
752 1
235 3
617 6
546 3
171 5
248 5
237 2
275 2
102 3
189 4
324 5
333 3
54 4
674 1
631 3
239 3
708 5
276 1
58 4
208 1
454 5
150 1
243 3
439 3
599 5
414 2
757 3
151 5
782 1
4 3
198 3
654 2
38 5
489 2
789 5
262 3
39 1
555 2
663 2
743 1
121 4
700 2
407 3
545 3
156 7
57 2
600 2
426 2
542 5
143 5
479 2
573 4
265 4
525 1
131 2
676 2
132 3
356 1
1 4
465 3
625 6
66 3
178 1
42 5
493 5
361 3
699 1
562 1
411 2
683 2
668 3
572 4
352 3
313 2
512 1
27 3
76 2
113 1
20 2
557 1
413 5
7 2
100 4
457 3
606 6
626 3
70 2
759 3
639 3
111 2
256 3
775 4
571 10
236 2
12 4
180 4
697 3
685 5
638 2
541 3
433 4
21 2
719 2
520 3
364 4
661 1
582 3
91 3
711 3
584 4
348 4
107 2
470 2
376 2
793 5
380 2
501 1
456 3
368 1
687 3
422 2
36 5
756 3
532 5
624 3
780 4
15 2
202 3
204 2
69 3
373 3
154 3
495 1
205 1
306 2
553 3
488 3
136 1
242 2
23 3
538 1
616 1
211 3
755 4
547 3
332 4
127 4
139 3
212 1
34 5
363 1
274 4
537 1
527 1
103 4
338 2
201 2
641 2
455 4
264 4
270 4
238 2
737 4
427 4
766 3
104 1
574 4
8 2
385 1
53 2
458 2
431 2
328 2
167 3
220 2
506 4
185 5
52 3
290 2
646 2
87 2
344 4
340 2
597 3
729 2
226 1
71 2
334 3
421 1
191 1
74 6
398 2
518 3
773 6
435 3
566 1
219 1
308 1
401 2
581 3
287 2
284 5
451 3
712 2
450 4
268 3
724 2
693 3
350 4
130 2
672 1
432 1
294 2
564 4
469 3
327 1
48 3
634 7
186 3
410 2
345 3
55 2
596 4
65 3
234 1
64 3
10 4
231 2
659 2
740 1
417 4
535 2
351 3
473 1
22 2
579 3
618 2
386 3
799 2
72 1
698 2
315 1
416 3
533 3
487 2
656 1
387 5
296 2
341 1
471 2
50 3
666 1
245 2
637 1
475 2
193 6
491 3
343 5
785 2
449 1
400 1
5 4
721 1
443 1
526 2
98 2
586 2
346 1
147 2
418 2
644 1
399 3
115 1
583 3
691 2
366 2
447 3
163 4
514 2
781 3
463 3
576 2
786 1
588 1
500 5
442 3
549 1
508 1
153 4
558 3
770 2
559 2
636 4
148 2
195 1
680 2
445 4
93 3
649 2
282 3
494 3
159 1
110 4
134 2
468 1
448 3
790 4
45 3
748 2
303 2
378 4
317 3
645 1
695 2
594 2
135 6
667 2
41 1
320 2
301 6
428 3
158 2
673 4
669 2
149 1
764 3
176 3
46 2
360 3
298 1
502 1
732 1
647 1
751 3
362 2
190 1
722 2
577 3
797 1
16 4
179 3
106 2
563 1
227 1
144 3
620 1
168 2
529 1
283 4
745 4
160 2
122 1
175 3
381 2
423 1
258 5
412 1
336 2
575 2
47 2
18 2
73 1
476 2
252 3
337 1
437 2
485 3
561 1
603 2
17 1
509 5
467 3
627 2
544 2
565 1
492 1
222 2
486 2
528 2
62 3
138 2
24 1
441 1
390 4
61 2
184 3
25 1
462 2
497 2
249 1
633 1
84 2
703 2
391 2
556 1
142 1
609 1
569 1
128 2
768 4
628 3
595 2
717 1
192 2
19 2
540 3
140 1
288 1
255 1
253 3
309 2
214 4
244 3
293 3
174 1
322 3
375 2
684 1
771 1
292 1
395 1
735 2
452 1
688 2
425 1
246 2
614 2
539 2
250 1
353 2
515 1
77 2
778 2
6 2
403 1
436 2
251 1
117 2
591 1
14 1
349 1
409 1
263 1
161 1
318 1
650 1
710 1
347 1
774 1
266 1
75 2
753 1
648 2
419 3
339 2
289 1
531 1
230 1
162 1
3 1
89 1
123 1
112 1
760 1
788 1
762 2
679 1
316 1
35 1
137 1
56 1
619 1
59 1
613 1
776 1
player: 15 Individualist
613 2
487 5
666 3
519 4
433 6
502 5
115 3
517 4
632 3
677 5
609 2
123 5
198 8
696 4
56 5
741 3
750 3
347 2
401 2
652 3
26 2
161 4
539 5
648 2
465 6
717 4
466 3
527 2
213 3
388 4
534 3
5 3
451 2
535 5
385 6
404 2
757 4
416 4
593 3
94 2
84 2
691 2
35 5
283 3
262 4
476 8
49 4
75 5
251 1
680 3
268 4
281 5
695 4
560 2
798 2
174 3
402 4
36 2
642 2
95 3
106 4
320 4
43 5
745 2
459 5
427 5
242 4
455 5
488 2
261 1
408 5
667 3
464 2
379 6
97 4
380 7
407 2
121 2
731 2
326 5
494 5
139 3
83 5
193 3
74 5
63 3
277 2
319 5
588 2
713 5
14 2
701 6
220 2
170 2
234 4
420 5
80 3
586 3
441 3
118 4
521 2
424 1
309 4
719 6
783 3
351 3
437 2
637 3
795 7
307 1
647 5
311 4
322 4
618 4
594 2
136 3
345 3
243 3
51 4
754 5
287 5
516 4
692 2
282 3
143 3
551 2
312 4
540 6
134 3
2 4
389 3
165 2
232 4
336 2
66 1
758 4
644 4
623 4
409 1
714 4
266 5
228 2
688 4
765 5
111 3
620 3
711 4
405 5
244 4
544 4
302 4
93 2
210 3
748 3
367 2
216 1
541 2
368 1
568 4
162 5
373 3
90 4
643 2
601 5
119 4
749 3
573 3
285 3
490 5
759 2
217 3
633 2
238 3
300 7
253 4
137 6
561 4
500 4
29 4
156 4
117 4
41 2
171 5
77 3
57 1
357 5
406 6
208 5
572 3
151 3
587 4
622 2
669 6
698 3
176 4
497 3
400 3
439 3
178 3
37 1
413 5
152 3
797 2
113 3
278 3
67 4
703 2
657 2
227 1
197 2
159 7
352 3
484 2
522 5
318 3
258 3
246 6
256 1
740 3
480 3
194 2
48 4
611 3
272 2
730 2
415 2
333 4
434 7
366 1
144 4
661 8
236 1
739 3
512 2
685 4
335 6
645 1
68 2
4 1
332 4
793 4
27 8
412 4
387 1
235 2
88 2
219 3
230 2
18 2
788 5
641 3
463 6
354 4
186 4
460 4
578 3
334 3
542 4
625 4
505 4
40 1
340 5
225 2
761 6
579 3
733 3
378 2
3 1
10 4
640 4
369 2
577 4
254 2
699 2
619 2
177 4
182 4
774 3
536 6
706 4
442 3
550 2
32 1
471 5
558 2
498 2
207 1
223 1
191 2
624 3
372 1
768 3
727 1
767 4
746 2
145 3
189 6
771 7
473 3
377 4
518 4
653 2
705 4
712 3
19 4
45 2
382 3
166 2
794 2
436 3
214 5
575 3
595 4
273 1
627 3
339 1
297 3
305 3
790 5
211 3
796 3
100 2
313 2
429 3
603 2
124 5
60 4
477 4
270 3
226 2
386 1
766 7
598 2
634 4
694 4
410 2
483 2
157 2
513 3
15 2
363 3
149 5
468 2
173 6
188 1
528 4
707 3
306 2
576 3
581 4
778 1
686 2
350 1
249 2
61 3
184 3
607 2
356 5
390 2
376 1
276 3
775 4
628 1
590 3
444 2
23 4
486 1
616 1
419 4
610 4
294 1
122 4
638 2
222 4
478 4
42 1
299 3
233 2
481 1
499 3
461 3
676 3
658 1
265 2
418 2
651 5
723 2
617 4
626 1
28 3
73 3
737 4
324 2
284 1
728 4
485 3
76 1
160 2
329 4
509 3
20 2
479 3
571 3
506 2
786 2
187 2
756 1
221 1
555 2
201 4
290 3
12 2
185 1
81 4
206 2
6 3
114 3
241 2
421 2
501 4
91 1
346 1
348 1
567 1
46 2
54 3
432 3
663 2
53 1
426 3
530 1
7 2
231 3
538 1
31 5
777 4
597 1
411 2
720 4
158 2
9 2
524 2
629 4
787 1
604 5
330 2
656 2
180 3
454 1
592 4
755 2
533 3
574 3
710 3
554 1
129 3
82 3
396 3
269 1
259 4
693 5
78 5
760 2
736 3
140 2
298 2
435 4
50 3
38 2
274 2
17 5
183 2
247 2
250 3
447 1
724 3
87 3
181 3
360 2
548 2
510 3
734 2
520 3
172 5
556 3
515 5
338 4
331 3
21 4
99 1
681 1
85 1
103 2
742 4
169 3
148 2
323 2
606 1
301 4
582 1
364 2
457 2
769 3
69 1
362 4
665 4
240 3
138 6
553 4
779 2
422 3
108 2
316 4
101 1
417 3
126 4
200 1
209 3
289 1
785 3
349 2
655 3
709 2
116 2
559 3
142 2
202 1
532 2
772 2
668 2
55 3
303 2
449 1
64 3
585 3
438 2
39 2
8 3
327 6
780 5
549 3
245 1
570 3
462 1
255 1
279 4
596 2
167 1
391 3
24 1
34 2
164 3
583 3
631 4
591 2
792 3
751 3
557 2
630 5
224 3
315 2
495 1
602 1
469 3
146 1
44 2
452 1
371 4
58 2
470 4
291 3
361 2
425 2
662 1
105 1
722 2
204 2
353 2
196 2
614 2
260 3
343 2
16 3
704 3
563 1
440 2
664 2
395 3
89 4
718 2
584 2
98 3
321 3
154 1
491 1
564 1
370 1
654 2
70 1
770 4
545 2
784 3
580 2
120 3
726 3
229 1
22 1
525 2
675 1
308 2
132 1
59 3
671 2
732 1
257 1
496 2
275 3
608 1
110 3
589 2
365 1
659 3
791 1
526 1
192 2
65 1
782 3
678 3
109 1
280 2
552 1
33 2
133 2
304 3
445 3
355 3
715 2
636 1
252 1
271 1
762 1
163 2
150 2
547 2
11 2
130 2
175 2
295 2
102 1
789 1
702 1
475 1
71 1
700 1
344 2
743 2
337 4
179 1
511 3
168 2
489 2
493 2
392 2
474 1
752 2
131 1
135 2
673 2
381 2
13 2
358 1
635 2
687 1
672 1
531 2
472 1
328 1
448 2
325 1
296 1
450 1
155 2
523 2
738 3
195 1
384 1
248 1
263 2
764 1
605 1
25 2
30 1
735 1
492 1
621 1
62 1
504 2
543 1
660 2
1 2
141 1
482 1
446 1
428 1
107 1
47 2
684 2
646 1
773 2
267 1
190 1
79 1
697 1
147 1
503 3
399 1
383 1
199 1
612 1
679 1
569 1
763 1
86 1
615 1
237 1
716 1
203 1
293 1
player: 12 Individualist
287 5
714 3
640 4
423 4
288 4
466 1
214 3
300 2
324 3
637 3
167 5
683 1
246 5
166 4
464 4
537 2
409 3
766 3
589 2
540 2
799 5
424 4
738 3
715 6
760 3
161 5
542 2
404 5
574 3
620 7
740 6
618 4
395 4
767 2
748 4
421 2
103 2
118 3
372 2
625 4
13 1
389 5
231 2
724 3
392 4
487 4
280 5
308 3
703 2
566 3
223 4
272 1
160 5
374 3
388 4
264 2
148 4
588 1
549 2
511 1
390 1
4 4
327 5
239 3
452 5
459 2
88 4
692 4
450 2
655 3
582 1
199 5
267 3
650 4
107 6
16 1
394 3
178 2
211 3
216 7
594 5
680 3
524 4
363 1
362 2
608 3
258 3
100 4
783 4
44 3
23 4
304 4
490 1
722 3
651 2
779 2
331 4
294 3
679 2
181 3
208 3
263 2
417 4
36 3
693 3
469 4
130 5
86 5
52 1
112 4
337 2
142 3
375 5
126 4
592 3
346 2
101 4
129 5
599 3
776 1
445 3
250 1
400 2
139 3
671 3
413 5
76 3
105 3
652 3
406 2
173 3
215 4
243 3
116 4
702 2
273 4
170 2
63 2
474 3
695 3
682 3
240 4
430 3
548 4
67 3
314 2
83 2
591 2
648 7
192 2
75 2
198 1
180 4
454 3
145 3
37 3
201 2
159 2
654 5
96 7
317 2
735 2
89 3
425 4
432 3
284 3
221 4
752 2
408 4
700 4
352 6
353 2
458 2
35 2
555 1
664 1
275 1
344 4
778 4
431 2
298 1
451 4
429 8
295 3
500 4
152 4
310 1
684 4
315 4
182 4
222 4
262 3
629 2
217 3
662 2
232 4
416 4
358 1
614 4
607 2
750 3
681 5
97 7
717 3
184 2
658 3
533 3
605 4
720 2
411 7
744 3
14 5
169 2
171 3
661 4
62 5
30 3
17 3
143 4
124 2
290 3
545 6
102 4
25 4
455 1
525 2
415 2
20 6
385 4
149 4
8 3
659 3
645 4
189 5
41 1
576 2
718 3
373 3
191 3
782 2
402 1
734 4
278 4
257 3
739 4
503 1
305 4
707 3
785 2
266 3
12 5
647 2
787 3
494 3
593 4
369 3
119 3
471 3
268 2
285 4
213 5
642 5
641 3
630 2
365 4
15 6
768 3
186 4
393 3
403 3
187 3
510 7
616 3
359 1
626 2
179 2
361 5
79 3
336 3
235 2
660 3
254 5
569 3
51 5
53 3
204 2
224 6
480 4
581 1
627 3
115 2
797 3
154 2
790 3
360 4
755 1
705 2
271 1
590 2
444 3
367 2
756 2
468 3
340 6
781 1
111 3
439 2
598 5
241 3
531 3
530 3
674 3
127 3
741 5
405 4
770 5
791 2
293 6
687 4
338 4
497 2
38 2
775 6
46 6
544 4
586 1
507 1
230 2
108 3
587 5
147 1
473 2
219 2
789 4
520 1
467 2
302 3
428 6
479 4
225 2
478 3
27 9
78 5
672 3
155 3
765 2
339 3
87 2
631 4
673 2
649 1
233 4
795 5
265 4
19 1
269 3
732 3
306 7
368 1
296 4
47 2
508 3
557 5
282 4
489 3
200 3
796 4
5 3
528 1
325 2
49 6
185 4
792 1
91 3
117 1
554 6
370 2
493 1
758 4
354 2
753 2
220 3
772 3
157 3
3 2
699 3
10 2
619 7
247 4
153 3
666 3
206 6
410 7
92 2
133 4
646 1
18 1
383 5
475 1
798 3
43 5
746 2
527 5
291 2
332 2
509 3
113 2
378 4
21 1
622 1
550 3
711 3
381 2
763 5
612 2
299 2
577 4
29 4
274 2
501 1
602 2
414 4
712 3
104 2
516 3
270 1
318 2
754 2
197 1
209 2
596 2
384 3
34 1
764 3
40 4
351 5
349 1
539 3
546 3
128 1
636 2
726 2
54 3
667 4
357 5
476 3
412 3
669 3
33 4
227 3
313 4
399 3
470 1
210 4
600 2
396 2
218 4
623 3
488 1
379 1
99 2
356 3
163 3
202 2
675 5
326 1
330 4
725 4
260 1
64 2
42 3
122 2
106 4
632 4
165 2
57 3
677 2
556 1
762 4
563 3
229 2
348 4
401 3
245 3
28 4
56 2
747 3
391 3
793 2
604 2
422 1
442 3
85 2
277 1
252 5
638 2
82 2
333 2
386 3
311 1
366 2
486 4
502 1
335 2
644 2
123 2
60 3
276 5
398 1
719 5
585 3
657 4
584 2
538 3
434 1
512 2
727 1
562 3
94 3
342 2
769 1
286 3
513 1
529 2
31 2
212 1
135 2
183 2
457 2
136 3
45 2
495 2
1 1
483 3
701 5
505 4
146 2
32 5
708 2
98 1
70 2
736 1
312 2
69 1
551 2
713 1
125 3
387 2
382 2
26 3
485 2
580 2
761 2
377 1
244 1
728 4
61 2
194 2
559 3
7 1
320 3
749 2
234 3
259 4
140 3
172 2
704 3
506 3
22 1
292 1
456 3
498 3
560 3
668 2
543 2
329 1
371 3
481 1
573 3
151 1
561 2
777 2
93 1
249 3
570 1
279 3
175 1
453 2
617 1
437 2
226 2
472 2
663 2
698 3
11 1
253 3
552 3
341 3
131 1
74 3
407 2
615 3
685 1
449 2
515 4
72 2
347 1
121 2
433 2
771 1
567 1
228 1
610 2
477 2
601 2
678 1
141 4
686 2
426 2
319 1
95 2
690 2
731 2
328 2
156 1
579 1
6 4
447 1
517 3
628 1
177 2
568 1
737 2
653 2
553 2
565 1
301 2
2 3
435 2
39 2
730 1
110 1
150 1
283 3
656 3
55 4
256 2
120 2
80 1
364 3
281 1
492 1
137 4
436 1
297 2
794 1
303 3
571 1
448 1
518 2
420 1
729 2
635 1
696 3
691 3
203 2
323 2
195 1
238 1
114 1
742 1
193 2
322 1
482 1
251 1
541 1
144 2
716 2
174 1
526 2
611 2
733 1
190 1
572 4
496 1
624 1
491 2
71 3
676 1
59 1
465 1
355 4
751 1
65 2
709 3
523 1
606 3
164 1
463 1
522 1
745 1
786 2
757 1
419 2
50 2
558 2
196 1
462 1
321 1
721 1
670 3
158 1
138 1
350 1
345 1
634 2
77 3
237 1
639 1
24 1
81 1
162 1
460 1
773 1
595 2
759 1
248 1
521 1
774 1
236 1
723 1
9 1
499 1
73 1
307 1
643 1
609 1
player: 11 Individualist
393 6
777 3
125 3
559 3
100 2
291 4
534 7
523 3
63 3
142 5
276 4
17 6
192 2
214 3
30 3
338 8
378 3
711 4
351 2
174 2
162 3
157 2
134 6
310 3
105 2
700 5
683 5
724 4
85 4
93 3
734 3
258 2
121 6
346 3
215 5
726 6
710 3
350 4
34 2
187 4
198 4
504 4
270 3
164 5
500 3
155 5
717 1
202 2
602 1
339 2
171 2
264 1
124 2
616 3
267 4
681 2
153 2
366 4
719 4
430 4
417 4
493 2
520 3
16 3
363 3
595 2
535 4
718 4
653 7
703 2
797 8
509 1
139 5
764 4
528 5
86 1
53 6
413 3
205 4
573 2
526 2
102 3
763 4
537 4
373 4
181 4
421 5
306 2
27 5
498 5
723 2
113 5
619 5
517 7
752 4
207 1
539 1
385 4
176 1
709 2
50 4
747 4
510 4
796 1
48 3
295 3
247 4
707 7
452 2
110 4
677 3
514 2
779 4
743 5
6 2
150 3
601 3
87 1
485 2
661 1
784 3
151 3
399 3
203 3
672 5
380 3
428 3
652 3
67 4
419 4
103 2
300 4
387 1
696 5
401 2
630 3
206 3
293 4
674 5
260 5
456 7
69 4
716 4
425 2
728 4
328 1
631 1
319 2
36 6
314 4
753 5
73 3
762 3
618 2
496 4
349 4
268 2
610 2
524 3
566 4
679 3
84 1
578 2
170 3
606 4
516 1
20 3
424 4
684 3
434 6
546 2
592 2
733 5
593 2
127 4
576 3
530 2
98 4
191 4
185 1
141 4
497 4
143 1
426 3
80 4
775 5
459 2
785 3
341 7
466 3
376 2
545 2
274 3
436 2
213 3
106 5
660 2
754 6
461 2
234 4
391 3
128 4
649 4
326 2
557 3
792 2
488 8
405 5
571 3
364 1
235 2
368 4
189 4
332 5
678 3
768 2
663 4
138 4
382 3
296 3
563 5
706 2
642 3
473 4
237 3
285 2
750 3
647 2
14 1
451 3
145 1
499 4
407 3
541 3
71 6
21 4
381 2
263 3
654 5
587 2
133 3
64 2
257 3
745 5
79 3
519 3
441 4
289 6
507 4
49 3
438 5
160 3
13 1
329 1
334 4
675 5
410 5
224 4
15 1
604 2
492 1
508 2
109 5
294 2
782 3
749 4
439 5
209 3
406 3
735 2
83 2
62 2
131 4
643 2
66 5
422 3
585 3
515 3
651 2
208 5
794 5
697 5
178 3
70 5
7 1
99 2
450 3
505 1
228 2
74 4
193 5
556 1
773 5
287 1
474 2
180 3
462 2
104 6
211 4
186 3
222 4
107 2
766 3
583 4
331 3
429 2
739 3
246 1
377 5
56 1
44 5
624 2
230 2
333 2
423 3
240 5
671 3
304 2
172 4
3 3
568 3
217 4
402 1
299 2
238 2
177 2
88 3
227 2
316 4
495 2
669 1
353 3
765 3
352 4
398 3
374 5
147 1
190 3
622 3
390 3
599 6
598 1
625 4
158 4
558 2
685 2
78 5
265 1
454 2
327 5
564 2
292 3
37 2
432 2
318 3
367 2
465 5
324 3
23 2
609 3
42 2
210 6
123 2
736 6
307 2
182 2
756 3
787 3
39 4
5 1
24 3
409 4
26 3
579 2
484 3
463 4
236 5
372 2
780 3
758 3
477 3
244 2
126 2
482 1
348 3
494 3
525 2
767 3
670 3
175 2
420 4
411 2
212 3
43 5
360 1
389 2
19 4
639 3
793 4
52 2
168 5
166 4
688 3
297 5
72 5
755 1
248 4
342 3
82 5
586 3
713 4
715 4
533 2
447 2
220 2
596 5
699 2
340 3
503 2
744 3
259 3
77 3
97 4
628 3
136 3
243 1
317 2
714 3
608 2
392 2
471 3
594 5
656 2
757 1
219 6
584 2
634 1
201 1
397 1
256 2
315 2
183 1
693 2
646 4
542 4
60 2
644 2
266 1
35 3
732 2
570 2
29 4
689 2
695 1
57 2
544 4
687 4
301 1
330 2
279 4
737 2
412 2
490 3
613 4
692 3
167 4
282 2
580 2
403 7
275 4
283 3
468 2
521 1
418 2
561 5
277 1
199 1
440 1
45 4
635 1
702 2
159 2
281 3
76 2
394 3
33 4
278 4
54 2
740 1
705 4
322 3
395 1
216 3
470 1
607 3
772 3
783 2
448 4
673 2
152 2
370 2
581 3
51 2
722 1
61 3
140 1
621 2
532 2
321 3
92 1
659 2
161 2
720 1
325 2
457 1
658 1
435 4
789 2
386 2
336 4
379 1
68 3
590 1
221 2
91 6
75 2
589 1
712 3
476 3
612 1
638 1
771 4
323 2
691 2
195 1
460 4
231 2
416 1
165 3
547 3
483 3
28 2
529 1
511 4
46 4
4 1
65 2
194 1
357 1
384 1
312 1
637 3
742 2
356 2
795 3
731 2
611 3
550 2
527 2
698 2
633 3
572 2
302 5
486 4
361 3
518 2
375 1
284 2
778 2
163 1
130 2
746 2
501 2
664 2
522 3
449 2
657 2
115 2
567 2
119 3
769 2
560 5
759 4
254 4
11 2
288 3
31 1
262 1
96 2
444 1
309 2
188 3
156 4
597 2
433 1
25 6
554 2
617 1
575 1
553 3
668 4
184 1
12 3
305 2
481 1
8 4
774 2
116 3
223 1
249 3
117 1
58 2
269 2
480 2
132 1
569 2
225 3
798 1
655 2
118 2
770 1
90 2
540 1
603 3
135 1
101 2
781 2
344 3
415 1
626 1
226 5
725 1
313 3
666 1
640 3
204 1
620 1
636 1
776 2
751 3
708 2
47 1
286 2
311 1
641 2
650 2
799 1
614 3
582 3
727 2
89 1
41 1
149 1
114 1
467 1
383 2
388 1
369 3
414 1
551 1
442 2
112 1
122 1
200 1
303 2
565 2
445 3
245 1
59 2
232 1
645 2
676 2
478 2
95 1
354 3
253 2
169 3
574 1
543 1
538 2
491 1
662 1
788 3
549 2
562 1
472 1
250 2
790 3
458 2
371 1
241 1
469 1
404 2
252 1
2 1
233 1
512 1
347 1
396 1
513 1
721 1
455 1
261 1
701 3
1 1
408 1
272 2
690 1
555 1
358 1
479 2
108 2
120 2
320 2
786 1
242 2
615 1
760 2
667 1
271 2
548 2
365 1
730 1
443 1
600 1
665 1
400 1
218 1
81 1
179 1
694 1
437 1
player: 14 Individualist
371 5
265 3
403 2
308 4
45 3
293 1
189 2
370 2
129 1
120 3
693 4
513 2
201 2
136 4
92 6
672 6
753 5
484 7
487 2
789 1
476 4
386 4
90 4
428 2
419 3
32 2
729 4
447 6
445 2
494 5
122 4
302 2
551 4
666 7
25 5
793 3
496 3
54 2
440 4
192 3
148 3
429 3
106 4
281 2
89 3
243 3
389 6
173 4
48 3
405 1
40 3
27 2
28 4
486 3
2 2
195 4
76 4
56 3
97 1
504 4
273 4
14 3
266 4
99 2
634 4
355 3
748 6
74 3
69 4
329 4
401 2
686 4
167 2
376 4
367 4
334 5
100 3
357 2
661 4
421 4
307 4
710 4
480 4
331 4
640 2
673 4
194 2
301 5
84 4
95 6
205 3
388 3
125 3
455 4
727 4
723 3
725 3
85 5
252 3
155 3
473 2
769 3
199 5
285 2
289 5
117 3
572 4
413 3
70 4
679 7
203 5
158 4
20 1
615 2
510 5
91 3
689 4
11 3
319 3
369 2
599 1
794 2
522 3
784 3
186 4
332 3
681 3
415 3
22 3
746 3
150 2
342 3
183 4
547 4
402 4
188 6
635 6
306 4
449 4
624 4
296 6
137 3
611 1
259 4
71 2
767 5
680 3
533 4
569 2
79 7
643 3
744 3
571 2
477 2
479 3
531 4
80 5
236 4
782 5
408 1
697 4
674 5
537 4
233 3
687 3
86 3
765 4
575 3
541 2
381 4
61 5
168 3
529 4
128 1
739 3
604 5
239 3
554 4
312 4
600 4
242 3
204 2
31 3
756 3
276 4
362 3
352 4
392 3
134 1
726 3
685 4
566 1
701 4
160 3
165 4
735 2
310 6
570 2
351 2
226 3
771 2
482 2
435 3
692 4
711 7
349 3
620 3
64 2
268 3
607 2
235 7
98 2
344 1
660 3
761 2
442 4
602 3
253 5
644 4
267 5
567 3
562 5
563 2
754 7
579 3
517 4
609 1
561 3
227 1
336 3
664 2
678 2
712 5
791 4
715 3
387 2
713 4
544 2
280 2
42 4
179 5
472 3
776 5
781 2
59 2
788 5
21 6
151 1
500 2
180 3
116 4
587 2
535 4
317 5
33 4
67 3
368 1
211 4
146 4
219 3
16 2
223 2
766 4
427 2
530 3
521 4
416 2
780 4
431 1
450 1
62 4
406 3
124 5
378 3
694 5
626 1
209 3
52 1
481 3
453 3
55 4
384 4
629 2
594 4
88 2
509 3
796 6
341 3
82 2
38 3
75 2
175 2
439 3
170 6
374 5
326 3
638 5
485 2
548 4
258 1
193 3
323 4
304 3
542 4
691 3
549 2
171 2
63 3
648 3
286 1
659 3
241 2
675 3
762 3
539 4
621 3
722 6
528 2
591 2
338 5
568 2
534 4
668 2
264 3
270 1
773 3
718 5
279 2
123 5
143 1
224 2
277 2
372 3
452 4
742 3
584 4
515 2
178 4
358 4
559 3
249 2
359 1
318 4
348 3
314 2
375 4
489 1
592 1
759 2
399 3
422 5
39 5
295 4
471 1
688 1
423 4
682 1
488 2
94 3
669 1
628 2
108 4
676 4
469 1
119 5
608 5
228 3
409 2
396 1
657 2
46 4
288 1
458 4
333 2
708 2
393 4
298 2
141 3
299 1
4 4
633 3
271 3
10 2
257 2
339 2
5 3
630 5
464 3
501 4
6 2
51 5
321 4
632 2
778 3
641 2
426 4
316 7
777 2
653 2
466 3
315 2
740 2
394 2
438 1
340 2
251 5
649 2
647 1
503 4
138 4
420 2
690 1
618 3
327 11
1 1
743 1
483 3
502 2
111 2
15 4
77 6
347 2
576 3
736 2
430 1
585 3
313 2
350 3
383 1
553 1
337 1
665 4
231 3
436 4
670 2
142 1
282 5
507 2
656 3
207 3
93 1
425 2
35 2
254 1
30 3
343 2
37 2
580 2
13 2
700 3
377 1
508 1
345 4
83 1
677 2
731 4
218 3
152 6
53 2
410 1
596 1
589 2
118 1
613 1
41 3
110 4
764 1
303 1
719 1
198 2
519 4
23 2
190 3
335 3
747 2
66 2
582 2
475 1
78 3
491 4
790 2
73 2
395 4
147 2
107 1
639 1
24 2
707 3
398 3
263 5
262 1
121 3
623 1
709 6
202 5
470 1
695 2
382 3
18 4
646 3
593 1
356 2
704 1
145 4
461 1
617 4
637 4
601 1
645 3
60 2
290 2
798 2
463 2
132 5
153 3
248 2
498 3
177 4
532 2
702 2
588 1
149 1
706 4
320 2
197 1
3 1
663 3
206 1
414 4
275 1
287 2
418 1
291 2
786 4
131 1
44 4
261 3
324 5
698 2
490 1
114 2
112 2
520 2
434 1
760 1
411 3
495 3
156 1
525 1
104 3
433 2
365 5
247 2
274 4
636 1
213 2
390 3
397 3
230 1
354 4
752 1
102 1
728 1
625 3
573 3
81 3
185 2
17 1
126 4
8 1
432 2
256 2
292 3
652 5
606 2
622 5
454 1
72 3
50 1
444 4
565 1
478 1
741 1
297 3
564 3
353 1
29 2
68 3
779 2
294 2
785 3
768 2
721 1
757 1
174 1
162 3
631 3
603 2
221 1
225 3
361 1
787 1
642 3
404 2
696 1
595 3
671 2
755 1
412 3
373 2
716 1
714 2
191 2
655 3
555 1
244 1
720 1
130 1
49 1
87 1
216 1
583 2
229 4
492 2
737 2
135 4
650 2
456 3
763 3
154 5
546 2
7 1
36 1
465 4
734 2
109 3
330 3
586 1
526 1
654 4
9 2
58 3
578 3
360 3
614 1
545 3
724 2
269 2
590 2
738 1
34 1
627 2
538 1
364 1
380 2
523 4
556 1
514 2
172 2
101 1
346 3
474 2
217 2
705 2
598 1
658 1
703 2
662 2
699 2
214 2
238 2
278 2
558 1
524 1
144 1
139 1
424 1
518 3
683 1
792 2
499 2
325 1
26 2
443 3
240 3
543 4
43 1
182 2
212 1
506 1
309 1
208 2
511 1
749 1
166 2
550 1
260 2
758 1
527 1
300 1
210 1
200 4
497 1
284 2
196 2
305 1
468 1
462 2
451 2
181 2
113 1
540 1
775 1
164 1
619 1
250 1
493 2
255 1
163 1
733 1
797 1
407 1
581 1
446 1
220 1
574 1
745 1
577 1
159 1
560 1
140 1
103 1
400 1
157 1
283 1
player: 7 Individualist
346 2
290 1
769 2
107 3
531 4
7 6
764 4
587 2
35 3
642 5
440 5
662 4
87 5
466 3
57 4
311 2
296 2
693 2
592 4
461 3
685 1
181 1
179 5
398 2
88 3
113 5
738 3
428 3
560 4
684 5
348 4
327 3
747 4
614 7
640 6
180 5
533 6
240 6
401 2
585 3
46 5
29 8
444 4
623 7
68 5
59 3
155 4
200 5
410 6
356 3
582 2
12 4
452 5
120 4
370 1
168 4
185 3
86 4
262 6
599 3
371 3
761 4
588 3
344 4
5 8
426 4
447 5
209 2
511 4
608 6
637 5
139 1
132 4
446 2
299 4
554 2
779 3
725 4
310 3
706 5
530 2
497 4
792 2
294 3
372 3
594 2
98 2
464 3
160 2
144 2
183 4
749 3
228 5
460 4
289 6
543 1
478 3
475 3
154 3
661 4
720 2
519 3
127 5
525 4
178 5
65 5
491 3
69 1
395 4
714 1
691 1
137 4
110 2
532 3
717 2
703 3
261 1
795 6
74 2
681 2
581 2
766 4
548 3
589 1
439 2
79 2
102 1
591 3
618 3
380 3
247 1
680 2
467 3
218 1
251 5
329 1
514 3
114 5
39 2
36 2
243 3
635 3
781 1
602 3
84 2
195 3
105 5
361 3
309 3
230 4
462 2
253 4
194 2
196 2
157 6
142 1
549 3
258 4
648 4
453 4
153 3
655 3
208 6
77 4
551 5
175 2
574 5
58 3
115 6
713 3
783 4
476 2
248 4
632 4
85 4
728 6
92 1
246 2
242 1
540 2
786 2
721 3
472 1
767 2
10 3
520 1
317 3
229 2
741 7
334 2
689 3
495 2
797 3
628 3
91 4
364 3
186 4
526 3
358 4
106 2
16 6
487 4
658 2
3 2
626 6
561 3
140 1
420 3
9 3
67 5
445 3
19 4
231 2
416 2
27 3
704 2
49 2
220 3
423 4
663 3
141 3
513 7
753 2
400 5
61 2
304 3
305 2
216 1
89 2
75 3
83 2
60 2
206 2
641 4
349 10
523 2
536 3
504 5
389 2
654 2
436 4
675 4
411 7
756 4
222 3
390 2
631 3
616 2
509 1
547 4
448 2
269 5
763 3
485 2
227 4
52 5
345 2
276 4
82 5
325 6
710 4
241 6
751 4
350 4
367 5
90 3
397 2
211 3
651 3
97 2
239 7
569 3
492 3
265 4
535 3
119 4
498 3
376 7
507 1
13 3
336 1
730 1
116 3
620 2
573 5
596 5
295 3
421 2
233 3
604 4
692 4
645 2
339 1
47 2
454 4
425 2
776 4
586 4
33 2
192 3
683 4
236 1
463 3
193 1
700 2
368 2
335 4
318 4
95 2
171 3
274 4
11 2
441 2
264 4
494 2
414 2
129 4
272 4
727 4
565 1
172 1
771 3
665 2
437 6
128 1
369 5
457 2
755 2
96 2
214 6
716 2
564 2
338 2
521 2
431 1
450 1
99 2
163 3
566 3
145 4
622 3
605 4
737 3
474 2
679 1
583 1
552 2
2 1
522 2
66 1
123 2
14 2
432 4
385 3
235 1
374 5
279 1
647 4
493 2
122 2
528 5
328 4
789 3
249 5
544 3
496 1
698 3
162 2
286 7
576 2
312 2
101 2
606 5
177 4
559 3
643 3
125 3
719 3
510 2
25 3
204 2
373 4
435 4
219 1
598 3
633 3
433 2
745 1
670 2
656 1
126 4
785 4
405 4
538 3
270 1
281 3
563 5
718 3
377 1
259 2
21 1
790 3
213 3
609 6
701 4
383 2
794 1
244 2
516 3
459 5
674 2
422 3
502 4
54 2
762 3
529 5
484 3
687 3
278 5
734 2
381 2
780 2
215 5
298 4
189 3
646 2
707 1
676 2
34 5
201 2
438 3
342 3
135 3
735 1
729 3
62 1
6 4
131 2
595 2
708 4
650 1
479 5
232 4
365 5
20 4
103 1
768 3
149 2
512 1
207 1
669 3
382 5
148 3
499 1
147 4
326 3
71 4
121 3
793 2
234 2
571 1
184 6
610 2
542 3
603 1
417 2
333 2
158 5
758 1
31 2
488 1
291 2
619 3
736 1
23 5
723 2
303 4
470 4
541 1
386 3
51 2
580 3
545 2
315 1
43 5
562 2
775 5
288 2
150 2
506 2
302 2
760 4
403 3
636 4
705 4
666 3
471 1
672 2
555 4
773 3
388 1
271 2
166 1
709 7
652 2
18 2
188 1
612 3
451 1
791 3
607 2
744 1
197 4
621 2
568 2
292 3
357 3
277 2
694 2
613 2
56 5
256 3
629 3
415 1
402 3
639 5
750 1
316 3
104 2
284 1
138 2
78 2
539 3
275 4
375 3
118 1
254 3
81 2
567 1
601 3
199 3
323 2
22 2
787 2
615 3
4 3
224 2
257 1
347 2
748 5
759 1
695 2
746 2
391 1
752 2
778 3
117 1
363 2
597 3
434 2
396 3
715 2
48 3
557 3
45 3
64 2
644 3
111 2
624 2
409 1
324 3
743 1
268 2
575 3
100 2
490 3
341 2
765 2
297 2
202 3
379 1
418 2
664 2
80 1
638 2
287 1
757 1
320 2
550 5
482 2
343 2
17 2
659 2
225 1
260 1
174 5
465 1
280 3
337 2
481 2
293 1
191 2
517 2
579 3
515 1
726 1
266 5
392 2
799 6
673 4
203 1
625 1
182 1
301 1
353 4
221 1
427 2
1 3
798 2
44 1
524 2
486 2
503 2
796 3
359 3
722 1
217 2
32 2
784 2
146 3
456 1
660 2
394 1
300 1
393 2
38 2
469 1
164 2
590 1
255 2
593 1
362 1
156 1
330 2
399 2
94 1
777 2
688 2
627 1
267 1
732 1
50 2
630 1
572 2
739 2
788 2
282 1
408 2
712 3
611 2
657 1
430 1
354 2
37 3
690 3
699 4
742 2
340 1
527 1
458 2
8 2
404 2
306 2
283 1
634 2
443 1
501 2
252 2
167 2
653 1
198 3
133 1
617 1
702 1
143 1
285 1
366 2
238 1
331 2
534 2
678 1
407 1
321 1
489 3
53 2
176 3
245 2
558 1
754 1
151 2
584 1
28 1
165 1
429 1
212 1
387 1
24 1
772 1
686 1
322 2
190 1
577 1
731 1
677 1
351 1
93 2
136 3
442 3
578 1
263 1
152 1
556 1
424 1
546 1
319 2
473 1
412 1
537 1
70 1
41 2
553 1
697 1
419 1
76 1
161 1
237 1
468 1
rank player: 0 Individualist
14 107
5 110
9 124
18 116
6 97
3 126
4 101
10 110
8 96
15 125
17 124
12 99
2 89
1 117
11 115
13 125
7 109
16 110
rank player: 10 Individualist
8 102
15 114
4 112
17 119
10 120
16 118
7 114
1 109
6 110
2 99
13 112
12 116
11 110
14 109
9 106
18 119
5 99
3 112
rank player: 13 Individualist
11 105
6 101
1 101
12 128
5 118
16 114
10 108
2 124
9 106
8 114
18 111
17 120
3 97
7 109
14 127
13 115
15 92
4 110
rank player: 8 Individualist
18 128
3 113
13 100
14 118
2 118
12 102
1 129
9 97
8 120
11 114
7 108
5 104
10 117
4 103
15 110
6 114
17 96
16 109
rank player: 3 Individualist
15 100
4 120
5 102
6 136
17 119
13 111
10 110
3 101
11 107
16 113
2 110
14 97
12 122
1 104
18 108
8 121
9 102
7 117
rank player: 1 Individualist
6 103
10 103
7 124
11 124
15 104
13 128
1 120
12 117
4 101
3 106
2 102
14 127
16 115
9 127
5 133
8 103
17 82
18 81
rank player: 4 Individualist
10 108
2 115
6 107
9 125
4 111
7 112
11 99
13 110
14 112
16 118
12 117
5 113
17 108
1 107
15 119
8 101
18 114
3 104
rank player: 17 Individualist
4 126
17 123
10 112
13 108
3 109
14 125
16 96
12 107
8 109
11 97
1 102
9 115
15 111
2 116
7 112
18 112
6 111
5 109
rank player: 5 Individualist
7 99
11 117
18 112
16 120
6 116
5 128
4 107
2 103
13 112
15 109
17 97
10 112
14 90
12 118
3 127
9 116
1 103
8 114
rank player: 16 Individualist
3 115
14 113
11 113
15 115
12 119
18 106
17 126
10 109
8 98
5 125
2 110
7 100
9 115
4 104
1 103
16 101
13 116
6 112
rank player: 9 Individualist
16 108
7 111
17 104
2 105
3 111
1 116
4 117
18 120
15 128
12 100
5 113
9 116
8 103
13 102
6 114
10 129
14 92
11 111
rank player: 2 Individualist
2 109
13 117
3 115
14 113
8 124
12 111
9 112
5 99
15 114
7 123
4 115
16 135
10 92
18 107
1 109
6 100
17 89
11 116
rank player: 6 Individualist
1 92
15 121
4 98
11 127
13 105
8 132
10 118
2 127
7 108
9 92
3 117
14 111
5 99
16 83
17 130
18 119
12 113
6 108
rank player: 15 Individualist
17 111
12 98
14 128
10 111
13 98
3 108
11 116
5 103
4 118
18 117
16 119
7 101
1 113
6 131
9 113
8 98
2 114
15 103
rank player: 12 Individualist
5 114
16 106
12 120
8 112
9 113
17 102
7 115
6 118
11 104
13 102
10 101
18 99
14 107
15 115
4 109
2 136
1 116
3 111
rank player: 11 Individualist
13 100
18 114
2 112
11 111
4 112
7 111
15 110
12 106
1 118
5 105
9 109
8 119
16 112
3 119
6 106
10 107
17 127
14 102
rank player: 14 Individualist
12 103
8 113
5 128
1 115
9 119
2 108
4 123
16 123
6 105
3 100
17 109
13 129
10 116
7 109
11 91
14 110
18 101
15 98
rank player: 7 Individualist
9 93
16 100
1 126
18 116
12 104
14 112
10 117
15 112
7 118
6 111
11 123
4 113
2 103
5 98
17 114
13 110
8 121
3 109
