player: 0 Altruist
75 4
200 3
545 5
793 3
406 4
224 2
791 4
720 1
147 1
6 3
451 3
749 4
788 2
234 2
16 1
51 6
633 2
680 3
225 3
35 2
79 5
169 3
473 3
233 1
115 4
124 6
249 2
653 2
409 5
458 5
177 5
386 5
734 4
331 6
495 3
39 4
617 2
639 3
413 5
758 3
137 3
558 3
41 1
541 3
38 2
447 7
428 3
372 6
777 4
267 6
408 4
219 4
92 1
426 5
291 3
544 5
771 3
629 4
15 6
612 3
270 6
672 1
288 3
565 2
536 5
605 4
235 2
227 3
535 3
652 2
773 4
242 7
459 2
52 3
353 3
214 5
717 1
767 5
518 4
636 3
9 3
301 4
468 3
743 1
228 1
380 3
645 2
375 5
416 2
435 3
114 1
521 8
154 3
431 6
787 3
186 3
626 2
377 3
226 3
479 7
396 2
71 4
345 3
266 2
306 5
243 5
425 3
523 9
646 3
127 5
619 2
48 3
113 5
648 3
744 3
84 3
533 3
578 3
770 6
664 4
641 3
492 3
623 3
191 4
88 5
711 2
322 3
368 5
572 3
18 8
567 3
709 2
520 4
329 4
688 4
526 3
634 6
467 4
768 5
148 3
548 2
26 2
326 2
453 4
600 3
569 3
748 3
248 6
54 2
261 4
412 1
216 4
161 5
581 4
184 3
594 4
682 1
323 2
97 3
77 6
364 2
157 6
149 4
394 3
275 1
378 5
370 1
215 3
385 3
260 5
437 2
707 2
178 8
312 3
64 3
405 1
27 2
110 4
123 5
733 1
554 3
599 2
710 3
625 4
433 5
21 2
196 7
592 4
376 3
63 3
596 2
362 4
232 1
144 2
739 3
684 2
583 1
56 4
383 6
644 1
491 3
347 1
715 3
346 3
277 3
508 3
422 1
258 3
439 6
208 4
665 1
441 3
671 3
420 2
608 3
290 2
415 4
783 3
19 6
469 4
765 1
551 3
310 4
747 1
152 7
185 4
65 4
262 4
197 4
429 4
12 2
361 2
693 2
660 4
427 3
424 3
24 3
661 2
283 3
68 5
55 2
10 3
379 1
293 3
681 2
83 2
89 1
250 2
108 4
31 3
487 3
780 2
33 2
349 4
298 2
86 2
721 1
649 4
141 3
478 4
343 3
769 3
175 3
308 2
602 3
514 4
187 6
195 4
515 4
529 2
105 3
708 1
263 3
25 1
45 3
407 1
240 3
57 2
168 1
76 2
130 3
553 2
676 2
799 3
199 2
317 2
85 2
136 1
155 1
119 1
539 3
546 3
325 4
448 2
32 3
534 3
369 7
494 3
118 4
94 2
457 2
69 2
538 3
677 3
212 2
696 3
446 3
164 1
699 4
272 5
397 2
122 5
430 2
28 6
463 3
131 4
622 2
80 1
59 5
109 1
421 4
357 3
722 2
274 4
355 3
540 4
399 5
210 5
573 2
333 6
42 4
327 4
438 2
179 1
321 5
190 3
198 3
503 2
712 5
778 6
395 1
560 5
204 3
603 2
47 2
241 3
656 4
264 8
354 2
736 3
704 3
400 1
201 2
163 2
689 1
335 3
58 1
99 1
351 6
500 3
674 2
125 3
519 4
725 2
588 2
512 1
731 2
297 2
414 3
350 3
156 2
794 3
367 8
98 1
238 2
537 4
404 3
328 1
719 3
363 2
285 3
507 2
675 2
112 7
162 7
231 2
474 1
279 3
471 1
797 4
454 2
568 3
230 4
658 3
373 4
281 4
613 2
40 2
73 4
547 1
772 2
571 2
334 4
695 2
556 1
631 2
188 2
635 1
779 4
444 4
640 4
686 4
750 4
440 3
528 4
452 4
366 4
659 3
792 3
315 2
150 3
302 2
670 1
344 1
332 3
480 4
628 2
341 3
139 3
595 4
171 2
593 3
789 1
737 2
589 3
510 7
132 4
701 2
434 2
391 1
692 2
246 4
502 2
590 4
189 3
742 5
730 4
299 3
615 2
135 2
1 2
483 2
66 3
746 1
104 4
239 1
501 3
384 2
389 4
403 2
669 3
486 2
211 1
305 6
580 1
166 1
411 1
295 3
505 4
562 2
393 4
668 3
667 5
761 2
410 1
348 2
153 1
309 5
460 1
477 2
522 1
271 2
752 2
304 1
29 2
117 1
129 2
330 4
782 3
493 2
561 2
591 2
181 3
14 4
638 5
796 7
506 2
763 3
738 3
559 1
352 4
577 2
183 1
786 3
209 3
607 6
180 1
484 3
46 2
81 1
49 2
443 1
455 3
604 1
116 2
296 5
614 1
531 2
570 2
371 2
732 1
387 5
417 2
82 2
610 2
251 3
318 3
532 3
100 1
462 3
229 2
662 1
205 2
359 3
78 3
72 1
93 1
374 4
564 2
174 1
496 4
254 3
67 3
292 3
336 3
550 4
714 1
470 2
702 1
182 4
563 2
53 3
489 1
762 1
284 3
7 4
485 2
798 2
775 4
207 2
706 1
488 4
61 3
220 3
206 1
245 3
50 5
542 1
339 2
172 1
360 2
557 1
611 3
766 3
194 2
2 4
764 2
381 2
630 2
654 1
609 2
543 3
713 2
37 3
585 4
192 1
785 1
432 1
632 1
476 3
90 4
106 3
287 3
597 4
133 2
358 1
511 3
320 1
398 5
388 2
726 2
259 1
30 4
286 2
255 1
466 2
8 1
17 2
20 2
36 2
419 1
663 2
718 2
324 2
418 1
498 2
392 2
342 1
584 2
509 2
513 2
647 1
694 2
96 1
126 3
621 1
173 3
525 2
44 2
265 4
167 5
753 2
145 3
158 2
643 2
549 3
307 3
74 2
490 1
121 3
111 3
314 3
311 2
642 2
757 1
724 2
727 1
499 2
445 3
146 1
760 1
655 3
142 1
60 1
269 1
555 1
102 1
134 2
751 2
442 1
221 3
576 1
3 3
620 2
160 3
107 1
103 2
282 1
4 2
268 1
697 2
759 1
698 1
87 3
140 3
456 1
202 2
289 2
252 3
691 2
616 2
756 1
464 1
657 1
11 3
685 1
203 1
781 2
62 1
34 1
716 1
340 2
273 1
624 1
566 2
43 1
690 1
313 1
22 2
276 2
449 1
517 2
504 1
598 1
790 1
213 1
745 1
138 1
703 1
423 2
151 3
579 1
679 1
390 2
516 1
91 1
784 1
128 2
461 1
23 1
303 1
382 1
673 1
13 1
481 1
401 1
475 1
70 1
723 1
552 1
player: 8 Competitive
455 3
654 3
90 3
329 4
374 6
745 2
264 3
609 2
403 2
721 3
84 2
570 1
71 5
752 5
173 2
516 1
635 4
110 3
648 9
716 3
41 1
185 4
417 2
197 5
369 6
394 3
392 7
583 2
208 1
276 2
50 7
419 3
797 2
725 3
509 2
346 4
73 3
126 6
698 4
707 4
715 3
314 2
257 5
251 4
339 4
634 3
543 1
683 3
222 1
426 5
186 4
120 3
557 5
242 6
445 5
696 3
67 6
488 3
414 7
766 3
68 3
205 5
311 2
312 1
265 3
614 1
540 3
25 2
288 4
105 5
728 2
325 2
72 5
420 2
115 3
457 2
638 5
759 5
513 2
159 4
262 3
712 3
607 3
593 4
786 5
708 5
224 5
145 4
100 5
436 3
504 2
769 1
418 1
356 1
618 1
182 4
407 6
796 2
8 8
459 2
273 2
55 4
234 2
597 3
680 2
393 4
13 8
741 1
584 4
605 7
191 6
66 4
590 2
171 2
761 3
484 3
587 3
216 2
623 2
340 3
679 2
24 2
423 3
627 3
576 5
286 3
565 3
4 7
22 5
107 4
656 7
42 2
345 4
296 5
521 2
467 3
556 6
704 3
785 2
161 4
755 3
676 4
337 3
567 5
17 4
233 2
750 3
166 2
371 2
278 5
58 3
243 2
530 3
221 3
127 2
190 2
592 2
54 2
384 5
226 2
169 6
639 1
784 3
117 3
334 1
538 2
160 3
113 3
747 3
681 4
602 3
554 4
408 2
620 3
12 6
389 4
398 2
343 2
463 4
776 3
532 2
495 2
267 3
714 4
237 2
546 6
239 7
533 5
88 3
443 5
636 3
180 6
285 2
315 5
651 4
210 6
11 4
617 3
531 8
112 2
791 2
321 4
14 2
10 2
413 3
342 3
545 3
763 1
524 4
388 2
468 2
453 2
421 4
327 5
230 6
685 5
667 1
781 4
677 3
279 3
103 3
142 5
199 4
405 2
444 3
440 1
723 3
555 1
713 2
247 3
622 2
559 5
63 3
206 1
652 3
541 5
506 5
378 3
235 2
740 3
502 3
252 3
316 2
19 1
647 1
475 1
520 1
40 2
400 2
382 4
122 2
489 3
470 3
422 4
702 3
672 3
731 1
313 3
746 5
756 4
537 3
695 2
108 2
256 5
20 5
662 3
308 4
578 3
604 4
360 6
158 2
649 3
214 7
147 5
150 3
663 3
739 5
177 4
631 5
241 5
172 3
535 6
462 6
231 4
581 2
377 4
549 2
596 2
684 2
591 3
718 3
482 7
368 1
666 1
598 4
758 4
624 2
249 3
335 3
536 4
577 5
749 4
131 3
669 3
355 2
70 2
497 2
626 3
96 5
301 5
307 2
691 4
291 1
227 4
788 3
674 6
659 3
298 4
404 3
433 2
409 3
601 2
424 1
168 4
91 2
69 3
317 3
550 3
324 5
198 3
699 2
220 3
74 1
354 4
395 2
3 2
465 2
514 3
170 5
644 2
344 3
552 2
361 4
529 3
619 3
2 2
254 1
328 2
306 2
272 1
23 3
575 1
724 1
135 3
79 3
789 3
643 3
303 3
579 2
458 5
27 3
798 4
183 2
547 3
266 2
375 1
7 2
616 3
490 4
178 3
366 5
157 3
56 1
655 5
629 1
499 1
268 4
77 5
305 4
202 3
196 3
491 2
566 4
260 2
292 5
770 2
15 1
473 2
401 4
212 1
141 2
595 1
39 5
43 2
542 3
548 2
764 3
700 2
633 1
121 3
479 3
152 3
558 1
665 2
236 3
192 2
794 1
47 1
777 1
682 3
283 2
21 3
493 3
359 2
65 3
450 2
92 2
574 1
481 5
269 4
527 3
664 4
280 2
564 2
429 3
255 5
435 2
653 3
738 4
211 1
773 4
510 3
123 1
701 1
505 3
449 2
102 4
44 1
118 2
673 4
621 3
143 2
733 2
245 1
573 3
568 2
585 2
45 2
193 2
225 3
517 3
240 2
719 3
49 3
525 2
9 3
767 3
281 3
289 4
551 2
358 2
383 5
586 3
232 1
33 2
658 1
318 6
431 1
246 5
688 3
124 1
744 3
496 1
261 5
507 2
657 3
203 1
287 4
615 1
258 2
729 3
511 1
125 2
29 3
331 2
690 3
57 4
765 2
36 3
553 2
38 3
6 2
209 4
52 3
411 1
415 4
53 3
64 4
1 3
743 1
735 6
62 3
80 3
133 2
451 4
78 4
326 1
365 3
689 3
687 1
18 3
149 3
686 1
534 1
140 3
790 3
478 4
562 4
675 1
611 2
188 1
332 4
37 2
606 2
348 1
480 2
717 1
640 3
720 2
630 1
353 3
483 2
385 1
357 1
782 1
571 3
727 3
582 1
612 3
300 2
427 3
397 1
762 2
109 2
522 1
668 5
213 2
352 2
104 2
362 1
661 1
710 1
146 2
589 4
200 1
588 2
628 1
437 2
442 2
711 2
709 2
646 2
779 3
500 1
174 3
472 1
670 3
447 3
694 1
399 1
187 3
139 2
99 4
768 3
250 3
370 1
560 1
293 4
402 3
730 2
26 2
461 3
270 2
387 1
282 1
391 2
215 1
772 3
671 2
32 1
732 2
151 1
748 2
515 2
111 2
263 1
737 2
101 1
98 2
412 1
132 1
446 2
284 3
59 1
134 2
114 2
774 2
523 3
439 2
456 1
678 3
277 1
425 5
660 2
519 2
692 1
390 2
46 1
599 1
518 6
498 2
705 1
569 1
460 3
380 3
608 2
244 2
207 3
238 2
87 1
508 3
641 2
347 2
452 2
116 1
338 2
30 2
793 2
299 1
464 1
130 1
487 1
734 1
81 2
775 1
76 2
642 3
760 1
195 1
722 2
95 3
162 5
248 5
86 3
603 2
477 1
703 2
492 1
310 2
304 3
154 3
697 3
486 1
376 2
5 1
787 2
128 1
610 2
438 2
61 1
228 3
364 3
476 3
181 2
302 1
351 2
319 2
75 1
416 2
274 4
432 1
406 1
580 2
613 4
379 1
189 2
217 1
736 2
563 2
428 1
474 1
544 2
526 1
780 1
175 1
275 2
323 2
155 1
754 1
600 1
204 1
350 1
138 1
136 1
201 1
539 1
373 1
528 2
184 2
469 1
753 2
594 2
106 1
322 1
706 1
94 1
349 2
34 2
363 1
82 1
219 1
83 2
454 2
625 1
792 1
89 1
253 2
28 1
751 2
561 1
485 1
271 1
448 1
778 1
48 2
148 2
494 1
410 1
637 1
501 1
144 1
386 1
player: 7 Individualist
20 2
439 2
537 5
198 6
122 5
15 2
713 3
729 5
603 6
642 4
403 2
528 5
655 5
260 3
80 2
286 1
201 2
676 3
720 3
705 1
396 4
151 1
477 7
756 1
509 5
303 6
262 3
429 3
452 3
372 3
219 2
792 3
731 3
85 3
730 7
718 3
699 3
289 3
120 3
423 2
389 4
663 3
159 5
514 2
339 2
485 5
306 4
560 2
469 1
136 3
391 2
141 5
578 1
25 3
519 2
627 4
544 3
529 4
715 5
169 3
28 2
76 2
562 3
270 10
600 1
446 3
365 2
585 3
723 3
759 4
3 6
725 4
266 4
579 4
496 2
282 3
443 5
589 6
685 4
550 3
661 2
743 4
515 3
437 2
701 1
223 4
438 3
623 7
504 1
238 3
102 4
752 4
726 3
595 2
161 4
71 3
394 1
672 3
491 2
360 2
208 3
130 5
250 4
321 4
501 5
474 3
337 3
679 5
13 2
618 3
361 3
566 2
511 5
228 2
635 3
116 3
53 3
497 6
753 5
775 1
19 1
409 6
722 2
744 3
184 3
81 1
683 4
486 3
427 3
284 3
89 2
249 3
449 6
235 3
489 3
797 6
241 3
320 4
464 5
30 6
445 4
166 2
92 2
180 5
77 4
214 3
351 4
395 3
302 2
246 2
281 1
16 8
202 5
540 4
780 2
649 4
204 6
748 2
733 2
240 1
10 3
468 6
114 5
712 3
516 3
162 3
312 4
68 4
508 3
128 4
134 2
381 6
751 1
499 2
125 2
55 3
40 3
285 3
264 3
736 4
788 2
91 4
46 4
90 1
708 3
182 5
225 4
187 4
155 2
665 4
680 3
620 2
295 2
419 4
622 3
319 1
111 1
582 2
750 4
647 4
552 3
404 4
586 3
197 2
70 2
667 6
773 6
740 1
84 3
626 4
323 2
458 3
124 2
271 1
673 3
313 3
57 3
541 3
132 2
371 2
276 2
279 9
737 3
567 3
31 2
310 3
768 3
700 3
29 4
494 5
629 2
148 5
178 5
657 5
79 2
283 4
100 3
11 2
62 6
179 5
374 2
471 3
386 2
606 4
12 3
767 4
741 4
727 2
574 3
64 4
275 2
506 2
687 2
440 2
26 2
422 2
67 4
256 4
216 2
334 4
416 4
565 2
45 2
551 4
428 3
176 5
691 6
305 6
2 2
171 2
782 2
88 3
615 4
789 4
354 5
656 5
525 3
483 3
297 4
364 3
746 3
707 4
487 2
142 3
413 3
37 2
401 4
538 3
762 5
112 2
66 2
590 5
769 3
479 3
587 6
628 2
363 5
561 4
572 5
181 6
59 2
786 2
686 2
473 4
131 2
17 4
779 2
569 4
799 2
191 3
259 3
716 4
784 6
104 4
94 2
239 4
757 1
211 4
245 1
450 1
213 5
60 4
48 2
33 3
335 5
598 1
783 4
272 1
174 4
190 2
252 4
611 2
173 3
619 4
362 2
682 2
326 2
791 3
43 3
454 2
347 1
754 4
329 4
170 1
338 7
350 4
368 2
505 2
624 2
380 4
291 1
244 1
158 4
576 2
385 3
185 1
330 3
433 2
776 1
717 1
554 6
488 3
135 1
721 3
78 2
478 2
457 1
760 1
675 3
377 2
367 4
542 4
7 2
749 5
317 5
559 3
167 1
58 2
356 3
258 5
512 4
237 3
165 2
298 1
613 1
772 3
643 2
50 6
344 3
140 4
405 2
127 2
96 2
592 3
597 5
617 1
34 3
247 4
434 4
23 1
393 3
703 4
145 4
556 4
693 2
621 2
348 2
144 3
472 1
133 2
459 2
658 1
156 2
460 1
724 2
633 1
548 3
206 3
220 2
787 4
397 3
14 2
610 2
411 6
207 4
796 3
349 4
564 5
523 2
430 4
110 2
545 2
755 4
532 4
233 5
210 3
535 1
205 4
616 2
280 3
72 2
652 2
168 1
299 2
192 2
470 1
432 2
632 4
93 2
524 3
327 2
242 1
153 4
593 2
571 5
27 1
340 2
39 1
644 3
61 2
86 2
739 1
558 4
714 2
481 1
268 5
221 3
447 2
418 6
105 2
189 3
480 3
742 4
341 2
392 1
763 1
513 3
612 2
466 4
254 3
218 1
650 1
694 1
490 3
42 3
794 3
292 4
793 3
150 3
265 4
373 3
580 4
109 4
172 4
8 2
194 2
498 4
193 4
316 3
412 3
435 2
462 3
510 5
771 1
74 3
547 2
728 1
267 1
400 2
175 4
581 2
420 3
638 2
758 1
290 2
659 2
44 2
232 2
22 1
674 2
669 2
602 2
670 1
709 2
87 2
651 3
101 3
543 4
738 3
441 3
609 1
230 3
24 3
570 3
630 2
424 5
777 2
18 3
425 3
95 4
322 1
107 3
121 1
484 1
9 3
296 2
390 1
97 2
4 3
352 1
636 2
761 2
436 2
186 1
217 3
234 2
188 2
82 3
35 2
568 2
414 3
75 1
575 2
778 2
451 2
227 7
688 3
770 1
301 3
99 2
662 2
549 2
293 3
1 1
253 1
493 1
366 2
467 2
533 1
51 2
311 1
697 2
370 3
375 2
465 2
54 2
269 2
147 2
645 3
604 4
664 1
379 2
522 2
399 1
625 1
231 3
98 2
648 1
359 1
546 2
463 1
160 2
152 2
766 1
126 1
324 1
774 2
453 2
119 2
378 1
653 4
318 3
388 1
666 2
461 2
711 1
553 2
212 3
157 1
671 1
599 1
406 1
288 2
444 2
56 2
573 2
402 4
300 1
417 2
331 1
588 2
215 2
123 2
343 3
530 2
196 2
108 1
608 1
333 3
563 1
294 2
183 2
345 2
520 4
332 1
601 2
149 2
209 4
410 1
407 2
476 2
226 1
369 2
163 2
195 1
431 1
236 3
328 1
376 1
143 3
692 3
734 3
103 1
704 1
577 3
660 1
307 2
154 1
73 3
164 1
531 2
248 2
273 1
798 1
308 2
678 2
448 3
69 3
526 1
384 4
261 1
274 4
747 4
492 2
139 2
695 1
503 1
641 1
222 3
795 2
634 2
287 1
278 2
521 1
698 1
117 1
689 1
646 1
357 3
382 2
426 1
654 1
38 3
517 1
583 2
263 1
137 1
681 2
353 2
325 2
63 2
765 1
455 1
200 1
790 1
177 1
52 1
243 1
584 1
555 1
342 1
251 1
596 1
539 2
255 1
199 1
605 1
557 1
706 2
507 1
387 1
32 1
229 2
383 1
781 1
690 1
146 1
518 1
314 1
player: 11 Competitive
442 5
232 3
149 2
122 4
766 2
289 3
695 3
50 1
61 3
114 2
344 3
620 1
518 4
347 5
329 3
255 4
546 6
136 3
199 5
754 2
59 4
230 2
277 4
70 4
544 5
530 2
64 7
156 2
637 3
82 5
170 3
656 2
514 2
651 4
437 4
287 3
160 3
788 3
484 4
216 2
284 3
150 2
111 2
19 2
705 3
252 2
470 5
553 5
268 8
784 7
77 1
271 3
664 2
641 5
456 2
175 1
673 2
189 2
29 1
513 3
155 2
716 2
109 2
184 4
206 2
605 4
589 6
617 1
180 4
187 1
400 2
757 2
115 1
791 2
417 2
45 1
104 4
101 4
373 4
481 2
359 1
42 5
529 4
693 1
391 1
671 3
502 4
68 1
286 2
410 4
558 2
163 1
3 6
521 6
420 4
414 2
197 2
154 5
685 5
350 3
542 3
533 7
63 5
547 1
486 4
234 3
462 2
562 3
387 5
734 6
97 6
92 3
332 2
471 3
54 5
572 3
753 2
228 2
520 5
311 5
378 2
407 2
118 2
549 3
9 4
161 3
143 3
256 5
87 1
1 3
220 2
239 3
749 2
338 3
6 4
208 4
483 3
334 3
606 5
752 2
267 5
131 4
611 5
94 5
159 3
219 5
684 6
304 2
397 2
183 2
768 4
700 3
790 4
742 3
172 5
211 1
246 3
142 6
597 2
310 3
469 2
543 5
725 3
325 4
147 3
579 4
432 3
33 4
452 4
412 5
302 4
408 4
240 2
270 5
511 4
151 5
48 4
60 3
517 2
580 5
531 2
126 4
169 1
607 4
103 1
298 6
736 4
253 3
453 3
443 3
185 2
482 3
346 3
468 2
357 4
12 4
564 2
527 3
58 3
214 2
137 3
244 3
39 4
782 1
712 4
34 2
236 6
276 1
323 2
327 1
460 1
73 2
632 3
772 2
164 6
639 3
190 4
625 4
32 2
721 3
785 2
301 6
95 2
727 4
686 5
447 4
732 2
675 2
51 2
330 3
96 4
254 3
756 1
317 2
738 2
570 4
592 1
739 5
687 4
429 2
416 2
463 2
382 4
280 2
613 2
726 3
676 3
275 1
366 4
601 1
393 3
559 5
623 3
464 8
145 4
404 1
235 6
423 2
619 4
710 3
78 5
777 3
647 2
612 3
31 1
89 2
264 2
783 2
141 3
192 3
291 3
474 2
20 1
715 3
495 6
402 4
376 1
297 3
476 2
251 4
735 4
439 3
242 4
556 2
645 4
415 3
134 5
573 4
621 4
519 1
69 3
364 7
351 4
467 3
657 4
652 5
740 2
747 3
793 5
774 5
27 4
665 4
273 5
15 3
182 4
342 3
650 1
661 6
324 4
52 6
258 3
745 2
575 2
448 4
281 3
229 4
709 2
560 2
294 4
124 3
490 3
555 4
494 3
569 4
37 3
299 5
314 3
683 5
113 2
713 2
315 2
459 4
577 7
177 3
775 3
681 4
779 3
505 2
13 4
578 3
339 3
406 2
181 7
133 4
776 4
40 2
595 2
557 6
792 4
146 5
49 1
758 4
419 3
41 4
583 4
501 2
455 3
524 3
599 2
117 5
461 4
226 5
5 2
4 2
215 2
496 2
475 3
696 5
210 3
454 2
515 3
396 2
120 3
385 5
591 2
308 4
493 2
771 2
689 3
11 4
446 6
123 3
450 5
265 3
458 4
626 4
22 3
119 2
677 3
717 2
608 1
433 4
243 3
714 2
392 2
723 2
653 6
313 3
173 3
649 5
361 5
778 4
633 4
292 4
694 3
630 3
25 5
321 2
322 2
345 7
179 1
773 6
624 2
98 1
266 2
127 4
116 1
655 3
596 4
238 2
158 3
108 1
320 3
288 2
733 1
541 5
491 3
503 1
797 4
770 3
307 5
178 2
582 2
703 1
46 1
731 1
263 3
794 1
581 3
196 3
390 4
261 4
93 5
565 4
418 3
539 1
43 3
780 2
691 3
79 3
615 1
628 3
319 5
787 2
568 3
303 4
441 2
567 1
100 4
600 2
427 3
370 3
594 4
278 4
368 5
722 5
212 5
563 4
224 4
526 3
47 2
438 2
609 1
16 2
554 3
426 3
737 3
401 3
372 1
538 4
516 1
337 1
498 3
708 1
755 3
532 1
435 4
362 2
667 3
363 2
682 3
125 4
584 3
10 3
203 3
614 2
389 4
318 2
644 3
290 3
485 2
576 1
167 3
759 2
436 4
545 2
487 2
245 1
71 3
296 2
593 3
434 2
489 1
35 1
53 2
635 2
761 4
227 4
646 1
309 3
629 2
504 3
509 1
480 1
352 3
241 2
300 3
672 1
222 2
279 4
574 2
8 3
221 3
769 3
274 1
552 2
331 2
26 2
610 3
269 2
91 2
662 2
66 2
660 4
85 3
86 2
381 2
603 1
213 2
781 4
537 3
765 3
692 2
55 2
333 2
702 2
335 1
642 4
488 2
283 2
249 1
786 1
743 2
207 4
789 4
445 5
403 1
478 2
587 1
21 1
233 2
571 3
627 2
535 2
188 2
343 2
138 5
369 1
411 2
636 1
162 1
507 3
194 1
171 2
231 2
729 1
643 4
285 2
477 2
340 2
84 1
148 1
666 2
225 1
751 2
30 2
365 1
379 1
654 2
248 3
259 2
457 3
424 1
602 3
510 2
500 1
449 1
536 2
176 2
640 2
260 1
767 5
374 1
425 1
218 3
130 4
316 1
561 1
741 2
367 1
380 1
718 3
247 1
409 2
499 1
472 3
99 3
132 2
534 1
360 3
638 4
112 4
719 2
152 1
262 1
674 1
508 2
398 2
550 4
282 3
451 1
588 2
305 1
724 2
135 3
618 3
706 2
634 2
711 2
2 1
394 1
669 1
604 1
166 1
24 2
658 1
7 1
699 2
257 1
295 1
383 1
440 1
165 1
106 2
72 1
586 1
428 1
67 1
139 2
306 2
107 2
153 4
405 1
631 1
473 2
23 1
56 2
371 1
129 1
750 1
795 2
83 1
377 1
648 2
748 1
62 2
44 1
349 1
105 1
312 1
764 3
355 1
293 3
622 1
217 1
663 1
223 1
616 1
678 1
209 2
704 1
698 1
157 1
186 1
413 1
353 1
168 1
76 3
75 1
525 1
14 1
204 2
90 1
590 1
341 1
74 1
690 2
121 1
431 1
28 1
730 1
479 1
668 1
198 1
540 1
506 1
36 2
701 1
player: 10 Competitive
198 5
406 2
797 5
652 4
194 3
274 4
122 4
604 2
579 2
749 1
289 3
745 3
714 7
17 3
530 4
98 1
388 4
132 2
260 7
149 5
497 4
681 4
594 3
526 3
157 4
135 2
92 1
112 2
130 5
239 5
778 3
210 3
50 2
93 4
96 4
440 4
629 3
722 3
658 5
143 2
415 2
20 2
62 2
97 5
11 3
673 1
129 1
635 6
263 2
584 4
254 5
94 3
374 4
166 2
602 4
782 2
218 2
4 7
81 6
318 3
300 2
288 6
116 4
689 5
147 1
754 4
328 2
12 2
774 4
80 3
595 2
91 4
702 1
255 4
336 3
439 4
485 4
34 5
38 1
101 4
484 3
141 7
363 3
189 7
412 5
16 1
788 5
45 2
766 5
473 8
231 2
307 5
183 1
572 1
651 2
365 5
789 4
448 3
407 3
425 2
339 4
136 3
726 8
353 2
587 3
181 2
28 7
435 3
707 5
785 3
36 3
282 2
245 3
768 4
660 1
793 4
409 2
764 2
781 4
368 2
653 4
522 3
302 2
352 6
244 3
622 2
525 1
56 3
226 3
67 2
547 4
685 3
623 4
719 6
233 2
357 1
305 6
507 3
794 4
549 5
380 4
682 4
219 3
377 2
171 5
611 2
755 4
205 1
529 1
559 5
424 2
192 1
193 2
465 2
480 2
739 1
592 2
771 3
567 5
285 3
538 2
73 1
474 5
1 4
10 1
338 1
680 4
177 2
716 3
490 3
24 2
395 5
760 1
225 3
401 3
313 3
390 4
730 1
470 5
19 5
292 4
637 3
23 2
252 4
124 4
427 2
72 3
609 6
678 1
752 2
698 3
581 5
606 4
738 4
378 2
573 4
588 4
733 3
533 3
736 4
234 6
362 3
27 3
127 2
240 2
433 2
475 5
601 3
429 1
786 3
593 3
364 3
683 6
384 1
176 2
491 5
408 3
343 3
700 5
46 1
449 2
371 5
131 4
628 1
472 2
103 4
238 5
373 1
650 5
235 3
168 3
434 2
517 2
721 1
125 3
286 3
481 2
222 4
765 4
663 4
492 3
580 6
40 2
180 2
278 4
290 5
113 2
443 4
741 3
447 5
360 2
600 3
687 2
265 1
618 3
111 3
342 4
487 3
287 3
202 4
531 3
575 3
676 5
558 6
69 4
55 1
599 2
275 2
60 4
119 3
102 3
426 1
33 2
347 3
773 3
325 3
227 2
71 1
53 3
713 4
505 5
523 4
461 3
476 4
428 8
431 3
545 3
399 1
626 1
644 2
668 2
607 3
410 3
179 6
541 2
348 3
731 3
715 3
669 3
520 5
494 6
411 1
748 3
458 6
63 1
109 3
151 5
142 3
699 2
301 3
270 5
799 1
216 3
333 3
441 2
671 3
723 3
571 2
196 2
603 3
398 2
591 5
697 4
208 5
667 2
456 4
432 2
137 3
509 3
44 3
496 4
569 4
391 4
421 2
647 3
170 3
413 2
203 5
641 3
396 2
87 5
737 5
672 1
639 3
553 1
655 2
724 3
708 4
317 3
779 3
70 3
144 1
57 4
630 2
197 4
414 1
294 3
358 5
742 2
186 4
77 2
392 5
688 4
349 1
187 5
636 2
140 2
195 4
703 3
792 2
236 1
419 3
528 3
3 3
281 2
548 1
379 1
108 1
696 1
146 3
734 2
261 3
9 2
367 4
118 6
31 4
720 3
114 2
182 1
188 4
110 3
47 3
319 5
156 2
304 3
684 3
444 3
775 2
518 4
201 1
514 5
519 3
535 3
405 4
546 3
85 4
154 3
627 2
158 2
117 1
74 2
460 3
479 2
632 4
99 1
469 1
220 3
498 4
608 4
542 6
152 6
536 3
100 3
361 2
576 4
777 3
326 4
578 1
508 2
43 2
452 3
199 1
436 1
331 3
354 2
692 1
315 3
477 5
532 3
370 2
540 2
625 1
686 4
544 3
710 1
631 2
555 3
340 1
471 2
674 2
725 4
662 2
616 3
624 3
58 3
437 3
15 2
590 2
502 3
586 5
295 2
206 1
22 3
654 2
375 1
164 2
162 4
466 2
583 1
503 4
311 2
562 5
527 2
249 2
253 3
78 1
701 2
75 3
463 2
501 2
550 3
298 5
139 2
445 4
712 3
283 3
758 2
138 4
7 1
451 2
120 3
418 2
620 2
524 2
323 2
565 4
310 2
560 2
679 2
212 3
30 3
417 2
735 3
314 3
35 2
366 1
211 1
159 2
459 2
185 1
284 3
209 3
499 2
512 1
106 5
772 3
394 3
309 2
2 1
787 1
482 1
229 2
337 4
585 6
796 2
8 2
13 9
761 1
88 1
521 1
221 3
554 3
346 3
750 1
293 6
14 1
145 2
776 1
243 4
705 2
577 3
303 1
763 3
155 3
64 2
207 5
640 2
200 9
757 2
213 1
563 3
83 2
242 2
693 2
780 2
68 4
174 2
790 1
175 2
506 1
694 3
299 2
267 1
454 3
645 3
677 3
728 2
383 2
382 1
327 3
280 3
264 2
691 1
659 2
727 3
404 1
552 1
617 4
665 1
510 2
613 2
258 3
582 3
643 1
467 2
515 1
228 2
247 2
121 2
271 4
438 2
397 1
423 4
759 3
54 1
95 2
324 2
488 2
704 2
134 1
191 2
457 2
277 1
762 2
107 5
442 2
296 2
633 2
237 1
751 1
76 2
248 2
163 2
372 2
115 1
279 1
537 1
214 2
90 4
568 2
250 1
615 2
355 1
551 3
126 2
52 1
356 1
511 1
330 1
351 1
230 2
610 3
345 2
747 1
446 2
744 2
104 2
262 3
420 3
232 2
21 3
86 1
767 1
217 1
642 2
556 2
539 1
61 3
634 1
690 1
566 2
89 1
32 1
675 3
329 3
455 1
453 1
128 1
740 3
402 2
344 2
25 1
359 1
165 4
291 4
184 1
500 3
564 3
215 1
393 1
756 3
450 2
557 1
386 2
483 2
39 1
543 2
150 1
256 3
297 1
612 4
332 1
105 1
385 2
403 1
732 1
381 2
160 1
661 1
82 1
718 1
29 2
598 2
597 1
791 1
167 1
430 2
664 1
321 2
596 2
478 2
389 3
743 1
266 2
769 1
534 2
173 2
41 3
123 2
172 2
42 1
269 1
6 1
350 1
65 1
26 2
257 1
513 1
268 1
589 1
190 2
308 2
320 1
516 1
369 2
574 1
462 2
51 1
729 1
619 1
18 1
495 1
79 1
178 1
711 1
706 1
468 1
259 1
84 1
169 1
646 1
709 1
648 1
341 1
717 1
49 1
695 1
272 1
player: 1 Altruist
788 4
583 7
206 2
487 4
325 4
312 4
582 8
210 3
619 5
657 4
85 5
46 5
263 7
624 6
23 2
591 1
625 5
304 3
223 4
571 1
453 4
217 1
751 1
613 1
335 7
113 3
470 1
719 2
268 2
219 4
248 4
759 1
375 2
204 3
123 5
665 2
318 4
44 8
730 3
592 2
378 8
132 3
89 4
423 1
406 7
787 3
588 1
432 7
425 4
426 5
782 3
102 3
529 3
714 5
24 1
420 7
356 1
341 8
482 1
169 4
121 3
182 4
294 5
298 3
698 2
500 4
50 1
389 7
771 3
382 3
563 3
32 2
499 6
757 2
326 5
639 3
600 4
558 1
414 2
144 10
122 3
621 4
695 5
21 2
527 2
353 2
653 3
722 3
476 4
387 4
371 5
258 4
646 4
276 2
62 3
58 4
704 2
365 3
331 3
336 2
310 2
202 3
94 2
533 7
37 4
484 4
315 2
61 1
460 2
69 6
264 4
379 3
566 3
505 5
76 1
196 3
155 5
152 2
655 2
565 2
570 2
391 1
654 3
488 3
575 4
266 4
604 1
641 3
477 5
385 4
697 2
516 3
696 4
489 6
644 2
739 5
13 6
672 1
110 2
222 5
51 3
541 3
428 5
178 4
413 2
247 7
520 3
480 3
116 4
73 5
593 3
354 4
503 1
274 2
317 3
519 2
47 3
584 2
342 4
280 1
52 3
227 2
647 3
278 1
66 5
398 2
150 8
790 1
764 3
548 3
43 3
770 5
629 1
511 2
393 4
778 4
667 2
133 4
167 6
481 4
623 4
259 2
163 2
3 7
396 5
622 4
124 5
772 2
797 10
366 4
725 1
632 2
726 2
364 2
209 3
550 4
755 5
717 2
38 3
372 7
101 4
249 6
273 5
246 3
197 2
211 4
296 6
100 2
720 2
791 4
324 4
107 1
693 2
651 3
72 3
390 2
338 3
399 6
201 3
357 1
305 5
194 3
275 4
442 2
615 6
475 7
31 3
590 2
581 4
313 5
669 1
118 6
239 3
545 3
242 2
192 3
4 4
587 4
170 3
525 3
462 8
161 5
254 7
205 6
10 5
543 1
486 3
54 4
715 2
569 1
666 3
369 2
452 2
339 2
148 3
535 3
146 3
492 1
421 2
105 4
568 3
250 2
466 5
579 3
661 1
289 4
252 5
267 4
115 7
630 7
49 3
272 3
416 7
117 1
244 1
747 3
9 2
745 2
415 1
512 1
526 3
636 4
103 1
374 6
605 3
469 4
596 2
678 2
19 3
343 5
429 1
521 1
53 3
457 1
614 3
495 4
138 4
345 2
156 2
127 3
233 5
125 2
86 4
147 3
323 2
618 3
448 2
153 3
165 2
724 5
773 1
702 2
224 3
327 2
140 2
411 4
348 1
174 3
682 5
440 4
308 4
601 2
340 1
785 5
240 1
458 6
7 2
779 3
185 7
350 5
251 5
490 3
243 2
193 5
286 6
446 3
151 2
504 4
443 2
633 5
299 2
56 2
732 5
509 3
750 5
774 3
748 3
628 3
465 3
547 3
260 1
36 3
686 3
515 2
784 3
742 3
397 5
491 3
510 4
179 4
221 3
309 1
431 4
610 2
261 1
232 3
567 1
88 2
306 4
713 4
685 6
433 3
22 5
631 1
215 6
213 3
141 3
498 5
253 2
57 2
707 2
444 2
454 3
302 2
706 2
694 1
594 2
346 6
188 2
380 4
97 2
321 3
538 4
544 1
71 3
208 6
439 4
437 3
332 2
65 4
740 2
225 3
257 5
238 3
777 2
198 1
405 3
39 1
64 2
676 7
35 3
642 5
90 4
418 1
352 2
367 3
241 4
183 4
381 5
435 3
502 3
754 2
334 1
597 4
404 4
536 3
135 5
93 1
517 4
606 2
450 3
199 2
363 3
287 3
311 2
518 4
70 1
506 2
659 5
87 2
111 3
351 5
658 2
459 3
690 2
388 2
143 1
626 3
200 4
530 3
522 3
734 2
265 2
427 2
467 2
270 3
284 4
142 3
578 3
159 1
83 4
656 1
792 2
256 2
328 3
177 1
451 4
84 4
376 4
402 2
419 6
212 2
612 2
16 3
449 2
75 5
187 4
157 3
794 1
77 1
681 1
494 3
303 2
41 1
552 1
795 2
574 3
496 1
603 1
546 3
377 2
436 3
2 5
74 2
710 1
540 3
638 3
330 2
230 1
186 1
60 4
580 3
175 1
478 3
370 2
99 1
45 1
307 2
595 2
680 1
134 4
386 4
1 1
20 4
28 3
576 1
599 2
769 2
316 2
727 2
344 4
670 2
237 2
736 6
297 2
528 3
767 1
780 3
149 2
513 2
758 1
763 2
514 2
786 2
285 2
106 4
760 4
537 1
422 3
63 3
652 3
705 1
798 5
746 2
671 2
181 2
14 2
507 2
607 1
228 3
472 1
447 3
735 1
468 1
226 1
300 1
190 3
456 1
191 2
392 4
464 1
355 2
17 2
523 2
176 2
59 3
554 1
130 4
531 2
557 1
766 2
5 1
668 1
172 1
728 2
131 4
29 3
483 2
25 1
40 3
430 2
708 2
234 4
700 2
295 1
463 1
42 2
320 2
12 2
282 4
120 3
96 1
333 2
349 1
368 1
564 1
640 1
360 2
634 2
765 2
441 2
269 1
689 1
171 1
129 1
104 1
471 1
162 1
137 3
524 1
158 1
649 1
675 1
400 1
173 3
218 1
743 1
572 1
220 4
136 6
112 2
33 2
92 3
145 2
479 1
776 2
711 2
620 2
262 2
207 1
410 1
438 3
108 1
79 3
15 1
154 2
68 3
738 1
195 2
329 2
48 2
718 2
660 2
645 1
627 2
214 2
674 3
114 3
729 2
412 3
203 1
235 1
290 2
556 2
753 1
796 3
664 1
703 3
11 5
756 2
6 1
407 1
180 1
731 2
288 1
445 2
166 1
408 1
301 2
677 2
314 2
18 2
292 2
609 2
497 1
617 2
126 1
562 2
384 1
473 1
539 1
692 1
611 1
319 1
189 2
424 1
752 2
216 1
403 1
461 1
91 2
279 1
455 1
164 1
359 2
542 1
589 1
82 1
768 1
34 1
434 1
561 2
373 2
662 1
98 1
559 1
401 1
663 1
549 1
744 1
player: 9 Competitive
785 5
130 4
611 4
729 4
10 1
360 5
678 2
530 6
42 3
315 4
316 3
636 3
205 3
480 3
409 2
125 2
139 2
774 3
472 6
177 2
635 8
735 3
240 3
374 2
750 3
151 2
366 3
614 2
92 1
70 3
460 2
111 3
384 2
68 4
422 4
506 3
157 3
90 5
706 4
670 1
495 3
278 3
668 3
129 4
51 4
249 2
119 6
37 3
655 2
417 5
217 5
161 1
365 3
505 4
532 6
769 4
213 2
610 1
102 8
147 2
24 3
571 3
402 3
268 4
31 4
131 4
321 5
134 5
308 2
128 3
370 4
397 5
54 2
758 3
624 2
85 2
493 8
649 4
659 3
690 3
58 1
340 2
540 5
692 6
568 3
18 3
319 2
548 2
573 1
27 4
794 2
242 3
383 3
579 1
734 1
704 4
656 1
494 5
126 5
515 4
4 4
599 5
218 4
780 3
645 5
536 4
753 1
653 3
181 4
612 4
455 3
622 2
749 3
41 3
135 3
719 5
356 4
225 3
626 2
382 2
593 3
786 2
117 3
99 4
345 3
65 8
436 3
16 2
499 4
351 3
62 3
740 5
350 3
581 3
709 3
169 4
176 2
149 3
175 3
525 5
796 2
266 5
136 2
196 4
553 2
184 2
736 2
742 4
543 2
775 2
107 4
513 1
584 5
160 6
95 2
700 2
762 4
252 4
296 5
341 5
159 4
538 5
667 1
191 5
650 2
148 2
439 2
646 1
105 7
163 3
406 1
763 2
748 4
77 4
248 4
795 1
575 1
33 2
375 4
152 3
358 3
179 4
228 7
61 5
535 3
334 2
517 1
298 4
694 3
686 1
49 3
229 4
355 5
29 5
241 4
471 4
288 2
722 7
120 3
720 3
14 2
204 4
180 3
368 6
607 3
143 3
773 4
712 2
570 6
379 5
55 3
663 2
367 3
671 3
696 3
414 2
81 2
154 4
372 5
491 2
309 5
344 3
343 2
705 2
12 7
145 2
371 1
216 3
580 4
738 4
440 5
173 3
324 6
733 3
262 2
59 3
596 4
28 4
329 4
72 4
281 4
470 2
755 7
625 5
39 3
619 2
466 1
591 2
770 3
302 4
93 4
277 3
620 4
489 1
598 6
253 2
219 3
394 4
123 3
328 2
688 4
138 2
701 3
214 4
354 2
603 4
751 3
336 2
142 5
687 4
727 2
307 2
642 2
676 2
637 3
261 4
435 3
452 3
744 6
629 1
677 2
254 3
664 1
437 3
168 3
561 4
98 4
121 2
716 5
11 1
273 4
269 3
767 3
251 1
388 1
115 2
38 1
473 1
52 2
108 4
732 4
644 5
393 2
389 1
87 2
313 3
78 3
100 2
601 4
779 1
741 4
546 1
563 6
137 4
2 6
359 3
418 4
433 1
465 6
731 1
507 7
589 3
476 2
681 2
423 4
244 3
291 3
765 5
373 4
289 1
673 4
537 4
377 6
369 2
380 2
461 3
737 3
133 2
623 2
209 2
283 2
771 2
317 2
416 1
639 6
330 3
101 4
520 3
702 1
693 3
484 4
577 4
756 1
250 2
97 5
17 1
725 3
335 2
50 3
743 3
675 1
348 2
679 4
504 3
232 5
557 4
3 7
25 2
67 3
363 1
533 2
456 4
206 1
357 1
103 3
524 3
724 3
592 2
60 3
711 4
486 2
26 4
564 5
318 3
572 3
438 3
562 4
582 3
567 4
8 5
467 4
797 5
53 2
9 2
189 3
312 3
245 2
272 6
106 3
559 2
502 1
113 6
526 4
271 3
275 3
346 3
707 3
628 1
263 1
408 2
542 4
91 2
40 2
257 3
510 2
264 3
211 3
84 3
427 1
428 9
478 3
185 3
109 3
429 1
531 2
83 2
776 2
223 3
22 5
560 5
477 2
633 4
398 2
221 2
691 1
259 1
721 2
759 1
224 1
405 2
284 1
745 1
442 4
454 2
75 1
641 2
208 1
728 6
110 5
255 3
792 4
150 1
94 3
790 4
256 2
282 2
566 4
399 1
496 4
57 4
243 3
188 1
415 2
387 3
239 4
569 2
164 2
674 4
64 1
683 2
1 1
212 2
485 1
260 3
432 1
565 4
778 2
403 1
512 1
122 4
421 3
458 2
539 5
618 2
118 1
602 1
165 1
265 3
747 2
190 1
114 3
781 2
523 5
420 2
595 5
613 4
226 3
215 1
198 1
390 4
187 3
15 1
407 1
652 2
13 2
453 3
576 3
685 4
609 1
469 1
326 1
327 3
411 1
684 3
132 3
202 1
717 4
45 2
541 3
451 4
314 2
46 2
285 2
500 4
634 1
761 2
332 3
172 3
311 3
338 3
434 1
615 5
669 3
337 3
19 2
608 3
203 1
127 2
182 4
490 2
419 3
483 1
459 4
463 3
23 1
514 2
339 2
509 3
47 1
230 2
386 1
69 4
468 2
156 2
782 4
381 2
441 1
56 1
556 3
304 3
290 5
521 2
158 2
200 1
280 1
401 1
270 1
162 2
446 5
192 1
279 1
714 3
207 1
236 2
425 5
424 1
754 2
487 1
527 2
300 2
632 1
772 2
35 1
396 1
482 1
662 1
799 3
89 3
529 4
449 2
585 2
715 2
301 1
247 4
140 1
267 4
426 3
550 2
333 2
658 1
174 2
227 3
353 4
20 4
153 1
680 3
412 1
376 3
246 2
764 1
640 1
43 1
549 4
552 2
492 2
654 2
144 1
170 3
231 1
587 3
445 1
457 2
146 2
766 2
597 1
621 4
660 1
528 2
519 1
651 2
730 1
697 1
605 1
44 1
657 1
443 3
73 4
295 2
606 1
199 1
112 3
594 1
79 2
305 5
410 2
292 1
322 2
299 2
36 2
503 1
303 4
193 1
474 1
746 2
544 2
104 3
627 1
306 3
21 2
648 3
235 1
661 1
768 3
220 2
310 1
325 2
501 2
171 2
430 1
695 1
631 1
234 3
63 1
475 1
155 2
71 2
395 3
511 2
392 1
6 2
708 1
481 3
518 1
604 1
286 2
66 1
178 1
600 1
258 3
86 1
689 1
450 2
630 1
447 1
323 1
558 1
183 1
574 1
522 2
545 1
352 1
777 1
194 1
699 2
5 1
789 1
364 3
413 2
331 2
76 1
195 1
647 2
791 2
793 3
757 2
222 1
508 1
464 1
349 1
547 1
116 1
590 1
7 1
682 1
488 1
788 1
362 1
497 1
400 1
739 2
555 1
320 1
431 1
274 2
186 1
787 1
638 1
347 1
617 2
665 1
124 1
534 1
player: 4 Individualist
594 4
168 6
241 4
267 6
321 6
675 3
332 3
204 3
63 3
494 5
479 4
360 6
118 2
679 1
744 4
487 1
534 5
797 4
484 5
408 2
662 2
145 5
370 2
161 4
18 5
195 3
756 1
9 2
51 2
129 3
121 3
180 7
546 3
175 2
398 3
514 2
661 4
48 2
237 4
132 5
376 2
621 2
164 1
490 3
229 4
261 5
387 3
603 4
461 3
305 3
382 3
712 2
625 5
728 2
395 5
506 4
455 2
719 3
80 4
234 7
769 2
579 3
233 4
491 3
178 1
29 2
773 3
588 1
636 6
293 4
375 2
71 3
289 4
133 4
693 3
495 4
537 5
480 4
301 5
466 3
10 6
415 4
777 2
272 4
264 7
501 5
666 3
786 2
310 4
211 4
739 2
464 3
519 3
499 5
672 4
273 2
304 4
760 5
667 2
793 4
414 2
785 7
482 1
32 2
517 3
643 1
640 5
664 3
295 4
668 3
704 6
278 1
788 4
225 4
536 3
198 3
580 3
591 4
533 6
368 2
92 2
349 4
350 4
131 5
87 4
77 1
373 5
311 2
505 3
766 2
554 5
268 5
553 3
725 4
292 3
740 3
113 3
695 2
6 2
216 3
516 5
318 3
637 1
698 2
748 4
386 7
691 3
186 4
337 6
660 3
257 3
682 1
42 3
28 5
765 3
170 4
460 3
436 3
23 1
352 2
355 2
753 2
646 4
641 3
689 5
478 4
68 2
327 5
279 3
45 2
426 5
410 1
522 1
477 2
507 3
648 2
565 2
792 2
36 8
38 2
61 4
610 3
122 3
64 2
197 3
609 3
535 3
287 5
53 1
69 3
556 3
154 2
571 3
746 3
754 4
696 4
232 6
761 4
75 2
425 4
343 1
599 2
700 3
547 2
539 3
342 4
218 1
144 3
570 2
448 2
47 3
251 6
220 6
207 6
11 1
564 4
380 3
43 3
590 4
526 3
242 5
110 4
634 1
315 1
630 1
174 1
192 4
296 2
338 2
59 1
371 4
339 4
618 1
88 4
771 3
701 2
413 1
323 1
545 5
528 3
515 3
265 2
645 3
5 1
120 2
138 3
333 5
46 3
452 3
93 3
726 3
3 5
504 6
223 4
20 4
364 2
659 2
22 4
697 3
179 1
717 5
411 3
205 1
219 3
782 3
166 2
542 2
107 2
348 3
694 4
561 1
612 3
676 4
422 5
476 2
102 4
24 5
41 5
109 3
663 2
309 3
778 5
299 3
617 3
549 3
467 3
136 3
313 4
15 2
440 3
443 4
657 2
115 6
158 3
768 2
521 4
626 3
49 4
566 2
222 4
346 5
573 1
789 3
558 1
266 2
401 3
403 2
589 2
153 5
611 3
334 1
181 2
653 2
638 3
201 5
91 1
127 6
394 5
454 3
444 3
759 2
684 2
654 2
446 1
730 2
510 3
66 4
780 6
81 2
743 1
124 3
4 2
212 2
518 1
498 3
14 4
552 2
235 2
762 1
406 4
416 2
226 3
575 2
447 1
397 2
388 3
142 2
674 4
432 3
325 3
202 3
459 2
757 5
541 1
583 2
345 3
128 2
163 4
367 4
513 3
262 1
520 5
776 3
686 2
692 2
737 4
378 7
489 2
441 3
656 3
330 5
188 3
705 3
530 2
119 1
791 4
716 2
141 3
709 3
568 2
574 3
72 4
500 5
379 4
335 6
44 3
532 4
316 3
671 2
263 2
123 2
492 3
718 1
389 2
249 1
30 2
254 2
550 3
37 2
687 5
724 3
555 1
469 3
794 2
449 1
699 3
606 4
105 5
26 2
608 3
749 2
190 3
764 6
650 3
372 2
150 6
185 6
326 2
98 2
182 5
270 4
384 3
678 3
341 6
94 6
221 2
512 1
308 5
767 5
58 3
635 2
85 4
33 4
362 5
775 2
300 4
632 1
474 2
613 1
89 3
607 3
417 1
790 2
215 2
486 3
269 4
584 2
165 2
706 2
50 1
359 2
83 2
230 3
456 2
97 4
259 3
65 2
745 4
130 2
177 2
336 5
721 3
655 2
224 3
690 1
614 1
620 3
602 2
578 3
642 2
399 1
582 2
437 3
742 2
13 1
146 3
442 4
303 2
291 1
247 2
274 1
784 2
628 4
294 1
715 2
543 2
356 1
396 3
781 1
357 6
314 3
16 1
595 2
112 2
592 2
438 5
52 3
409 3
104 7
798 1
298 3
471 3
383 2
34 1
569 1
329 2
598 2
544 3
377 2
729 2
194 1
250 2
420 1
157 5
280 2
627 3
688 6
404 2
465 3
297 3
783 3
391 4
475 2
228 3
173 3
147 4
149 2
673 1
319 4
430 2
193 1
670 1
196 2
723 2
159 2
400 3
677 1
151 3
76 4
669 3
407 1
390 3
189 4
116 3
57 2
351 3
108 1
385 2
271 3
511 1
435 3
8 4
619 2
488 1
276 1
722 2
424 1
210 2
639 2
139 1
681 1
331 3
258 2
176 4
433 3
253 5
148 3
529 1
731 3
458 2
429 3
747 4
62 5
470 2
82 3
54 2
203 3
302 2
236 1
306 4
540 1
600 1
67 3
577 4
78 3
485 2
750 2
772 2
12 2
497 2
208 1
629 2
199 5
652 1
160 2
172 2
366 3
751 3
551 2
213 2
560 3
7 3
320 1
604 4
651 2
286 1
369 2
633 2
239 2
601 1
631 5
40 1
451 1
714 1
755 3
649 1
557 1
106 4
463 1
260 1
240 1
734 1
60 2
523 2
538 4
156 1
562 1
183 2
328 1
252 2
365 2
770 2
567 1
363 2
27 1
393 1
284 3
450 3
680 2
191 1
586 4
84 2
169 5
96 1
457 2
167 3
21 1
353 2
402 1
117 1
125 3
468 2
427 1
374 2
322 3
720 2
231 1
206 1
277 2
615 1
361 1
256 2
392 2
347 1
70 2
55 1
244 3
134 3
439 3
799 1
508 1
481 1
597 2
493 2
282 1
171 3
200 3
100 2
307 1
605 1
796 2
503 1
238 1
290 2
707 1
548 2
56 2
658 2
496 2
31 3
683 2
624 1
779 1
563 1
616 1
702 3
137 1
275 3
412 2
288 3
283 2
155 1
317 2
152 2
710 3
685 1
434 1
227 1
187 1
736 1
243 2
483 1
527 1
559 1
418 1
787 1
354 1
419 2
344 1
209 1
245 1
525 1
217 2
39 2
246 2
281 1
576 1
255 1
86 1
95 1
713 1
player: 6 Individualist
376 4
380 7
214 2
737 5
625 3
741 3
90 2
683 2
163 3
407 4
351 4
424 4
281 4
248 2
174 7
286 3
299 4
87 1
368 3
355 3
634 2
127 3
378 7
102 3
275 3
521 4
410 2
710 4
663 2
629 3
572 3
287 3
75 2
329 5
427 3
181 5
498 8
312 2
30 3
81 2
520 3
762 3
696 4
677 1
598 2
674 4
215 3
347 2
445 3
326 5
322 7
434 5
333 5
222 4
476 3
144 5
162 3
364 5
377 2
495 5
362 3
240 4
425 2
26 3
783 5
264 3
566 2
217 3
787 3
145 3
313 6
468 3
69 4
118 3
766 2
340 3
432 4
221 3
216 2
571 4
231 3
225 4
233 1
742 3
789 1
557 3
757 3
133 2
317 4
388 5
715 1
581 2
345 2
320 2
599 2
680 1
661 4
648 4
548 2
96 2
756 6
191 4
387 3
496 4
408 3
400 1
40 3
706 4
767 3
453 2
384 1
160 2
751 6
461 6
151 3
84 2
701 3
169 5
712 4
79 5
113 4
744 2
33 3
666 2
39 2
104 3
479 7
339 2
110 3
21 2
82 3
257 2
211 2
395 4
324 4
56 3
449 4
764 2
335 4
588 2
396 3
390 2
93 1
630 1
697 6
198 3
583 1
723 1
1 1
655 4
72 1
656 3
428 6
667 3
738 3
526 4
383 1
208 5
268 2
415 3
54 3
71 2
328 7
423 6
141 4
300 4
692 4
602 3
771 2
447 2
136 5
175 6
578 3
202 3
466 1
541 2
330 5
442 3
446 4
640 2
472 4
370 5
36 3
187 2
740 2
267 7
58 6
793 2
371 5
170 1
62 2
290 3
796 1
359 3
337 2
311 4
366 3
129 5
48 8
746 3
775 1
639 5
196 2
283 4
13 3
519 2
269 3
246 4
414 5
297 1
481 1
563 4
360 3
569 4
699 2
230 3
12 3
343 2
78 4
382 2
469 2
274 2
186 2
556 5
171 6
18 5
641 2
121 2
609 6
480 2
344 2
280 4
488 3
671 2
522 1
684 3
797 3
772 2
301 7
46 3
781 6
156 1
53 2
243 3
516 1
607 1
372 5
276 3
748 2
584 3
636 3
657 2
411 5
341 6
200 3
416 5
721 2
256 1
457 3
562 3
394 4
250 3
73 2
662 2
511 1
55 4
467 4
484 4
289 2
111 2
422 2
239 3
398 2
47 3
146 4
236 5
114 1
565 3
618 2
288 3
108 3
57 6
462 3
613 1
647 1
594 3
688 2
45 4
418 3
310 3
515 1
753 5
402 4
718 2
358 5
765 2
68 4
229 1
653 2
10 2
332 4
502 5
259 6
401 4
168 2
600 2
193 4
433 4
316 6
397 7
483 2
152 2
638 3
620 2
606 3
597 3
251 3
197 3
528 4
99 6
482 1
94 2
308 3
120 4
278 1
147 1
405 4
412 3
459 3
15 2
105 5
32 3
178 3
673 1
777 4
334 5
733 1
70 4
499 5
184 1
244 3
260 2
722 3
101 1
11 2
776 4
374 4
336 1
615 3
513 3
270 6
605 3
614 2
731 3
116 2
59 1
232 5
690 2
64 4
735 3
19 3
413 3
579 1
743 2
247 4
192 5
315 2
188 4
199 3
154 4
717 2
714 2
431 2
159 2
272 4
503 1
279 2
361 5
123 1
354 3
734 4
544 2
6 2
632 5
41 4
389 3
158 1
14 3
252 7
533 5
205 2
399 5
226 3
9 2
207 3
309 3
157 5
617 3
242 2
89 2
95 4
209 3
179 2
626 5
153 2
60 1
752 3
689 2
350 4
536 2
509 2
173 7
139 2
603 2
500 2
261 4
391 2
623 1
52 6
65 3
788 2
88 4
577 2
537 1
573 1
438 2
444 3
25 2
440 7
43 2
386 3
83 4
98 5
474 1
698 1
439 4
63 2
305 3
138 2
458 3
17 3
176 5
587 1
728 4
745 2
590 1
501 3
709 1
189 3
429 3
470 1
149 2
66 4
465 1
271 2
790 5
736 2
204 1
130 6
253 4
49 2
166 1
763 4
441 3
404 2
659 2
349 3
35 1
373 7
409 1
148 2
608 5
285 2
754 2
567 3
165 2
794 2
177 2
22 2
575 1
115 5
155 3
367 2
559 2
473 3
451 2
357 3
183 4
549 4
592 3
112 2
675 3
131 2
604 3
3 2
106 3
38 2
595 2
419 2
601 5
517 4
42 3
619 4
543 1
486 4
436 3
190 3
140 3
92 1
778 2
585 4
523 4
542 3
437 3
2 4
686 4
770 4
489 3
348 2
596 4
452 2
792 2
164 1
633 2
485 3
560 1
727 1
586 1
224 1
456 1
534 3
430 3
28 1
518 2
294 5
356 3
302 1
319 2
514 2
507 2
682 1
291 1
739 3
245 2
547 2
284 3
769 2
658 2
167 3
780 1
464 2
574 2
262 2
122 2
529 2
454 3
679 4
241 3
670 2
385 3
435 4
20 2
180 2
755 1
420 4
564 1
125 1
678 2
331 2
450 1
591 2
379 1
676 1
375 2
628 3
238 5
504 4
568 2
681 4
576 2
109 1
7 3
103 2
219 4
194 1
703 3
616 1
672 3
455 3
546 1
535 2
704 1
612 2
249 2
621 2
654 2
392 3
124 3
8 4
227 3
323 5
282 3
185 1
296 2
551 4
798 2
263 3
478 4
506 2
237 2
635 1
505 2
627 1
421 2
491 2
719 1
67 3
201 1
508 1
27 3
774 3
554 2
749 1
510 1
352 3
512 1
77 1
538 1
234 3
266 1
799 1
716 3
493 4
487 1
611 2
651 1
203 2
206 1
708 1
365 2
759 2
539 2
782 1
700 1
80 3
650 1
338 2
303 2
527 4
660 1
213 1
119 2
51 1
298 2
353 2
665 2
16 1
540 1
768 2
720 1
477 3
652 1
791 1
555 1
34 1
37 2
142 2
212 1
265 2
381 1
589 1
135 1
342 3
327 2
784 2
132 1
235 3
85 1
779 1
726 2
668 1
295 2
525 3
74 2
210 2
760 1
182 2
530 1
117 2
443 3
732 2
346 3
318 1
687 1
76 1
218 1
490 2
4 2
24 1
406 3
582 1
292 4
497 1
150 1
624 1
100 2
729 3
645 1
693 1
293 1
31 1
761 2
460 1
97 1
492 1
220 2
91 2
713 1
258 1
44 2
702 1
369 1
126 1
393 1
646 1
593 3
610 1
631 1
228 1
643 1
307 1
558 1
524 1
580 1
137 1
player: 2 Altruist
210 3
606 3
415 3
521 2
575 4
7 2
122 2
352 3
33 1
228 2
455 4
247 4
315 5
508 3
453 3
335 4
166 3
506 5
107 3
346 2
656 5
558 4
37 5
190 2
387 5
60 3
649 4
121 4
578 5
451 8
692 4
548 2
732 5
377 2
715 1
428 1
477 4
300 5
766 4
561 6
265 7
304 3
449 4
349 4
405 4
227 3
545 6
295 5
518 4
600 2
96 5
745 2
601 3
261 5
768 3
777 4
423 7
512 3
229 2
694 5
739 2
436 5
510 2
541 4
756 2
178 5
407 3
183 3
703 3
442 3
285 3
370 4
213 1
588 4
535 5
381 5
200 3
160 5
111 2
341 6
59 3
195 4
557 4
577 2
409 3
294 7
157 2
599 2
404 3
433 5
28 3
225 4
705 4
733 2
431 4
565 2
15 3
220 3
693 1
550 1
625 2
204 4
529 2
395 3
479 3
417 4
74 2
174 7
383 8
125 5
413 4
640 4
362 3
675 1
104 4
81 2
325 4
267 1
517 6
11 3
23 3
597 1
241 4
194 2
722 2
700 3
727 2
278 6
3 4
196 4
307 4
496 4
8 5
604 8
330 5
704 1
38 5
71 1
16 4
420 4
347 1
638 1
471 5
42 1
230 1
398 2
148 2
143 3
250 3
690 1
596 1
514 4
488 1
589 4
233 4
696 3
292 3
716 2
252 4
86 5
450 5
354 4
641 2
403 4
635 1
9 2
311 6
611 1
683 3
240 4
153 3
151 3
182 4
17 3
528 4
475 4
308 3
40 5
312 1
763 5
159 2
141 1
357 1
531 2
500 4
698 4
205 2
177 2
319 3
163 1
215 7
268 4
245 3
563 5
46 5
473 5
324 7
348 3
269 4
103 5
620 2
781 6
390 4
164 3
127 5
102 3
681 2
416 5
279 3
55 2
432 5
97 6
538 3
30 3
251 4
266 2
530 3
70 6
497 6
478 1
94 4
758 3
771 3
22 2
630 4
110 3
380 2
598 3
782 3
391 5
594 2
685 3
494 4
150 4
533 3
559 1
466 3
76 4
303 6
655 4
544 3
652 3
41 5
499 3
63 5
13 5
603 3
369 5
108 1
621 3
232 2
217 3
421 3
792 3
489 5
280 3
284 5
353 2
133 2
784 7
504 4
434 4
134 1
441 1
503 6
672 1
20 4
350 4
646 6
501 5
673 2
69 4
313 2
468 1
371 5
334 3
34 3
318 2
256 3
162 2
443 4
571 3
53 5
375 6
136 5
326 5
393 3
152 3
476 2
115 3
191 4
382 1
542 2
275 4
795 5
539 2
785 4
359 3
525 1
639 2
774 1
114 3
730 2
389 2
738 2
264 6
750 3
52 3
168 2
286 3
44 7
729 2
551 5
560 4
411 4
392 4
242 2
62 3
78 3
633 2
208 3
467 2
337 3
48 2
124 2
790 5
106 4
142 2
373 2
711 1
6 4
211 3
262 2
794 3
659 1
776 3
610 5
654 2
342 3
299 5
717 4
463 1
736 4
32 3
314 4
109 2
173 5
554 2
520 3
591 4
523 3
459 1
570 2
270 4
397 6
418 2
170 3
249 3
651 1
363 5
474 5
629 3
505 2
485 2
344 1
149 4
298 2
760 2
72 2
410 2
755 5
726 1
316 3
130 1
80 2
184 3
667 2
158 1
725 3
244 2
791 3
462 1
216 2
51 3
201 2
753 4
93 2
209 2
283 3
788 1
448 3
218 3
224 4
608 4
783 1
138 3
572 3
491 6
402 2
580 2
435 2
547 1
260 5
585 3
238 5
126 5
605 1
385 3
327 1
674 1
25 3
386 3
171 4
212 5
351 3
408 3
524 5
507 1
246 2
282 5
203 2
536 2
112 5
338 2
460 2
39 2
662 1
787 3
761 1
590 2
699 2
793 3
66 2
235 5
384 1
89 1
57 3
749 1
18 2
248 5
54 3
305 3
202 4
271 2
540 1
587 2
564 2
634 3
186 2
56 2
24 3
624 3
714 2
644 2
85 1
376 4
19 3
123 2
454 2
77 2
120 3
607 3
414 3
515 3
789 5
297 1
35 3
573 2
222 4
780 2
622 1
691 3
581 1
317 2
100 1
365 3
576 3
99 2
49 4
513 2
670 3
492 4
556 3
731 2
419 4
236 3
626 1
400 3
708 1
36 2
647 3
574 2
470 4
343 2
642 3
552 2
372 3
82 2
231 3
361 5
773 2
378 3
91 3
73 4
566 1
746 2
147 2
614 1
440 3
207 6
748 2
406 2
113 4
199 3
45 2
43 1
61 2
198 2
584 1
139 4
623 3
658 3
12 3
394 2
399 3
1 1
752 4
765 2
616 2
388 6
367 2
379 3
666 1
519 2
469 2
364 4
751 1
426 1
64 1
135 4
26 2
336 3
602 2
355 3
214 2
219 4
396 5
401 2
412 4
193 4
83 1
309 1
146 2
669 2
145 2
175 1
188 1
645 2
592 1
360 2
296 2
671 2
741 1
277 2
764 2
472 2
648 2
778 3
185 4
586 2
321 2
254 1
728 2
176 2
259 2
498 3
84 1
161 3
192 2
706 3
555 1
144 6
165 2
429 2
243 2
276 2
21 3
707 2
340 3
712 1
75 1
686 1
754 3
663 1
331 1
797 2
281 1
439 4
562 2
438 2
289 1
332 1
437 3
291 2
293 1
697 2
724 2
786 2
10 5
5 1
509 2
568 1
543 1
665 2
796 1
759 1
709 1
702 3
329 1
65 3
490 2
481 1
117 2
169 2
322 4
718 1
368 4
172 2
762 2
424 3
430 3
740 3
189 1
612 1
58 1
684 2
447 4
537 2
118 1
465 3
345 2
657 1
328 1
290 2
721 1
593 1
798 2
661 2
67 2
167 2
288 2
323 2
487 1
31 3
206 1
29 2
223 1
444 2
664 1
532 1
613 1
678 2
653 2
452 5
595 1
737 4
553 2
137 1
105 1
549 1
779 1
95 2
687 2
187 1
445 2
480 1
140 1
628 3
660 1
483 1
650 2
87 1
272 1
79 2
221 2
615 1
128 2
237 1
425 1
701 3
90 1
4 3
546 2
618 1
98 1
486 1
680 1
583 1
617 1
255 1
679 1
744 1
689 1
676 1
253 1
258 2
27 1
274 1
181 1
132 1
567 1
101 1
484 1
226 1
119 1
522 1
422 1
306 1
695 1
257 1
player: 5 Individualist
284 5
122 5
442 5
524 3
739 3
432 5
424 2
534 3
729 2
664 5
390 4
120 3
55 1
336 4
450 3
703 2
777 4
380 4
61 3
217 4
249 3
549 1
687 7
635 3
551 9
705 1
631 5
637 1
291 3
794 1
237 4
213 5
347 2
370 3
773 3
440 3
505 3
353 4
191 2
438 3
738 5
26 4
414 2
745 2
371 7
144 6
399 4
711 2
300 4
661 2
66 6
44 4
443 4
487 3
540 7
233 3
162 3
163 5
406 6
459 5
3 6
315 7
257 4
778 1
481 3
99 2
75 2
203 2
630 2
129 5
306 2
305 7
535 1
725 5
253 3
62 7
184 3
387 6
473 4
83 2
157 2
484 6
495 2
675 2
97 3
512 3
384 4
546 2
39 5
398 4
38 2
161 2
89 2
593 3
102 3
525 4
686 2
772 5
185 4
564 2
426 2
662 1
321 6
146 6
37 5
135 2
701 2
567 4
164 3
709 4
366 3
42 5
216 5
603 2
338 4
681 4
170 3
230 3
454 4
248 6
243 3
716 1
244 5
403 4
373 5
394 7
386 1
680 5
791 1
220 3
209 3
728 4
723 6
553 1
786 4
76 2
63 4
574 1
13 6
715 1
785 7
311 6
632 2
25 2
317 4
571 6
73 3
533 3
497 2
714 3
168 4
116 3
455 6
283 2
765 3
718 3
676 6
188 2
123 4
548 3
583 6
423 1
663 1
341 3
582 4
296 1
449 3
669 5
288 4
269 3
411 2
677 2
543 4
378 2
12 4
342 3
750 2
797 4
439 4
500 3
212 4
292 3
304 1
312 2
10 6
767 4
594 1
472 3
207 6
377 5
365 6
727 5
52 1
227 5
81 8
256 3
167 4
23 1
375 5
323 3
379 4
480 4
611 1
96 2
610 2
125 3
622 4
152 2
201 3
731 4
357 3
222 3
467 2
106 4
573 2
27 3
93 1
392 3
113 3
602 1
218 5
332 2
318 2
105 2
147 3
24 2
496 4
260 3
781 3
407 3
412 5
460 2
20 1
670 2
784 4
241 5
606 3
771 3
775 1
109 3
314 3
57 4
54 2
700 4
204 2
272 3
254 2
153 2
118 2
86 3
368 5
405 6
224 3
790 3
30 7
550 1
612 2
385 3
372 2
358 3
65 5
252 2
363 4
742 2
762 3
691 5
4 2
749 2
536 6
46 2
447 3
33 3
547 2
581 2
47 2
552 4
367 3
127 4
706 7
541 3
48 3
526 6
267 3
181 4
434 3
186 4
503 1
596 1
538 1
43 6
354 3
517 2
554 4
640 3
119 1
250 1
417 1
273 2
194 3
189 4
648 2
182 3
299 1
134 4
325 2
588 2
326 5
270 2
761 3
130 4
429 5
94 9
281 5
502 1
404 3
71 1
623 2
205 3
577 5
175 2
518 7
303 4
335 1
382 3
196 3
591 1
41 3
193 3
350 2
721 2
400 5
282 2
697 2
764 3
228 3
415 2
349 2
466 2
360 5
643 2
50 5
247 1
608 3
597 1
737 1
589 3
169 4
446 2
278 4
192 2
666 3
8 5
383 2
740 1
251 3
36 4
121 2
313 2
590 3
532 2
774 5
516 3
320 5
457 2
108 4
32 3
145 2
255 1
166 3
586 3
236 1
79 1
708 3
107 2
225 4
388 4
91 3
148 4
747 3
131 9
100 4
493 3
539 4
413 4
374 1
599 2
430 2
520 1
401 2
615 2
584 2
329 4
279 4
60 2
7 3
280 3
519 4
17 2
285 3
726 2
696 1
559 5
720 1
301 2
485 1
240 4
126 1
695 1
221 1
111 4
393 3
641 2
783 1
136 2
448 2
238 4
758 3
274 4
9 1
682 3
656 3
35 2
452 2
331 3
741 4
11 2
355 4
665 3
219 2
476 1
351 2
421 2
143 3
348 2
743 3
396 5
128 2
178 1
795 1
77 4
334 3
391 4
531 3
569 3
660 2
628 1
307 1
556 4
782 3
263 4
289 6
419 1
88 4
787 3
477 4
103 2
84 1
620 2
235 1
206 2
647 4
492 3
733 3
491 2
316 3
165 1
462 3
748 1
471 3
755 4
158 2
614 5
72 3
735 4
445 2
693 2
585 1
179 5
293 2
575 5
565 4
780 4
707 1
215 3
195 3
613 3
545 3
53 1
576 2
746 2
345 4
751 2
704 1
563 2
470 2
286 5
719 2
339 2
361 1
469 2
561 1
688 2
80 4
793 3
298 3
578 2
420 4
211 6
463 2
154 5
173 3
356 3
369 1
673 3
226 2
522 1
156 1
601 2
627 3
1 1
45 1
752 3
529 1
796 1
734 3
558 4
607 2
92 3
504 3
479 3
95 4
223 1
28 3
486 4
68 2
692 1
754 2
67 3
210 4
557 2
560 1
171 4
428 2
246 2
408 2
258 1
456 3
789 2
31 3
409 3
468 1
333 5
302 4
362 2
654 3
760 3
674 1
340 3
327 3
56 1
595 2
402 2
645 1
141 2
652 3
229 1
744 1
713 1
431 3
698 1
629 2
140 3
277 2
435 2
159 2
381 4
523 1
115 3
537 3
766 2
555 3
494 3
337 4
642 2
198 2
521 2
150 2
21 2
177 3
6 2
489 1
352 3
617 4
49 1
85 1
672 1
679 1
15 1
416 2
678 3
294 2
779 1
197 3
478 4
138 1
78 1
483 4
364 2
346 2
14 2
112 2
87 2
160 2
101 2
322 1
788 1
51 1
2 2
776 1
658 2
510 2
297 3
64 2
19 3
22 2
376 2
418 2
671 3
651 2
702 2
295 3
646 1
187 2
619 1
208 1
275 1
133 3
683 2
58 4
458 1
653 1
724 1
290 1
753 1
759 2
234 4
176 1
98 1
395 1
74 1
699 4
570 1
792 1
475 1
514 1
633 4
530 1
190 1
265 3
268 2
592 3
151 2
508 1
566 1
756 3
490 2
239 2
261 3
639 1
474 2
344 1
659 2
422 1
527 1
798 1
542 1
319 2
427 1
769 2
568 2
266 1
18 1
685 3
309 2
717 1
232 1
722 3
90 3
618 2
214 2
799 1
690 1
770 1
528 1
245 1
264 1
768 1
499 1
137 2
509 1
34 1
498 1
231 3
271 1
515 2
624 2
70 1
621 2
511 2
359 1
689 1
262 1
580 1
732 1
124 2
433 1
667 1
16 1
69 1
634 1
155 1
82 1
763 1
437 1
625 1
605 1
player: 3 Altruist
348 4
336 3
458 4
67 5
383 2
389 5
131 2
417 6
347 5
340 5
129 5
686 1
103 3
535 4
404 3
132 5
108 5
431 4
402 4
490 5
77 3
658 2
464 3
297 6
134 4
451 5
591 4
422 3
565 2
514 6
546 4
604 5
649 2
472 3
363 4
51 4
30 5
684 2
377 2
260 1
3 1
526 5
485 1
32 6
703 3
323 2
294 1
116 4
259 4
410 7
136 3
252 6
81 4
432 4
371 6
742 3
776 2
238 2
20 2
556 1
427 2
153 6
345 4
254 3
382 3
18 3
766 6
409 6
207 7
362 6
723 2
205 3
353 1
633 5
623 1
271 4
200 2
606 2
609 2
679 1
164 2
185 2
223 4
416 2
652 1
24 4
534 3
701 2
15 3
256 5
792 2
197 6
664 3
174 3
104 4
656 3
589 2
695 4
487 2
555 2
239 2
493 4
399 4
716 4
466 5
34 3
278 3
369 4
361 4
80 2
244 4
521 6
38 2
351 3
296 4
76 4
769 3
554 3
661 2
163 2
772 1
539 2
448 3
438 5
100 3
47 2
537 5
403 2
40 4
781 3
289 4
767 3
41 2
187 4
154 2
768 2
305 3
671 1
231 5
597 2
787 2
529 3
517 4
443 1
513 5
395 1
54 2
631 5
462 2
235 7
29 3
775 2
388 4
367 4
141 3
500 3
258 3
414 5
687 3
309 3
638 3
127 1
712 2
653 4
681 5
48 2
470 3
424 1
598 3
234 3
545 2
393 5
224 1
744 1
397 7
182 2
204 4
592 1
584 4
171 3
578 2
356 4
43 5
19 2
785 3
373 7
99 5
435 2
74 4
97 3
183 2
14 2
335 2
159 2
350 6
130 5
243 2
570 2
316 6
16 1
761 3
302 4
572 1
544 3
498 2
552 3
420 2
502 2
749 6
73 2
585 4
771 1
676 4
643 4
11 3
797 3
799 5
307 2
119 3
549 3
756 2
372 6
177 2
444 3
574 3
203 5
536 3
91 2
101 5
407 2
327 1
782 5
169 8
663 1
28 1
180 3
142 6
245 4
35 3
411 5
251 3
461 1
46 3
639 3
228 5
139 3
166 2
474 3
469 4
704 4
694 2
242 3
120 3
4 3
600 6
690 2
558 1
273 2
310 2
778 6
774 6
748 3
789 3
557 2
476 4
69 2
78 1
44 4
248 6
667 2
473 1
479 1
685 1
494 1
508 4
486 3
593 5
553 4
524 4
186 5
456 3
110 2
401 1
320 6
160 1
518 4
442 3
412 4
311 2
460 2
758 5
693 2
616 1
276 4
317 7
678 2
27 5
325 2
85 3
527 4
392 2
215 3
146 3
784 4
783 1
343 4
446 3
715 1
675 2
564 2
303 4
107 2
696 2
419 4
322 2
730 4
89 4
628 1
579 3
57 4
594 2
603 3
450 1
735 3
212 4
512 3
53 1
408 3
447 4
123 2
111 5
236 1
125 3
387 1
55 4
436 4
463 3
87 1
168 3
413 3
747 4
26 2
172 3
605 2
563 3
588 4
147 3
216 2
229 3
497 5
642 4
634 2
118 2
315 4
670 1
178 1
217 2
257 3
488 4
274 2
31 1
272 2
60 2
538 2
306 3
620 3
516 2
396 3
688 2
483 1
208 3
611 3
627 4
613 4
533 4
482 2
540 1
84 4
385 3
381 2
699 2
149 3
61 3
86 1
21 2
618 2
365 4
275 2
279 5
569 1
237 4
138 1
189 1
560 2
92 4
773 2
206 1
288 6
779 1
250 4
760 2
477 1
68 1
241 4
157 3
562 3
247 1
453 3
750 2
672 2
370 6
342 2
741 1
246 6
117 3
386 6
181 1
222 2
63 4
763 5
291 3
430 5
561 6
221 4
284 3
280 3
334 2
196 3
698 2
94 2
731 4
151 5
193 1
170 1
179 5
277 3
95 4
184 1
295 2
364 3
312 1
56 2
532 1
531 2
596 6
714 2
625 2
64 2
88 4
551 3
646 1
150 3
300 3
375 4
796 3
423 3
390 5
269 5
380 5
496 1
786 1
192 4
230 2
314 4
285 2
226 4
202 3
281 2
668 2
449 5
346 3
452 5
725 3
481 3
506 2
515 3
428 4
292 3
263 2
75 2
133 4
198 4
283 3
214 5
144 2
374 3
426 5
519 1
583 1
575 2
66 2
491 1
333 1
720 2
746 3
523 4
7 4
762 3
547 3
65 5
1 2
459 1
70 3
188 5
738 2
700 1
114 5
83 2
689 3
355 3
58 4
158 2
156 2
790 2
659 5
49 1
301 3
194 3
319 5
112 6
140 3
135 2
717 4
559 1
9 3
567 3
480 4
6 2
489 2
586 2
425 1
152 1
106 2
211 2
729 2
394 5
249 4
82 3
332 1
571 1
542 2
255 5
655 2
72 1
349 4
648 1
268 3
587 3
219 2
79 3
635 2
626 2
467 3
264 2
265 2
708 1
677 1
122 2
357 5
429 2
50 2
582 3
610 1
759 3
440 3
406 3
267 1
645 2
662 1
522 2
2 3
253 1
734 1
270 5
137 2
484 1
391 4
220 2
707 2
632 1
520 4
290 3
441 1
657 3
595 1
706 4
59 3
492 2
354 1
590 2
705 1
266 2
504 2
530 2
615 6
175 2
525 5
798 2
339 1
434 1
143 1
601 2
376 1
121 4
105 2
418 3
165 3
190 1
727 3
8 2
337 5
328 1
457 1
499 2
287 2
612 2
737 3
770 5
293 1
501 1
227 2
640 2
576 1
96 2
167 1
599 3
713 2
739 3
368 2
326 3
505 1
37 2
495 1
98 2
398 1
201 3
195 2
580 1
45 1
145 1
697 2
5 1
298 3
360 3
321 2
764 1
710 1
718 1
724 1
352 2
209 2
22 1
736 1
455 1
465 1
42 2
478 3
581 2
191 2
128 1
415 1
752 4
379 2
261 2
794 1
509 3
617 1
577 4
511 2
232 1
777 2
691 2
318 3
102 1
329 2
199 2
330 2
629 3
162 1
176 3
113 3
622 4
636 1
651 2
719 1
384 2
445 1
233 2
359 1
33 1
23 1
682 1
607 1
17 1
25 1
52 3
155 1
732 1
721 1
669 1
614 1
791 2
573 1
433 1
161 1
471 1
115 3
711 1
124 2
10 1
454 1
240 1
39 1
630 1
619 1
71 1
541 1
308 1
548 1
405 1
726 1
439 1
218 1
728 1
262 1
rank player: 0 Altruist
2 172
4 155
10 163
12 161
8 152
3 175
11 150
5 166
1 170
6 184
7 165
9 187
rank player: 8 Competitive
9 169
12 154
1 161
5 171
6 159
8 164
11 204
7 175
2 161
4 157
10 172
3 153
rank player: 7 Individualist
1 169
9 190
3 163
2 150
11 188
12 176
10 155
8 190
6 145
4 171
5 153
7 150
rank player: 11 Competitive
8 161
5 152
2 154
12 192
10 194
1 173
3 167
6 164
9 172
4 150
7 154
11 167
rank player: 10 Competitive
3 152
8 168
12 146
9 165
4 158
11 189
1 157
2 168
6 169
10 196
5 161
7 171
rank player: 1 Altruist
12 159
10 162
3 169
6 164
5 180
8 170
11 159
9 134
2 170
1 174
4 184
7 175
rank player: 9 Competitive
11 186
2 168
10 180
1 175
7 155
9 180
6 159
4 139
5 164
8 164
3 163
12 167
rank player: 4 Individualist
10 164
3 181
5 155
4 167
6 176
2 182
7 158
12 183
11 171
9 160
1 142
8 161
rank player: 6 Individualist
7 204
4 171
11 141
10 157
1 166
6 180
5 168
3 164
9 157
2 163
12 167
8 162
rank player: 2 Altruist
4 177
11 156
6 166
7 166
9 160
1 190
2 155
3 177
8 173
10 150
5 170
12 160
rank player: 5 Individualist
5 185
1 175
7 146
8 168
11 152
9 161
12 177
10 150
2 185
6 169
4 177
3 155
rank player: 3 Altruist
6 165
8 167
1 148
7 181
4 194
5 175
3 181
10 157
9 165
11 137
2 172
12 158
