player: 8 Individualist
740 4
562 2
682 4
225 5
301 4
546 5
760 5
430 1
372 6
335 3
509 2
47 3
588 3
319 1
288 11
69 4
410 3
647 3
133 5
37 3
171 2
282 3
756 4
631 5
657 7
699 4
249 4
382 2
427 6
97 6
717 1
497 5
173 2
771 5
508 4
22 1
443 1
678 4
276 4
153 3
450 2
625 4
193 2
180 3
622 6
385 3
452 5
353 3
620 2
266 2
492 3
226 1
41 5
530 2
436 1
278 4
123 2
344 2
188 6
628 2
501 9
205 3
365 1
116 7
154 3
599 4
757 2
231 3
197 6
170 5
779 3
634 4
575 1
447 4
233 3
561 5
93 2
358 5
425 2
697 2
253 1
722 4
700 4
795 4
483 2
644 3
143 2
630 3
538 2
101 4
75 4
793 2
251 3
673 2
461 3
674 2
118 2
583 4
464 2
304 4
445 2
49 4
336 2
544 4
131 3
751 3
784 2
352 4
426 3
114 1
58 5
667 3
351 1
504 3
200 4
457 2
424 6
513 2
397 3
384 4
68 1
543 3
48 5
794 1
746 3
663 3
201 3
534 1
691 4
548 7
359 2
3 1
90 4
687 3
709 1
434 2
25 1
607 4
141 2
142 3
416 5
42 2
769 5
412 3
130 5
107 3
14 3
469 1
498 4
157 6
487 5
324 3
18 4
718 6
389 3
557 4
730 2
554 2
50 3
215 5
196 4
39 4
361 3
13 1
322 1
218 6
184 6
326 4
529 4
245 2
574 5
582 2
518 4
45 2
297 2
490 3
409 4
272 4
639 5
341 4
27 4
386 2
782 2
277 2
21 4
252 3
315 5
777 3
98 1
640 4
604 4
611 4
339 4
40 4
213 3
662 4
776 3
64 2
121 2
113 3
419 3
767 3
714 2
343 6
524 3
563 3
560 2
161 5
488 4
598 3
67 6
100 2
685 1
29 3
111 4
103 2
235 4
247 5
521 5
122 6
593 4
477 1
661 5
240 2
254 4
273 4
726 2
414 3
187 4
302 1
522 5
698 2
291 6
472 3
519 3
204 4
468 1
408 3
313 4
139 1
637 3
402 3
16 3
614 1
268 4
82 2
491 3
707 3
395 2
799 3
569 2
453 7
124 4
164 3
755 6
104 1
172 2
127 2
765 3
61 3
656 4
762 2
182 2
732 4
621 6
733 3
702 6
357 4
542 4
399 1
287 2
418 6
347 3
109 5
337 1
208 3
632 7
535 2
486 4
551 8
742 5
274 2
30 1
11 2
723 3
224 5
507 3
147 2
356 3
132 2
325 3
741 5
729 3
597 2
786 1
396 3
84 3
366 1
456 5
36 2
267 4
388 5
413 5
38 2
96 3
528 2
565 5
212 4
403 4
244 3
195 3
671 4
192 3
720 3
466 4
536 1
586 5
88 2
178 4
696 4
675 2
401 2
189 5
206 2
495 4
603 4
338 3
585 5
462 1
299 2
781 2
454 3
169 1
239 2
738 1
163 2
219 2
610 3
646 1
375 3
494 3
573 4
796 2
181 3
72 3
5 3
238 5
629 3
672 3
660 2
348 4
643 2
152 4
584 3
689 1
62 3
292 2
439 3
666 2
701 1
606 4
459 4
31 1
527 5
572 1
665 1
237 2
332 1
209 7
4 3
545 4
229 4
556 2
737 3
591 6
541 4
515 2
379 6
243 4
790 1
284 3
787 2
177 3
135 4
537 3
437 2
549 1
43 4
587 1
600 2
645 2
368 2
117 2
28 5
789 3
688 2
480 3
608 4
516 1
559 2
754 4
778 5
281 4
420 6
759 4
479 2
144 10
316 5
669 3
8 1
612 3
115 2
7 3
748 2
32 1
129 3
9 2
380 2
140 2
471 4
2 2
145 5
74 3
703 1
493 6
159 4
174 4
478 2
764 2
110 3
592 2
175 1
503 2
112 2
590 1
194 3
126 9
370 3
744 5
641 1
679 2
417 2
136 3
223 2
54 4
328 1
474 1
33 1
242 3
398 2
387 3
63 2
553 2
467 1
160 2
693 1
298 1
581 1
526 4
517 1
460 1
758 5
715 2
431 2
609 3
179 2
465 2
735 2
615 2
165 1
636 3
374 1
713 3
768 2
264 5
34 3
626 4
683 2
406 1
506 3
355 2
442 3
668 3
624 2
659 4
79 1
523 1
579 4
566 2
312 2
151 4
670 4
232 2
627 3
294 3
595 4
684 1
314 2
458 3
594 2
78 1
567 2
681 1
216 2
91 4
440 4
360 3
766 1
653 1
589 1
81 2
576 3
327 2
6 2
87 4
329 3
354 5
547 4
283 4
323 5
749 1
638 1
623 5
520 2
59 3
120 2
512 2
280 1
92 2
705 3
167 2
186 2
308 4
617 3
211 3
400 1
20 4
71 4
676 2
269 3
392 2
484 2
473 4
451 1
568 1
475 1
706 4
80 3
262 3
411 2
260 2
692 4
248 6
286 2
752 3
500 3
476 1
340 2
489 1
719 5
321 2
550 2
10 2
381 3
191 1
119 1
739 3
76 2
750 4
511 1
210 2
105 4
220 1
334 2
558 1
510 1
333 1
362 1
711 2
190 1
428 1
270 1
369 3
405 2
60 3
710 4
309 1
433 2
150 1
605 2
65 1
580 1
12 3
798 1
202 1
363 3
317 2
680 3
19 4
649 1
571 1
404 4
438 2
485 2
690 1
311 3
17 1
731 2
146 2
540 1
138 3
613 1
555 1
496 1
259 1
207 2
26 1
602 2
148 1
258 2
289 1
198 3
761 1
658 2
393 3
183 2
642 2
346 1
780 2
783 2
525 1
470 5
228 2
373 2
734 2
775 1
772 2
616 2
217 1
482 3
601 2
578 4
108 3
331 1
236 3
648 3
577 2
650 2
383 2
727 3
463 2
745 1
168 1
290 2
234 1
570 2
564 2
455 1
320 1
444 2
73 1
95 2
85 1
704 1
162 1
263 1
24 1
792 3
415 1
736 1
651 2
708 3
532 3
70 3
724 1
618 3
166 1
345 1
106 1
371 2
421 1
694 4
364 1
391 1
774 1
664 1
279 1
446 1
619 1
390 1
86 2
255 1
66 1
797 1
137 1
763 1
271 1
35 1
785 1
125 1
533 1
51 2
449 1
293 1
655 1
407 1
377 2
295 1
307 3
695 1
654 1
55 2
227 1
89 2
257 1
394 1
539 1
230 1
499 1
441 1
652 1
52 1
791 1
481 1
712 1
502 1
773 1
256 1
56 1
199 1
94 1
158 1
156 1
305 1
203 1
505 1
743 1
300 1
367 1
player: 7 Individualist
609 2
411 3
286 6
332 4
765 5
612 4
468 3
745 4
143 3
389 3
355 1
467 4
736 5
463 4
784 3
88 4
180 2
425 4
725 6
241 2
582 4
307 2
108 3
369 3
406 3
780 6
216 2
99 2
20 2
384 3
511 4
358 1
495 5
28 2
567 5
777 3
268 4
247 3
529 4
25 5
119 5
275 3
386 3
649 5
93 2
138 2
791 1
362 2
593 2
600 5
626 3
711 3
321 5
758 4
651 4
449 4
1 1
552 3
74 4
72 3
559 3
589 3
341 3
191 5
15 3
354 3
481 3
690 2
464 3
288 2
181 4
594 2
717 4
87 2
698 2
255 3
349 2
634 3
230 3
283 1
557 4
578 6
482 3
473 2
263 3
783 2
494 4
395 3
712 3
675 2
333 3
85 4
5 1
403 6
117 5
696 4
125 5
134 3
752 3
407 3
228 5
509 5
324 7
227 1
159 6
392 5
693 4
112 5
294 3
167 2
539 3
211 1
580 3
238 6
131 3
270 4
27 3
348 1
258 5
8 1
254 2
387 2
787 4
359 1
170 2
442 1
776 4
513 3
606 5
610 3
441 2
756 4
627 2
141 2
208 1
537 6
689 2
175 6
438 1
534 3
477 4
7 2
576 1
132 2
95 9
750 2
137 1
558 2
767 3
489 3
329 7
79 4
124 5
775 5
661 4
488 3
728 2
169 2
196 4
519 1
218 6
205 8
614 5
379 3
706 3
412 3
63 3
617 1
378 2
450 6
70 4
536 1
768 1
452 3
713 5
451 1
535 3
245 5
773 4
662 4
415 5
732 2
542 2
659 2
439 3
518 1
318 5
368 5
89 2
656 8
512 2
257 6
458 2
177 5
637 5
250 5
366 7
219 2
189 1
613 5
671 1
502 3
284 1
9 3
720 5
179 5
281 3
526 3
577 3
554 5
496 2
581 6
575 6
192 2
382 4
58 3
96 4
644 3
24 6
239 2
474 3
624 3
409 2
233 4
797 3
118 4
178 4
71 3
51 2
62 2
597 3
704 3
730 3
427 5
508 1
300 4
424 3
755 4
33 1
44 3
221 3
679 1
753 3
244 6
677 6
140 2
50 5
633 4
264 4
465 3
740 5
334 2
210 1
97 2
313 4
105 2
103 3
154 2
173 5
794 3
128 4
34 1
707 3
506 4
69 1
568 4
453 4
153 1
86 2
500 4
289 1
553 4
41 3
304 3
174 4
431 2
3 1
433 3
667 6
445 2
785 4
380 3
146 4
225 3
67 5
303 3
213 5
522 2
229 1
466 5
399 3
490 3
782 3
29 6
185 1
685 4
695 4
163 4
75 1
602 2
669 3
635 1
574 2
202 3
155 4
176 4
400 5
757 8
492 1
291 1
327 5
76 5
168 1
769 2
184 5
499 2
798 2
543 4
364 2
346 3
585 4
686 3
533 5
763 4
417 4
503 1
49 4
665 3
375 3
658 3
657 2
109 3
372 5
546 2
497 4
454 3
253 4
648 3
116 6
660 6
676 2
60 1
501 3
616 4
54 3
440 2
555 2
796 1
692 4
266 2
435 1
476 1
625 3
376 2
278 3
145 3
742 5
12 2
623 2
402 4
721 2
741 1
641 1
398 3
443 3
437 2
104 2
136 4
586 3
106 1
339 4
419 4
788 1
295 5
448 1
628 1
684 1
532 1
416 2
305 2
605 4
528 2
571 3
735 3
394 2
188 3
65 4
414 2
182 2
748 1
2 2
486 1
724 3
603 2
126 3
272 3
207 3
367 5
323 3
209 3
739 3
456 5
197 5
236 1
691 3
302 2
708 2
779 2
751 1
338 2
629 1
524 3
792 4
308 3
588 4
774 2
299 1
429 3
356 2
393 4
390 2
510 5
673 1
59 3
754 4
596 3
252 5
485 2
347 3
726 1
487 3
57 2
282 4
152 2
747 2
370 4
340 2
781 5
64 3
271 2
405 3
655 2
267 1
548 2
764 3
377 2
148 1
423 4
371 4
498 4
446 3
638 4
83 2
701 2
469 1
322 3
622 2
115 2
716 3
6 3
231 2
478 5
310 2
237 3
187 3
418 7
352 2
343 3
56 5
639 2
663 3
484 5
101 1
206 4
388 1
232 2
643 5
480 2
682 2
193 2
722 1
46 3
214 2
538 2
133 2
68 3
94 3
224 1
718 2
165 4
426 4
444 5
312 2
674 4
32 1
360 2
190 3
100 4
317 2
156 4
314 2
325 3
731 3
430 4
77 1
531 5
573 2
66 1
681 1
53 1
551 3
45 3
743 1
11 2
598 2
672 1
285 2
687 3
771 4
583 1
274 2
615 2
345 5
455 2
18 1
121 5
504 3
298 2
702 1
315 1
410 1
653 2
618 1
422 3
82 3
164 3
162 3
350 4
694 1
521 2
43 2
122 1
749 1
385 3
55 2
795 3
434 3
566 4
212 1
110 3
744 1
292 2
331 3
157 3
514 4
678 1
47 1
21 3
515 3
562 1
604 5
320 2
279 1
249 5
541 1
642 1
705 1
719 2
373 3
199 1
149 2
772 3
428 2
22 2
563 4
243 2
746 2
353 2
260 5
217 2
102 2
505 1
38 1
650 1
762 3
688 1
408 1
565 2
161 1
61 1
39 2
293 2
734 1
19 2
40 1
459 3
344 3
737 2
36 2
240 2
664 2
200 1
242 1
383 2
460 2
759 1
475 4
48 1
160 1
166 1
120 3
195 3
337 2
396 2
123 5
640 1
632 2
113 4
262 3
269 2
462 1
560 4
326 2
778 4
256 1
280 1
668 1
290 2
599 3
611 1
142 2
793 2
401 1
579 1
277 1
646 2
144 1
276 2
584 2
572 2
421 2
316 1
544 1
471 2
309 1
520 2
621 4
647 2
14 2
630 1
564 2
351 2
592 2
287 1
235 3
52 1
90 2
636 2
98 2
608 2
470 2
301 1
790 1
697 3
194 4
590 4
330 2
215 3
523 2
37 3
710 2
81 2
569 3
365 2
226 2
700 3
129 1
4 1
158 2
91 2
16 2
595 1
420 2
714 2
517 2
766 1
549 1
319 3
130 1
35 1
220 2
666 1
273 1
135 1
111 1
738 2
619 1
357 3
556 1
507 1
683 1
715 2
472 1
42 1
591 2
601 2
491 1
540 1
680 1
545 1
799 1
171 1
139 1
413 2
561 2
525 1
654 1
786 2
150 1
203 1
547 1
723 1
570 1
727 1
186 1
733 1
374 1
259 1
631 1
336 1
404 1
436 1
26 1
246 1
73 1
461 1
306 1
player: 10 Competitive
748 6
528 3
133 4
429 2
26 4
217 1
722 6
213 3
689 4
571 4
629 3
506 3
225 6
251 2
290 4
281 5
270 3
563 4
619 2
43 3
236 2
336 1
696 1
107 2
630 4
127 5
404 5
13 2
602 1
419 2
198 5
679 5
499 1
591 4
214 4
593 6
100 4
461 5
29 2
692 3
250 5
391 5
275 4
740 2
119 4
318 4
229 1
216 4
735 3
418 5
678 4
278 4
151 1
228 2
121 4
642 6
582 2
786 7
348 2
796 3
172 1
10 5
540 4
277 4
530 6
502 3
311 5
604 2
288 3
327 5
201 3
239 3
47 7
38 7
494 4
181 6
565 4
485 4
614 3
365 5
273 3
274 4
632 7
654 2
753 1
395 4
743 2
105 2
769 3
45 3
645 1
687 2
712 5
120 4
264 2
761 4
543 3
618 3
368 5
160 4
768 1
505 3
572 4
410 2
507 5
467 7
235 2
443 3
186 3
22 3
248 3
547 3
529 3
310 1
708 5
44 3
154 4
118 5
42 4
197 2
479 1
705 2
352 5
484 3
262 3
601 4
12 6
389 2
538 4
478 4
177 3
781 3
585 1
246 3
111 6
548 3
190 4
276 1
171 4
401 3
7 2
440 4
388 4
237 3
103 4
124 1
446 2
328 4
114 6
624 1
196 1
380 2
709 4
660 5
673 3
533 3
245 3
81 3
140 3
779 4
567 4
291 4
559 4
261 2
471 1
289 5
552 4
126 7
297 2
72 2
221 4
628 3
48 3
752 3
329 4
178 2
307 5
165 4
313 1
775 6
447 2
39 4
436 2
399 3
241 2
157 5
109 3
28 3
527 3
462 3
451 3
374 1
403 5
392 4
633 2
680 4
260 4
532 3
142 1
639 1
381 1
729 4
766 3
156 3
110 5
174 4
314 2
617 5
179 5
136 4
195 4
608 2
361 3
334 3
317 1
589 1
268 3
656 6
73 2
412 4
780 4
595 2
534 1
741 3
89 2
204 5
85 2
641 2
193 1
597 1
760 3
662 3
498 2
765 2
497 4
77 2
785 6
795 2
640 2
643 4
511 5
353 5
104 2
428 3
442 2
610 2
285 3
495 6
8 3
350 5
525 5
699 2
364 5
621 3
339 3
363 2
34 3
612 4
302 5
87 5
295 1
475 5
721 3
373 4
138 2
465 1
382 2
669 5
492 2
468 1
767 5
164 7
503 6
594 1
298 2
386 4
710 4
252 2
553 3
67 1
691 5
315 5
220 6
736 4
25 1
730 1
727 2
149 1
746 2
634 2
210 4
125 3
568 4
590 3
191 2
441 3
321 1
500 3
117 3
338 4
734 3
76 4
299 3
93 4
96 1
68 1
613 3
347 3
343 3
449 8
715 2
644 4
733 2
714 1
284 2
405 2
560 3
11 2
555 1
255 1
672 5
272 3
598 6
576 3
57 4
400 4
369 2
148 2
707 4
636 4
790 3
512 1
408 2
794 3
445 4
282 1
166 1
732 4
175 2
27 4
433 3
411 2
700 2
183 4
588 3
665 3
557 3
397 4
460 1
354 2
52 4
466 3
132 2
357 1
398 2
50 7
675 2
253 3
58 2
685 1
209 5
390 4
122 2
227 2
537 3
635 4
46 7
316 2
783 7
54 3
631 2
258 1
394 4
332 5
123 1
70 2
509 1
437 2
653 1
711 3
219 4
21 2
649 1
82 3
91 5
69 4
758 1
407 3
78 2
658 3
606 3
296 2
384 3
469 2
131 2
487 2
17 4
112 4
152 4
406 3
616 2
655 2
59 4
134 1
320 5
224 5
129 1
581 5
55 3
279 6
356 3
194 4
763 1
168 2
230 6
35 3
516 2
695 2
757 2
84 2
303 1
439 1
496 2
579 3
40 2
231 3
455 3
611 1
202 1
344 2
74 3
215 1
519 5
539 2
799 4
144 2
242 2
623 2
306 3
481 4
182 2
489 2
698 5
681 2
620 2
742 2
80 4
259 1
798 1
772 3
208 5
88 3
97 1
130 3
671 3
330 5
522 2
376 6
254 3
480 4
362 1
674 3
584 2
521 2
86 2
550 3
473 7
141 1
470 1
501 3
292 8
422 1
578 2
322 2
438 2
222 3
583 2
370 2
706 3
426 2
720 1
324 4
161 1
24 4
688 4
676 7
49 2
622 1
544 2
137 2
554 1
774 3
694 5
243 3
420 1
169 2
378 4
266 5
587 2
94 1
652 2
79 3
185 3
592 1
212 1
415 2
483 2
566 3
211 1
170 1
233 5
206 2
340 5
61 5
749 3
771 5
377 2
463 3
414 2
413 5
409 2
432 4
518 1
562 3
162 4
605 2
71 1
358 4
755 2
135 3
789 2
265 1
286 3
359 3
207 1
564 3
342 1
294 3
764 1
95 2
745 2
240 2
423 2
549 3
192 4
23 2
615 2
531 2
751 2
464 4
36 2
271 4
661 4
308 3
545 2
180 2
723 2
728 1
607 2
448 2
15 1
596 4
2 4
659 2
776 2
697 4
205 1
187 1
263 1
625 4
139 2
19 2
75 2
309 2
367 2
333 1
305 2
6 1
116 3
491 3
425 2
113 2
143 1
32 1
569 3
459 2
83 2
444 2
184 2
724 1
18 3
586 3
37 1
155 2
14 2
189 1
325 3
341 1
30 1
457 1
64 2
472 4
546 3
777 3
486 2
1 3
63 3
434 2
759 2
677 1
4 1
797 1
523 1
754 1
704 2
558 2
98 1
218 2
638 1
56 3
476 2
387 1
244 1
31 2
106 1
488 1
247 3
372 2
684 2
713 1
482 1
435 2
167 4
323 2
524 4
719 2
453 2
51 1
701 5
690 2
703 3
102 2
427 1
115 1
650 2
603 3
493 2
337 3
421 1
226 1
101 2
541 2
490 1
458 1
784 1
346 1
556 2
725 1
756 3
267 1
670 1
747 1
647 1
664 3
257 1
515 1
199 1
793 1
716 3
383 2
319 1
693 1
304 2
65 1
66 2
580 2
510 1
626 1
163 3
379 2
762 2
249 1
375 1
574 1
430 1
41 1
128 3
454 1
577 1
256 1
668 2
456 1
575 2
627 2
792 1
667 1
280 3
535 1
366 1
504 1
474 2
526 1
312 3
53 2
788 2
551 2
301 1
3 1
326 1
739 3
773 2
283 1
145 1
663 2
750 1
16 1
416 2
508 1
717 1
62 1
176 1
744 1
396 1
770 1
702 1
637 1
5 1
345 1
60 1
778 1
146 1
92 1
683 1
600 1
738 1
player: 15 Competitive
21 4
780 4
739 7
477 5
170 3
144 3
406 6
179 3
571 2
384 2
231 7
435 2
423 5
583 2
191 3
59 3
276 5
718 3
785 4
320 1
697 1
717 3
298 5
509 3
182 4
80 4
214 1
279 4
734 5
204 4
388 4
380 7
560 4
666 3
72 4
203 3
680 5
4 5
257 4
166 1
31 3
150 4
599 3
301 1
790 3
525 4
548 1
434 6
343 4
647 2
373 4
81 3
269 2
789 3
519 2
210 2
612 5
258 2
129 3
627 4
676 5
428 3
589 4
740 3
195 5
201 5
254 3
78 3
389 2
260 4
742 1
157 4
431 3
313 3
34 5
198 2
539 4
332 4
723 1
148 3
794 2
672 5
296 4
135 4
95 2
706 3
450 2
458 1
284 4
655 2
169 5
252 2
102 2
176 3
49 2
556 4
310 4
271 3
517 4
660 6
438 2
140 2
412 2
30 2
132 4
614 2
383 2
288 5
19 4
616 2
143 2
505 4
22 1
45 2
779 2
253 2
558 2
84 2
620 1
702 2
615 4
427 5
651 2
448 3
765 3
217 4
430 1
89 4
607 3
738 3
594 2
512 3
167 4
206 8
784 3
28 3
724 1
196 2
193 4
396 4
538 5
337 4
94 5
703 5
212 3
506 6
394 2
48 3
604 1
716 4
76 4
325 4
281 2
640 6
171 5
679 4
420 5
62 4
745 2
386 7
719 2
471 3
673 2
778 1
247 1
156 3
495 4
455 2
776 4
691 2
449 5
635 6
118 2
646 2
493 3
573 2
390 2
727 4
261 3
134 5
113 3
314 4
67 3
317 3
587 7
307 4
186 1
160 1
782 5
125 3
634 3
262 1
562 4
447 3
149 4
588 3
189 2
751 5
540 3
115 4
663 2
611 7
713 2
490 4
241 1
671 4
496 1
26 3
748 2
385 3
230 2
1 3
584 1
641 4
177 2
106 3
605 3
730 4
553 6
159 2
403 2
762 2
677 1
624 2
211 7
421 6
526 3
686 3
598 2
459 1
101 5
755 2
668 3
152 4
498 6
190 3
590 4
24 3
771 1
27 4
215 7
405 6
272 3
596 4
754 3
685 5
577 2
652 2
737 2
360 3
87 4
124 1
592 2
363 4
576 2
162 2
674 5
278 2
772 3
3 2
39 2
228 2
356 1
628 2
11 2
91 2
454 2
704 2
534 4
402 5
181 3
499 3
629 1
710 1
749 3
15 2
44 4
522 2
518 6
71 3
528 2
36 5
29 3
521 2
20 5
462 3
173 6
648 1
613 4
445 3
667 4
564 3
275 5
290 2
756 3
491 3
670 3
70 9
574 5
223 2
529 4
597 2
86 3
536 1
618 1
550 2
244 2
123 2
662 5
75 2
474 4
582 3
544 3
478 3
133 2
638 5
714 2
366 1
593 4
294 3
467 5
291 2
346 1
397 3
371 3
74 4
382 1
731 3
721 1
617 4
88 3
799 2
547 4
798 5
408 2
235 1
147 1
488 2
334 3
777 2
570 4
218 3
287 4
268 2
437 3
379 5
470 4
675 3
172 2
752 2
633 2
347 5
601 1
25 4
682 7
336 5
138 3
357 1
237 3
57 1
639 4
188 2
732 3
155 1
504 3
501 3
98 5
242 4
465 7
761 2
56 4
683 2
326 7
546 4
783 2
120 3
690 3
726 2
586 2
764 4
644 4
141 4
180 4
658 5
85 5
425 3
632 1
775 4
372 3
591 5
580 3
561 2
63 5
243 1
128 4
105 1
443 2
788 3
473 4
439 3
38 2
224 3
763 4
342 1
479 1
117 3
481 3
684 2
441 4
151 2
246 2
345 2
145 1
416 2
209 3
316 2
579 3
535 2
440 6
456 4
340 2
233 4
631 2
452 6
393 2
531 2
251 4
273 6
65 5
483 2
183 5
484 1
787 3
341 3
249 3
581 3
234 2
657 3
378 3
53 3
415 3
696 3
720 1
569 3
630 3
469 3
664 1
609 1
688 2
43 2
486 3
131 3
792 2
32 2
585 3
9 2
109 2
480 3
264 2
312 7
154 3
728 4
793 2
746 4
695 2
656 1
333 2
392 4
744 3
511 1
240 1
568 2
46 2
414 3
339 1
90 3
494 3
305 4
369 3
351 2
508 3
111 4
537 3
429 3
502 3
93 3
451 2
127 2
267 1
60 5
659 2
559 3
245 3
213 2
354 1
692 2
327 1
158 2
103 2
610 4
398 3
768 3
595 2
302 2
256 2
722 3
83 1
121 2
265 2
549 1
619 6
207 1
468 4
112 3
507 2
142 2
68 1
47 2
707 3
795 5
376 4
520 2
625 2
73 2
239 3
295 3
715 2
700 2
174 2
304 3
61 2
286 2
572 3
750 4
216 1
50 2
417 3
12 3
116 4
319 2
694 3
168 5
623 3
705 4
119 5
197 2
524 3
329 1
374 2
58 2
626 2
299 3
554 3
368 4
654 2
444 1
530 2
557 2
407 3
709 1
433 3
419 2
274 3
51 2
650 3
255 4
348 2
543 1
542 5
362 2
545 2
277 1
565 1
92 1
361 1
352 2
309 1
323 2
100 3
367 3
315 1
689 3
400 1
161 3
225 2
701 1
404 3
466 2
222 1
344 3
185 2
541 1
96 1
41 2
8 1
606 3
248 2
331 1
513 3
263 1
37 2
602 1
747 3
42 2
413 2
399 2
364 2
698 2
69 2
487 3
108 1
110 2
497 2
476 2
54 3
424 3
238 1
503 2
55 3
17 4
791 1
395 1
187 2
741 1
409 2
760 3
566 1
463 1
637 1
321 2
436 6
485 3
266 1
77 1
306 1
338 3
311 3
643 2
699 2
681 1
350 2
401 2
122 1
18 2
661 2
767 1
725 2
300 1
642 3
489 2
365 2
387 1
297 1
461 1
175 1
349 3
358 3
711 1
757 1
82 1
608 1
236 1
52 2
153 6
7 2
359 1
293 2
523 1
514 2
743 2
14 1
636 1
79 1
432 2
192 1
136 2
552 1
146 2
621 1
500 1
555 1
567 2
2 3
422 1
736 1
163 2
6 2
64 1
781 2
678 2
227 2
104 1
130 2
773 1
200 2
551 2
391 1
769 1
219 2
289 1
712 1
16 1
575 1
645 2
796 1
758 1
292 2
318 1
516 1
653 1
687 1
410 1
114 1
199 2
563 1
229 1
527 1
324 1
753 2
13 1
184 1
221 1
411 1
603 1
335 1
194 1
107 1
622 1
308 1
250 1
418 2
328 1
285 1
165 1
492 1
40 1
442 2
533 1
player: 13 Competitive
228 3
74 2
82 1
117 1
381 2
62 5
428 2
219 2
527 4
124 1
281 3
4 6
438 3
302 2
303 7
146 1
468 3
679 2
457 3
365 6
299 4
664 1
722 2
667 7
395 5
238 2
555 1
300 1
325 2
274 4
442 6
725 4
213 2
728 4
134 4
394 3
515 2
204 3
749 7
188 1
208 2
566 4
349 2
390 5
361 5
415 1
135 3
400 2
777 3
279 3
409 1
316 4
724 2
173 4
653 2
430 3
197 2
116 1
690 4
744 4
346 1
311 3
506 1
48 4
605 3
176 5
636 4
252 4
651 2
383 1
596 2
623 7
230 1
34 2
707 2
77 2
458 3
737 4
721 5
441 5
463 5
398 3
297 3
469 4
416 4
142 3
682 3
750 5
330 4
431 2
794 1
624 2
773 7
681 4
80 3
183 3
600 2
66 4
693 3
757 3
367 2
476 3
637 5
351 2
739 5
140 7
258 4
249 1
63 4
420 2
348 6
396 5
635 4
102 3
657 4
355 2
490 3
502 8
413 4
3 1
701 3
536 4
211 1
370 5
201 3
765 1
53 2
171 2
729 2
242 3
687 3
243 3
250 4
608 2
147 2
689 2
200 2
27 5
42 1
680 2
789 6
559 6
727 4
781 4
384 1
673 4
509 6
639 1
360 4
151 4
221 3
247 2
499 4
708 4
38 3
323 6
97 3
775 3
529 4
375 4
257 3
572 4
78 5
543 3
340 5
521 2
519 3
391 3
520 2
223 2
424 1
296 2
760 2
482 5
779 3
314 2
772 6
282 4
313 1
698 3
386 4
658 4
202 2
253 1
405 3
6 3
481 4
477 7
606 2
574 4
627 5
10 1
40 5
480 6
766 3
84 5
226 4
496 8
120 2
295 5
532 3
272 3
403 3
704 3
579 5
580 3
14 6
685 3
251 1
577 5
239 3
738 2
169 4
352 6
152 2
273 5
444 5
267 5
518 3
122 3
385 4
783 6
195 5
106 4
2 2
377 4
613 3
558 3
229 4
461 5
240 2
136 2
514 5
647 2
28 4
718 1
602 2
103 5
787 4
494 2
227 3
752 2
472 5
599 3
720 5
455 2
545 3
630 2
236 5
561 3
56 7
165 4
459 3
162 5
576 2
692 2
659 6
131 5
629 4
539 2
759 4
5 2
255 2
215 3
417 6
479 6
64 7
716 3
76 3
747 2
437 2
597 4
284 3
549 2
363 4
563 4
645 3
648 2
308 3
137 1
784 4
488 3
700 5
269 3
622 2
799 4
266 2
305 1
58 5
128 3
547 4
271 4
321 1
335 6
178 3
291 2
792 3
634 1
408 2
347 3
144 4
793 5
50 2
470 1
497 5
237 2
474 2
531 2
186 4
277 3
621 4
528 3
163 4
767 1
130 2
592 4
411 3
512 2
591 1
723 2
286 5
285 1
126 2
52 2
756 3
260 3
714 4
686 2
332 3
206 5
523 1
640 2
55 3
121 2
583 6
412 2
553 4
660 3
304 2
75 1
516 3
275 3
24 5
776 5
587 8
125 1
326 2
763 3
145 4
96 2
771 3
601 2
133 5
364 5
670 2
662 3
150 4
205 2
786 4
656 3
210 1
90 3
731 6
309 2
586 2
182 4
356 3
795 2
306 2
467 3
70 3
548 2
551 2
322 3
23 2
354 2
49 2
112 2
371 5
298 1
616 4
167 3
317 2
22 3
59 2
735 2
462 1
513 3
655 1
485 3
157 1
552 3
434 2
256 2
745 2
414 5
406 2
788 4
17 3
582 4
764 2
234 3
691 2
557 3
164 2
333 3
338 5
222 1
35 2
715 2
132 4
67 1
324 2
127 2
71 2
261 3
695 4
246 2
541 2
87 4
159 6
556 2
217 3
578 2
199 1
671 4
307 3
534 5
433 1
646 3
292 2
224 6
526 2
389 1
276 5
791 1
193 2
19 3
231 4
427 2
262 3
500 1
785 2
454 1
372 3
554 4
158 3
85 1
573 2
336 2
93 1
742 4
565 5
350 3
709 2
318 1
762 1
379 4
465 4
264 3
569 5
782 2
522 1
504 5
666 3
615 2
341 1
26 3
192 3
369 5
60 2
614 4
626 2
20 3
676 3
342 3
445 6
607 2
209 1
663 3
719 2
98 1
114 1
678 1
638 1
16 4
703 1
25 2
746 4
399 3
357 2
567 3
743 1
283 2
108 2
631 3
425 3
387 1
675 2
748 3
319 1
353 1
674 1
153 1
359 3
538 2
111 4
402 4
797 3
571 3
160 4
620 2
88 6
170 5
68 4
603 2
65 1
119 1
426 1
471 1
683 4
345 1
495 3
141 1
498 1
343 4
550 3
641 2
466 1
546 1
525 2
419 4
524 2
105 5
535 5
711 1
517 4
288 1
758 4
12 5
774 2
18 2
612 1
248 2
301 1
7 1
501 1
487 1
181 1
329 4
644 2
483 2
107 4
196 1
83 1
436 2
418 3
661 2
184 3
604 3
492 1
315 1
94 2
609 4
21 3
598 1
581 1
511 4
212 2
530 2
312 1
235 2
327 1
533 1
628 2
710 3
564 3
109 1
741 2
684 1
69 4
218 4
79 2
740 2
177 1
368 3
244 3
46 3
751 1
780 2
706 2
45 1
143 1
625 1
654 1
47 2
449 4
57 3
560 3
380 2
589 2
696 3
280 2
334 2
148 2
51 1
270 2
562 1
72 3
187 1
61 2
778 4
115 2
733 3
168 2
190 3
798 5
491 2
110 2
175 2
43 2
373 2
568 1
179 1
220 2
225 2
339 1
761 2
138 3
154 3
702 1
407 1
439 3
86 1
129 3
9 1
652 1
443 3
593 3
590 1
337 1
705 1
214 1
362 3
310 5
263 2
11 2
617 2
29 2
30 2
39 1
328 3
505 3
447 1
464 1
320 2
493 1
588 1
382 1
104 5
149 1
475 2
542 2
732 1
768 1
185 1
585 2
717 2
677 3
155 1
730 2
189 2
404 2
489 2
429 2
712 3
537 2
435 1
503 1
265 1
595 2
544 1
649 1
619 1
89 2
13 1
32 1
448 1
1 2
91 1
118 2
54 3
233 2
594 1
456 1
451 1
726 1
101 1
174 2
453 2
293 2
378 2
203 2
216 1
166 2
92 2
570 1
33 1
259 2
139 1
754 1
650 1
734 1
41 1
507 2
633 1
770 2
245 2
73 1
669 1
207 1
344 1
510 1
358 1
446 1
672 1
95 1
44 2
610 1
388 2
478 1
699 1
575 1
450 1
374 1
113 1
37 1
697 1
player: 4 Individualist
51 4
758 4
733 5
534 2
80 4
703 4
233 4
283 3
648 4
21 3
443 3
612 7
606 6
687 3
526 3
370 3
392 3
480 2
725 3
325 4
660 2
179 3
202 3
542 5
211 4
572 3
188 2
416 5
494 1
63 4
25 4
751 4
323 1
503 4
787 3
274 3
218 2
712 1
490 7
418 1
762 3
495 5
497 6
95 2
398 4
486 2
633 4
679 3
641 1
126 5
87 5
147 4
199 2
249 6
43 2
255 3
30 2
454 2
183 6
616 6
207 2
185 4
716 2
308 4
289 3
462 2
292 4
471 3
103 4
168 1
483 4
406 2
780 2
589 3
770 1
475 4
307 1
115 4
385 3
5 5
229 4
525 7
582 2
400 2
520 3
181 4
635 3
300 4
118 7
618 5
381 4
609 6
201 6
671 1
645 3
769 6
611 3
508 3
565 2
478 2
636 3
343 2
630 5
410 4
395 3
474 2
384 5
4 7
59 3
120 2
784 6
52 3
224 2
391 4
350 5
694 2
321 2
643 4
448 7
608 5
312 4
654 1
331 2
139 2
364 3
401 3
558 5
362 2
739 4
675 3
717 3
195 5
414 3
699 4
112 3
423 1
227 3
463 4
293 4
736 2
464 3
754 4
268 2
160 7
153 2
32 3
629 7
405 5
547 6
330 3
377 2
653 3
566 6
399 6
286 2
222 3
284 4
417 2
685 2
206 2
752 6
143 2
586 2
27 2
353 2
138 5
163 6
134 6
71 1
244 1
742 3
484 5
681 6
790 2
749 4
82 2
515 2
159 3
753 4
537 7
93 3
507 5
114 5
84 5
262 4
220 5
177 3
366 3
731 5
164 3
458 4
372 1
647 3
243 6
340 3
551 4
496 4
561 5
785 3
397 4
745 3
620 4
571 3
272 2
469 7
466 2
710 4
92 4
258 5
631 2
649 1
11 3
678 3
720 1
314 4
501 2
67 5
339 2
66 6
20 2
241 2
435 3
669 4
109 3
602 6
598 2
488 4
656 2
601 5
174 2
667 2
628 5
266 1
41 3
56 8
214 2
456 7
146 4
190 3
105 3
176 1
729 3
205 2
184 4
192 2
336 2
269 4
304 1
14 3
104 2
141 2
451 2
169 4
487 4
445 4
246 5
783 2
79 3
599 4
107 2
388 4
670 4
446 1
438 5
583 1
740 2
332 1
234 3
413 5
570 2
688 5
748 2
404 3
765 4
444 2
70 4
182 3
113 3
306 3
719 5
798 1
604 2
737 4
386 2
549 3
680 2
657 3
77 3
603 4
530 3
692 2
256 3
359 4
287 2
426 4
136 5
257 3
796 3
317 3
491 2
434 2
610 1
116 1
180 1
334 3
305 2
208 4
337 4
26 1
157 1
607 1
473 2
303 1
779 5
777 6
528 1
320 2
425 3
394 2
279 3
16 2
31 4
677 2
522 6
543 4
468 5
318 3
140 2
61 3
763 4
170 5
595 1
797 5
498 3
555 3
223 1
662 4
172 2
110 4
744 2
100 1
546 4
476 2
596 4
772 2
74 1
175 2
197 3
672 3
38 1
193 1
40 2
45 2
430 1
216 2
96 2
382 2
390 5
7 3
512 1
773 2
676 8
86 4
358 3
698 3
455 3
587 1
376 3
553 4
3 3
588 4
441 3
10 1
178 4
545 3
650 1
700 1
363 5
161 2
137 4
352 2
544 3
124 7
250 4
162 4
75 2
686 3
251 3
106 2
439 3
29 3
695 3
467 4
291 4
536 1
706 4
718 3
196 3
237 3
144 1
531 4
270 5
47 2
554 4
766 5
189 1
276 2
552 2
130 2
761 2
799 2
510 1
499 2
500 2
422 3
664 5
778 2
165 5
592 5
412 2
348 2
102 4
661 5
578 4
351 1
221 1
393 2
315 2
409 2
453 4
465 2
121 2
626 2
371 3
149 2
683 2
18 5
383 2
245 3
721 2
65 2
271 6
514 1
707 3
73 1
171 3
44 5
191 2
702 3
356 5
666 2
651 4
795 5
151 3
322 2
76 4
278 1
504 1
576 2
632 1
402 2
585 4
689 3
335 1
219 2
215 1
767 3
346 2
313 3
254 2
505 3
142 4
212 5
477 2
659 3
389 6
594 2
150 4
682 1
708 3
217 1
617 4
12 2
228 1
730 2
13 4
775 2
239 5
68 1
591 2
128 3
459 6
747 1
122 4
581 2
580 2
369 2
167 3
203 3
479 2
613 1
360 5
519 1
407 5
579 2
408 2
48 2
94 2
69 1
277 1
55 2
567 3
727 2
791 2
564 4
302 3
108 4
131 2
311 1
755 1
119 2
431 2
539 3
732 2
743 3
35 3
236 3
794 4
344 3
450 3
756 3
242 3
88 3
98 2
764 2
155 3
760 1
614 4
693 1
133 4
285 2
240 3
42 2
489 2
166 2
529 1
776 1
634 1
621 3
187 2
472 4
64 3
786 3
355 2
378 2
563 1
461 1
600 1
49 2
90 2
782 5
368 5
6 1
437 3
420 2
493 3
129 5
72 2
452 3
593 2
750 1
186 1
265 2
517 2
638 2
523 2
235 2
771 2
524 3
248 1
252 2
509 1
738 2
759 1
793 2
658 2
15 4
1 1
619 3
156 1
415 2
9 1
28 1
574 1
158 3
421 1
768 1
655 2
37 3
263 1
449 3
518 2
2 2
673 4
39 1
642 2
338 3
492 2
341 2
481 1
135 3
282 1
403 1
562 3
640 3
148 2
535 1
296 2
226 1
691 2
734 3
701 2
419 1
411 1
380 2
295 3
538 2
440 4
427 1
533 2
697 2
622 2
294 1
715 2
584 1
575 1
502 3
644 2
36 1
310 1
690 2
50 3
127 1
247 3
22 1
605 1
145 1
78 1
298 3
342 1
111 2
722 2
470 1
24 2
261 3
273 1
705 3
288 1
347 3
396 1
290 2
506 1
627 3
625 2
373 2
646 1
99 1
354 1
259 1
460 1
713 1
328 1
230 2
329 1
213 2
319 1
83 2
668 1
198 2
154 1
652 2
728 2
623 1
23 1
428 1
345 2
379 2
527 1
726 1
281 2
735 2
117 2
714 1
387 1
573 1
557 1
264 1
333 1
374 1
548 2
513 2
550 1
442 1
597 4
367 1
54 1
225 1
275 3
556 1
62 1
741 1
267 1
194 1
33 1
709 1
327 2
540 2
684 1
200 1
231 1
60 1
711 1
457 1
447 1
559 1
757 1
774 1
424 1
player: 16 Competitive
52 3
610 3
608 1
438 2
133 5
108 5
117 4
51 3
685 2
375 1
211 3
517 1
137 6
529 2
282 4
174 2
350 3
667 1
450 4
789 2
397 2
408 6
153 2
8 1
30 4
261 6
215 8
269 7
414 3
785 6
160 5
221 4
547 4
575 5
497 5
704 3
343 8
781 3
356 4
786 4
49 4
98 5
730 4
764 5
321 7
710 6
138 4
540 4
41 3
487 4
191 3
127 6
481 2
33 1
507 2
797 1
699 2
779 6
404 4
762 1
586 5
560 2
676 5
510 2
492 2
395 6
491 5
63 2
635 2
35 1
225 4
80 3
606 4
776 4
388 4
305 2
424 4
167 2
447 2
742 4
384 2
719 7
385 4
242 4
713 3
169 4
620 2
218 2
295 2
32 3
281 2
219 2
207 3
566 6
126 4
37 1
714 6
612 5
113 4
5 2
715 3
665 1
195 3
570 5
709 6
165 2
740 6
128 3
112 3
199 4
348 3
504 5
768 1
578 4
144 4
542 2
496 2
190 3
587 3
489 2
24 3
76 3
109 2
287 3
511 1
360 4
743 3
788 2
750 2
27 4
746 3
102 5
110 6
679 5
347 3
393 5
697 1
726 3
708 3
298 2
398 5
645 4
406 2
729 5
798 4
567 4
656 1
283 3
88 3
405 2
533 3
551 2
58 1
176 1
672 3
396 3
695 2
500 3
362 2
13 1
661 3
233 7
721 4
420 4
464 4
188 2
655 3
747 2
15 5
240 5
647 3
357 4
613 3
216 3
258 4
602 3
91 1
720 6
682 3
562 4
310 3
152 1
640 3
628 1
140 3
162 4
43 4
377 3
97 2
53 2
600 4
686 2
654 3
243 1
248 2
508 4
297 2
775 4
142 3
96 3
495 5
688 2
164 5
657 4
166 3
141 1
428 1
116 4
26 5
296 4
631 1
328 1
155 5
446 5
639 4
61 3
432 3
337 4
523 3
550 3
354 2
11 5
177 2
3 2
288 3
625 5
683 3
791 5
189 4
64 5
707 3
276 5
182 3
493 2
472 3
456 4
485 3
468 2
651 2
772 2
17 5
335 2
217 5
502 4
346 2
427 4
250 1
505 3
380 1
46 6
766 2
642 2
246 6
609 1
56 9
589 2
231 2
623 2
369 5
21 3
442 3
605 4
266 2
300 3
132 2
268 5
668 2
9 1
308 1
370 2
624 2
555 2
460 6
163 5
149 4
476 3
557 3
159 4
579 2
425 5
471 2
220 3
452 3
469 4
677 2
121 5
581 2
303 2
157 4
115 2
429 2
333 4
735 2
90 2
738 6
172 4
352 2
264 4
488 1
530 4
293 3
556 6
79 2
178 2
256 2
29 3
183 3
691 3
230 1
208 3
580 4
170 4
111 5
301 3
528 4
643 2
484 5
212 2
156 1
494 2
210 6
745 2
161 1
6 3
181 4
650 1
25 3
101 4
751 7
716 2
774 2
638 3
718 1
777 2
7 3
349 7
358 3
237 1
486 1
253 2
649 1
316 3
761 2
205 5
652 3
226 2
42 1
681 3
483 2
65 5
595 1
535 2
765 1
755 3
711 1
77 4
599 4
741 2
594 2
383 4
367 2
614 2
618 3
793 1
23 2
622 1
506 2
262 2
503 2
285 6
402 2
662 1
290 4
391 3
658 5
403 1
326 1
265 3
198 3
725 1
318 3
694 2
104 2
531 2
387 2
522 1
598 2
271 6
154 3
148 2
558 1
372 1
439 3
512 3
692 1
232 4
14 2
119 3
433 2
85 5
48 5
238 3
437 1
615 1
124 1
544 1
202 2
574 1
2 4
381 1
712 2
235 2
345 3
22 4
87 4
249 4
134 3
267 2
67 2
585 5
234 2
106 7
532 2
399 5
571 4
386 3
304 4
413 3
241 2
254 3
744 2
309 3
411 3
57 2
187 3
693 2
294 1
107 2
501 3
659 4
451 4
69 2
180 1
371 1
223 5
118 1
435 4
749 6
784 1
228 2
18 2
474 1
604 5
700 2
648 3
359 1
462 2
480 5
552 2
444 3
311 5
55 2
317 3
136 1
214 2
204 4
470 1
524 3
129 3
546 1
307 2
771 1
82 1
50 4
60 2
74 3
19 2
257 4
636 2
401 4
792 2
577 2
278 2
754 5
514 3
75 3
616 3
86 3
674 3
795 5
548 1
273 4
678 2
748 3
576 1
416 2
315 2
689 2
545 4
436 1
355 4
753 3
203 3
430 3
441 3
723 1
466 2
690 2
630 4
520 3
10 3
200 2
209 1
270 4
543 2
478 1
255 2
565 4
521 3
130 3
736 5
737 2
390 2
353 1
453 2
277 4
752 3
131 3
666 5
417 3
171 1
239 3
423 3
467 4
431 2
173 1
229 1
62 5
103 3
673 1
568 1
336 4
382 3
339 2
767 3
706 3
418 1
770 3
671 1
457 3
306 3
341 1
222 3
151 1
39 4
739 2
490 4
36 1
368 2
400 1
236 2
607 3
244 2
627 2
561 2
20 4
475 1
376 1
582 3
780 3
554 3
525 2
458 4
549 4
473 2
83 3
379 2
34 4
139 2
617 3
763 2
47 2
778 3
465 2
790 3
95 2
698 2
626 2
344 2
773 2
123 1
553 1
426 2
280 2
279 3
252 3
687 2
783 3
143 3
312 5
731 2
569 4
769 1
227 1
374 2
590 3
145 1
634 1
660 4
185 1
81 1
526 2
168 2
324 3
583 2
513 1
192 4
342 1
12 3
702 2
434 2
564 2
584 2
299 6
509 2
415 2
334 2
179 1
592 1
727 1
84 1
125 2
536 1
410 5
196 3
734 1
313 3
409 1
263 1
701 3
518 2
722 2
684 3
392 2
717 2
670 3
286 3
100 3
373 2
68 1
259 3
1 2
419 1
59 2
272 1
538 2
28 2
378 1
260 3
146 3
563 2
329 1
799 1
591 2
516 1
443 3
363 1
275 2
756 3
274 2
40 1
224 1
422 1
158 1
4 2
72 2
463 1
733 2
319 3
705 2
54 1
644 3
482 2
461 2
340 2
314 1
448 2
89 3
732 4
527 4
796 1
588 2
292 1
351 1
194 2
421 2
760 1
479 1
331 1
637 3
175 1
454 1
407 1
621 2
93 2
366 1
201 2
16 1
632 1
78 1
284 1
206 1
105 2
445 1
213 1
94 1
412 1
515 1
323 1
99 1
593 1
38 1
759 1
150 1
477 1
389 1
364 1
629 1
573 1
70 1
player: 11 Competitive
91 4
256 2
568 6
375 2
308 6
499 5
22 3
758 1
395 3
790 4
440 2
639 2
318 5
346 5
554 5
402 1
765 2
689 2
735 3
754 4
434 3
135 2
350 4
103 2
423 4
51 4
110 6
463 2
212 5
228 1
337 3
19 2
400 2
95 2
382 2
612 5
699 3
677 3
162 4
159 5
364 4
277 2
587 2
100 3
181 4
116 5
332 3
216 3
674 4
50 3
133 3
43 6
336 5
575 1
328 2
761 2
274 4
242 2
409 8
83 3
307 5
737 1
344 4
614 5
692 4
250 2
535 4
237 4
267 4
411 2
4 3
641 3
466 2
352 4
176 6
601 3
548 2
419 4
491 3
78 2
725 2
459 7
200 6
2 2
317 1
703 3
151 2
634 3
416 2
360 1
329 3
669 3
292 4
108 4
585 1
20 1
123 5
533 3
185 5
314 3
713 2
11 6
127 2
549 3
40 5
114 3
501 1
520 3
399 8
183 3
380 5
559 3
1 7
8 3
143 2
415 5
751 3
37 2
6 3
797 5
418 7
359 3
87 4
249 4
229 1
558 5
470 1
368 1
698 5
398 3
422 6
599 2
289 4
144 2
481 4
61 3
96 4
436 4
68 4
302 3
461 3
107 5
233 4
197 4
498 1
697 5
489 2
79 3
122 5
573 1
56 5
770 3
36 3
85 2
393 3
445 2
594 2
455 2
486 3
253 3
660 4
583 3
546 2
312 4
590 3
53 3
458 5
705 3
363 2
105 1
227 2
613 2
525 4
280 5
361 3
644 4
576 4
780 4
663 5
626 2
426 5
34 1
514 3
13 2
84 2
428 5
731 4
408 5
439 3
21 1
657 2
340 3
333 5
545 1
504 3
244 5
366 1
117 1
474 5
518 2
651 2
624 1
284 3
645 4
325 3
653 4
90 4
190 4
234 4
89 1
542 3
311 4
760 3
608 4
111 2
26 4
254 2
271 4
464 2
693 4
530 3
648 2
330 2
404 2
291 1
101 3
196 5
730 2
42 2
521 1
195 4
173 2
306 2
319 4
795 2
774 2
623 4
522 4
460 6
381 4
706 3
572 3
259 5
557 3
35 2
407 2
709 2
757 4
451 2
67 7
301 2
783 3
170 2
342 2
762 2
119 4
167 1
662 3
740 3
519 5
753 1
263 2
293 2
743 4
275 6
194 4
686 4
570 5
544 3
232 2
682 2
456 5
356 3
629 3
145 3
377 3
24 3
99 1
726 1
688 3
500 2
727 1
490 2
406 2
592 2
300 3
687 3
265 2
391 1
269 3
331 3
385 4
605 2
48 1
104 4
782 8
348 4
75 2
531 3
5 1
562 3
198 6
413 1
379 3
468 3
429 1
64 3
717 3
410 5
778 3
147 2
182 3
321 7
553 4
478 3
420 2
794 4
137 3
702 5
600 3
781 1
207 1
729 2
691 2
236 2
609 1
452 2
532 4
347 2
371 1
771 3
205 2
339 2
628 3
537 1
132 2
16 1
785 4
538 2
547 3
788 3
58 2
446 3
747 2
763 4
405 3
676 4
326 2
211 3
93 3
503 6
589 4
776 1
140 1
174 3
243 4
180 2
204 2
260 6
273 4
565 3
193 2
362 1
106 2
779 2
388 4
72 1
179 3
524 3
424 2
219 4
394 2
209 4
659 4
149 2
299 4
786 3
390 1
515 1
508 3
670 1
12 2
597 4
482 1
283 2
764 2
517 3
571 3
679 4
345 3
255 2
279 3
665 1
529 4
673 1
134 3
685 3
121 2
154 2
625 4
658 3
543 2
695 4
586 6
313 2
266 3
120 3
656 6
710 2
708 3
7 6
10 4
192 2
270 5
739 1
457 2
3 4
566 3
178 8
370 1
282 2
128 3
528 2
581 5
671 1
483 3
9 2
496 2
759 3
622 1
310 2
694 3
281 6
425 4
383 4
560 3
448 2
604 5
109 2
683 1
742 2
309 1
635 1
88 1
493 1
510 4
431 2
25 2
202 2
77 1
218 2
248 6
189 2
472 2
76 3
773 3
92 1
171 3
165 2
235 2
646 4
631 2
316 2
632 1
191 2
384 3
334 3
561 1
251 3
487 5
18 4
59 4
54 4
372 2
320 2
396 3
550 2
152 1
386 2
160 2
712 2
298 3
187 3
567 4
118 2
465 2
752 2
230 3
469 4
733 4
206 2
17 2
38 2
552 1
378 2
792 1
610 4
45 3
607 2
303 5
225 2
643 3
136 2
579 3
150 3
769 3
738 1
620 2
238 3
324 2
262 1
203 1
746 6
217 1
799 3
52 4
315 4
724 3
201 3
65 2
373 1
257 3
124 2
555 3
630 1
536 3
595 2
540 2
353 2
627 2
27 5
512 2
335 3
722 3
721 3
523 4
164 3
454 4
169 2
556 1
734 1
97 2
304 2
637 5
226 6
186 4
272 2
796 1
98 5
744 2
633 3
351 1
441 2
374 2
213 4
427 2
720 1
412 3
231 3
789 1
39 1
551 1
672 4
488 3
430 4
285 1
376 4
23 1
681 5
208 2
711 2
288 3
33 1
654 1
70 1
365 1
527 1
444 3
453 3
534 1
640 3
28 1
749 1
357 2
403 1
223 2
603 2
798 4
141 2
327 1
148 2
715 2
60 1
367 3
355 3
569 1
485 2
675 3
652 1
647 2
268 4
701 2
442 3
113 2
506 2
766 3
473 1
741 1
777 2
224 3
636 2
258 1
598 4
700 5
602 1
437 7
296 3
775 2
341 2
322 1
161 3
588 2
495 3
94 2
617 2
71 2
115 3
57 2
616 1
392 3
611 2
655 5
507 2
246 1
239 3
240 1
563 1
767 2
578 3
210 2
479 2
66 1
484 2
168 1
401 2
714 2
126 1
716 2
102 1
723 4
44 1
787 2
690 1
768 2
580 1
47 2
199 1
666 1
69 4
175 2
387 2
728 2
29 1
172 3
41 4
577 2
46 3
264 3
793 1
421 3
649 2
369 3
177 1
668 1
596 1
157 1
338 3
81 3
247 1
755 3
447 1
591 1
526 2
245 2
650 1
241 2
433 4
475 1
435 3
138 1
748 3
492 1
305 1
505 1
14 2
615 1
516 1
55 1
278 1
462 3
343 4
618 2
15 2
294 1
130 4
497 2
221 2
220 2
261 3
414 1
680 1
791 2
163 1
153 2
188 1
287 1
450 1
432 2
593 1
74 1
295 1
32 1
574 1
252 1
502 1
509 1
156 3
397 1
349 1
582 2
584 1
63 1
718 1
290 1
62 1
732 1
215 1
539 1
513 1
358 1
158 1
678 1
184 1
player: 1 Individualist
415 3
376 3
479 2
707 5
464 5
695 2
137 2
327 2
663 4
35 5
100 2
411 2
504 4
566 3
49 3
558 7
529 3
709 5
676 2
716 3
784 5
337 3
142 2
726 5
212 3
413 4
692 3
755 7
305 4
540 3
190 4
399 6
772 5
417 3
90 2
700 1
122 4
38 4
562 3
230 4
764 3
589 3
545 4
172 2
771 1
774 2
656 5
432 5
26 2
302 4
642 2
158 2
150 7
486 2
397 3
64 5
330 5
756 5
547 1
280 2
6 3
331 6
770 3
92 4
1 3
429 4
627 3
105 2
722 6
402 3
126 2
36 3
264 3
596 2
497 3
88 4
747 1
266 5
684 8
283 4
55 6
193 2
654 4
72 3
496 5
409 3
462 5
501 3
145 2
730 4
173 5
8 2
541 4
21 2
213 3
320 3
400 2
61 4
734 4
249 3
619 2
457 2
218 2
585 3
174 5
478 4
701 4
744 3
383 5
651 5
236 4
445 4
403 6
760 5
667 6
298 5
745 2
250 3
153 2
476 4
270 2
352 3
769 1
583 5
768 8
401 3
15 2
552 2
81 5
410 5
361 4
610 2
70 3
10 4
11 3
162 2
453 1
795 5
686 3
480 2
645 3
350 1
51 2
677 4
161 4
628 1
328 3
567 4
369 3
45 2
110 7
381 3
606 4
704 3
76 1
657 7
679 3
2 6
515 3
228 1
450 4
149 2
614 1
277 2
354 1
632 2
505 6
255 3
591 2
40 2
7 1
433 3
99 3
430 4
97 4
50 2
728 3
780 4
360 1
693 4
616 3
408 2
608 3
271 3
234 1
243 2
766 2
424 7
703 4
268 5
488 3
12 3
111 2
5 3
196 4
188 3
668 2
208 1
746 3
314 2
3 1
510 1
587 4
372 1
207 4
469 4
194 2
120 3
25 5
128 3
393 3
135 4
491 4
244 2
357 4
377 8
85 5
341 4
256 7
599 2
342 2
336 3
203 3
475 6
200 8
297 6
56 4
751 5
214 2
267 1
425 2
669 5
165 6
285 2
705 4
16 1
321 1
536 4
217 3
37 3
184 5
607 3
531 3
782 3
144 4
384 2
94 4
189 4
396 3
345 4
620 3
557 4
661 1
629 4
721 2
621 3
443 5
28 3
575 4
527 4
649 4
526 5
316 3
439 1
262 2
66 2
351 3
729 2
543 3
159 2
460 1
786 6
750 4
498 2
559 2
116 2
691 2
201 3
773 4
546 4
78 4
180 1
20 2
134 1
80 4
205 1
492 1
507 2
548 6
108 4
794 3
258 4
660 3
221 1
753 5
499 1
472 1
32 2
112 2
84 2
715 4
63 1
187 5
680 3
54 2
106 4
263 4
288 2
68 2
427 1
104 3
231 3
798 6
419 5
571 3
93 5
767 3
253 2
420 2
191 4
487 2
674 2
493 2
141 8
590 1
166 2
652 3
473 2
539 1
588 3
115 2
752 2
282 3
673 2
428 2
143 6
594 2
75 1
500 1
125 1
625 4
646 1
522 1
117 3
665 2
296 5
574 4
570 3
138 1
140 2
364 2
95 5
257 1
163 4
456 2
222 5
447 4
225 6
295 2
658 3
87 2
601 4
785 8
254 2
689 1
623 1
33 5
46 1
83 4
343 2
58 2
238 6
388 2
662 4
390 1
113 3
375 2
192 3
683 2
107 3
386 1
79 1
245 3
749 4
675 3
179 3
732 3
169 3
696 4
659 1
332 3
17 5
727 1
514 1
274 3
792 6
43 5
699 4
210 2
678 1
449 1
718 3
301 3
273 1
322 7
474 1
495 4
259 3
132 1
287 2
765 2
146 2
742 3
129 1
356 3
787 3
612 6
681 2
247 3
459 6
436 4
615 1
647 3
232 1
586 3
422 5
124 3
389 1
317 1
512 5
563 1
114 3
640 3
109 3
261 3
598 4
347 5
167 2
631 2
463 1
407 7
215 3
724 2
519 4
233 2
48 1
304 3
719 2
77 2
797 2
60 2
796 7
366 3
136 4
779 1
544 2
306 1
740 3
101 5
440 3
550 1
199 2
535 4
339 4
86 2
494 3
324 2
611 2
633 1
34 4
717 4
639 1
344 2
133 1
653 3
151 3
470 1
521 1
96 6
569 6
418 2
733 1
363 4
176 1
47 1
580 3
52 1
284 1
790 2
520 2
534 4
421 3
576 2
565 2
604 2
617 2
412 3
748 4
119 4
741 1
431 3
185 2
553 1
490 2
452 4
757 1
743 4
312 1
467 2
338 2
454 2
799 3
528 2
603 2
423 2
710 2
335 1
246 1
644 3
392 3
532 3
523 1
182 2
202 3
556 5
731 5
451 3
600 3
374 3
170 1
325 1
577 2
318 2
53 2
530 1
725 2
371 1
154 3
641 2
31 1
655 1
292 2
672 3
311 2
252 1
326 1
777 2
537 2
448 4
714 4
630 5
175 6
13 1
265 4
367 3
315 3
626 2
789 1
778 2
130 2
358 1
226 1
248 1
461 2
509 4
240 3
291 3
59 1
44 2
458 2
241 4
618 2
482 5
613 2
4 2
373 2
67 3
276 2
489 2
694 1
118 1
9 3
22 2
155 2
690 3
736 3
131 1
698 2
481 4
57 1
446 1
18 2
637 2
229 1
762 5
178 2
340 3
593 2
370 1
735 2
549 4
299 1
706 2
416 1
156 2
346 2
183 1
783 3
712 2
204 1
308 3
555 1
30 4
584 2
313 2
737 2
538 2
564 2
503 2
198 2
441 3
216 3
788 3
329 1
19 4
286 4
406 1
605 2
323 3
69 2
65 2
713 2
465 2
102 3
23 2
333 1
581 1
776 1
171 1
103 2
300 1
506 2
379 1
682 2
426 1
579 2
359 2
73 2
720 5
82 1
624 2
444 1
483 2
27 2
513 3
781 1
127 1
671 2
635 1
560 2
791 2
554 3
289 1
455 2
568 4
355 2
414 1
303 2
380 1
91 1
622 2
525 2
293 1
758 2
39 1
29 4
468 2
309 4
602 4
219 1
362 1
666 2
517 1
279 1
139 2
209 1
195 2
148 1
14 2
220 1
592 1
24 1
290 1
382 1
152 1
168 1
793 3
471 2
177 3
378 1
353 2
442 2
398 4
74 1
237 1
147 4
186 1
508 1
197 1
387 2
89 1
648 1
348 1
164 1
533 1
609 1
687 1
385 1
62 1
242 1
272 1
42 2
511 1
688 1
349 2
181 1
636 1
761 1
638 2
278 1
542 1
player: 6 Individualist
310 5
640 6
335 3
577 4
292 2
714 2
63 3
35 4
722 4
604 1
219 4
253 4
130 3
747 3
77 1
241 3
43 3
348 4
385 4
750 1
480 4
445 2
573 3
165 5
327 3
519 4
638 4
517 7
70 7
620 5
329 4
498 2
299 3
491 1
465 1
367 4
605 2
289 6
380 6
530 5
90 1
324 5
677 3
391 5
533 6
458 2
355 3
201 1
168 2
781 5
484 4
378 6
240 3
447 3
82 3
516 3
363 1
330 5
247 4
487 2
383 2
366 4
628 5
161 2
796 4
521 2
770 4
554 5
466 3
472 4
634 2
144 3
342 4
424 4
314 4
123 5
520 3
285 4
701 2
126 3
22 2
132 4
47 6
358 3
196 4
228 3
625 7
226 4
617 2
404 2
128 4
89 2
428 2
422 3
28 6
356 4
334 3
293 3
489 6
524 1
262 6
699 2
538 3
139 4
214 2
249 3
177 3
171 2
115 6
159 6
681 5
773 3
798 1
481 3
274 4
296 4
532 4
612 1
248 4
618 3
50 1
705 3
149 2
707 3
359 2
415 5
723 5
551 3
204 2
650 1
317 3
377 4
107 2
631 5
319 2
212 5
599 2
148 4
653 5
53 5
746 5
162 3
436 5
406 3
717 2
486 5
402 4
739 4
287 2
99 1
303 4
656 4
615 1
542 5
670 3
430 4
523 2
419 3
501 2
339 3
504 3
674 6
797 3
666 3
662 6
471 3
83 1
103 5
745 3
668 2
799 2
578 5
693 5
522 2
302 1
779 1
766 5
275 2
72 4
64 1
297 3
194 5
336 3
96 2
25 3
728 5
361 4
179 1
767 6
433 3
687 4
652 4
775 5
514 2
449 7
98 4
370 3
100 5
626 2
8 2
357 3
137 1
534 3
71 3
616 5
477 3
284 3
646 4
595 6
455 2
565 5
174 1
156 4
188 5
621 5
473 3
4 1
603 3
56 4
300 3
762 5
20 2
315 3
18 1
623 2
368 3
576 2
307 2
143 4
154 3
540 6
636 4
630 4
502 3
347 3
435 2
322 4
702 4
101 4
13 4
499 3
401 4
643 2
654 2
627 6
566 5
549 3
795 1
328 2
407 2
331 3
353 1
459 3
569 6
217 5
787 1
238 2
26 3
645 2
726 3
528 6
560 4
451 2
332 4
421 6
312 6
153 3
113 2
500 2
479 3
470 5
215 8
453 3
475 3
482 3
24 5
757 2
660 6
127 4
703 1
38 2
199 3
34 3
255 2
648 1
223 6
158 4
418 2
658 8
222 4
227 2
360 4
58 1
536 5
474 3
75 4
518 2
696 1
224 3
295 1
744 1
65 3
468 1
184 1
7 2
440 3
408 2
751 3
642 1
279 1
170 3
649 5
788 3
271 2
694 1
313 5
483 3
691 2
175 2
563 2
439 2
325 3
333 3
192 5
393 4
354 5
186 2
305 3
92 2
231 5
585 1
264 4
561 3
74 3
733 2
134 3
676 5
450 4
512 2
60 3
558 2
351 2
166 6
783 3
515 1
420 2
416 2
173 5
282 5
309 3
109 2
655 2
389 3
760 5
120 2
673 2
619 3
753 3
469 3
588 1
412 6
464 3
337 4
387 2
138 4
321 3
570 4
346 1
108 3
583 2
195 2
49 1
683 1
276 3
715 3
527 5
394 4
15 5
792 1
543 4
562 4
244 2
568 1
399 3
675 1
539 3
448 3
352 1
476 6
350 3
432 3
672 4
571 2
497 2
698 4
594 3
776 5
176 2
697 3
45 3
505 3
105 3
756 3
46 1
345 1
116 3
441 1
664 2
790 3
647 3
76 4
291 5
235 3
785 1
79 2
281 3
444 2
590 5
400 1
104 3
513 2
417 3
426 2
593 1
789 4
608 3
725 2
32 5
597 2
503 2
121 4
55 2
550 4
57 4
467 2
283 2
178 2
205 2
344 1
232 2
713 2
268 1
2 5
485 3
633 2
197 2
386 2
586 4
663 4
119 1
172 1
163 4
657 3
598 5
94 3
221 1
225 5
229 2
382 1
54 4
508 3
555 4
738 2
146 1
651 2
659 3
142 1
768 2
131 1
29 2
316 1
488 3
718 1
379 4
340 2
405 3
152 2
12 1
438 3
376 3
708 1
122 3
40 3
180 5
278 1
764 2
272 6
613 3
230 2
671 4
252 1
200 2
510 1
374 3
388 2
589 4
572 2
318 4
495 2
269 3
409 4
81 2
679 1
737 2
777 4
67 1
754 2
639 2
151 2
117 2
437 2
507 3
392 5
80 2
644 1
288 4
261 2
584 1
243 2
506 3
695 1
93 1
782 2
719 4
761 5
743 1
462 5
559 2
763 2
710 1
721 2
720 1
129 2
397 1
259 2
16 4
140 2
242 2
411 4
452 2
742 4
189 3
258 2
220 4
791 2
442 3
685 4
758 2
434 1
724 3
59 6
41 3
78 4
246 3
21 2
31 6
88 1
147 2
478 2
732 1
308 1
759 2
306 3
493 3
198 2
320 2
343 4
741 1
706 1
185 1
14 4
10 1
456 4
403 3
460 2
369 2
73 1
793 1
218 2
187 1
270 2
700 2
341 3
52 2
545 3
548 1
748 1
233 2
349 2
678 3
686 1
740 2
574 2
712 3
209 2
323 1
431 3
36 2
592 1
752 2
509 2
395 3
457 3
778 2
11 2
410 6
443 3
601 2
141 1
610 1
286 1
298 3
237 1
547 1
42 2
260 1
294 2
667 3
606 1
124 1
207 1
531 2
755 2
423 1
169 2
110 3
537 2
33 1
17 3
727 1
95 1
254 3
525 1
637 3
256 1
5 2
338 1
635 3
730 1
771 2
641 2
774 1
213 3
575 2
602 2
183 1
535 2
680 2
251 2
181 2
552 1
629 1
413 1
463 1
364 2
736 1
160 1
23 2
234 1
780 1
734 1
362 2
553 2
729 2
114 2
688 3
632 2
454 1
106 2
87 1
579 1
731 1
311 2
624 2
193 1
396 1
661 2
167 1
669 1
596 1
784 1
3 1
211 2
607 3
157 1
290 3
236 2
164 1
118 1
135 1
614 1
280 2
150 1
581 2
190 2
277 1
494 2
557 1
682 2
384 1
203 1
155 3
263 1
9 1
257 2
265 3
496 1
267 1
580 1
587 2
567 1
210 1
30 1
765 1
772 1
6 1
273 1
735 1
414 2
125 1
84 1
591 3
182 1
102 1
91 1
97 1
37 1
27 1
133 1
202 1
69 1
304 1
446 1
546 1
player: 9 Competitive
778 5
746 5
53 5
172 3
581 2
239 2
278 5
119 6
9 3
261 8
397 3
340 3
794 1
319 3
662 3
546 5
243 6
757 3
526 3
35 7
618 1
37 3
97 3
245 3
408 2
144 2
367 3
258 3
205 3
92 2
376 4
300 5
244 6
169 4
404 5
320 2
703 5
393 7
580 4
556 8
237 7
504 5
4 3
718 3
234 4
422 1
721 1
181 3
98 2
262 1
332 2
238 2
95 2
474 5
645 1
624 4
455 3
790 6
514 1
390 4
728 2
112 2
129 3
562 2
462 3
246 8
194 7
621 5
785 4
612 2
491 3
538 4
199 2
145 6
380 4
315 3
416 5
711 4
306 5
523 4
765 1
187 1
345 5
784 3
411 3
733 2
279 4
363 3
264 5
594 4
569 3
780 2
202 2
649 2
692 2
430 2
751 5
210 5
70 2
339 3
24 3
629 3
729 1
690 2
403 3
479 2
509 8
591 2
667 3
385 6
48 5
701 4
550 3
29 4
141 6
738 5
22 3
128 5
103 3
171 5
374 5
138 3
83 1
467 2
428 4
601 5
423 4
193 1
267 3
493 2
707 4
652 2
712 3
606 2
419 5
561 1
289 3
704 3
698 1
433 4
791 1
576 2
27 4
482 1
717 4
764 2
452 1
736 9
579 4
668 3
529 3
554 7
256 2
485 2
725 3
384 4
706 6
540 1
142 3
755 5
587 3
81 2
203 1
223 3
513 2
697 5
311 2
608 3
691 3
212 6
102 3
252 2
760 1
355 2
634 3
557 3
73 3
275 6
595 2
463 2
693 3
284 2
288 5
130 2
758 1
679 2
666 3
2 2
396 5
643 4
444 5
124 3
787 1
473 2
501 3
105 2
12 5
786 2
336 4
448 2
481 4
272 2
577 4
132 2
71 4
100 3
549 4
362 2
695 1
293 1
490 3
446 4
731 3
660 3
602 2
176 7
603 3
154 3
558 2
663 2
714 1
484 2
324 4
381 4
328 2
497 5
66 5
28 6
372 2
495 4
588 5
17 2
65 3
664 2
214 4
510 4
331 1
292 2
274 2
559 3
447 5
170 4
670 4
344 3
348 3
716 2
364 3
338 2
415 3
180 2
164 3
369 2
682 3
365 1
111 5
301 1
117 3
782 1
687 3
322 3
155 2
151 5
387 4
532 3
135 3
798 5
290 3
459 4
361 3
627 2
146 6
158 4
186 3
754 6
642 4
14 4
32 4
730 8
555 3
767 2
268 2
352 6
702 4
57 5
68 4
638 4
769 3
551 1
589 1
295 1
78 4
610 2
438 2
429 3
63 1
406 2
285 5
350 2
342 4
358 3
567 3
646 2
110 4
724 3
742 2
499 2
552 2
424 3
399 3
31 2
133 5
650 1
357 3
232 3
732 4
54 6
51 4
283 3
159 3
389 1
230 3
688 4
113 5
674 3
392 3
722 2
472 2
449 5
418 4
108 1
198 5
464 3
88 1
72 1
326 3
26 2
756 2
420 4
492 6
414 3
616 3
441 3
287 7
570 1
16 4
777 2
150 2
710 3
41 2
7 1
208 2
235 4
121 4
277 4
678 4
173 5
636 2
36 4
779 4
152 1
531 4
60 4
266 2
607 3
215 1
302 3
583 4
407 5
323 4
483 3
661 1
681 3
188 4
276 4
534 4
52 3
148 1
417 4
699 3
175 4
795 2
197 4
77 1
656 4
118 3
630 2
470 6
265 4
458 5
377 4
321 3
162 5
632 4
314 1
771 2
641 4
179 2
305 2
226 2
435 3
330 5
763 4
160 3
347 3
312 4
672 4
260 1
248 1
507 3
410 5
512 1
87 2
280 4
421 3
298 3
597 3
572 1
516 4
689 2
599 2
122 2
774 2
253 3
442 4
25 2
593 3
635 1
468 2
614 1
409 3
432 3
313 4
609 2
686 2
611 2
183 2
628 1
619 4
139 4
82 1
123 5
502 2
505 4
677 1
525 3
737 1
18 6
536 2
700 2
167 6
541 6
478 1
669 1
715 2
213 4
64 3
50 4
125 1
39 2
741 2
640 5
309 1
709 2
240 1
391 3
168 1
157 4
178 1
535 1
708 4
379 9
625 2
30 4
518 2
739 3
220 3
373 3
766 2
299 1
343 3
270 3
120 4
222 1
310 2
259 3
67 1
316 3
517 6
533 2
775 5
43 3
412 2
456 2
21 3
726 2
571 1
85 3
761 1
530 4
40 3
655 6
308 5
600 3
657 2
515 3
770 2
578 2
104 3
735 2
137 2
620 2
727 4
680 4
94 6
190 1
273 2
251 2
140 1
325 3
511 2
241 2
45 1
115 2
42 3
182 4
185 3
439 2
263 1
450 5
189 2
648 2
10 4
242 1
19 2
398 2
216 1
547 3
605 1
471 3
596 2
131 3
443 3
797 2
3 1
195 2
437 2
191 2
799 1
147 2
228 1
90 1
236 3
15 2
196 3
519 3
49 3
334 3
91 3
346 4
520 2
469 2
8 1
734 1
231 2
69 2
378 4
585 5
658 2
44 1
99 3
494 2
224 2
644 2
136 5
221 2
395 1
508 1
329 2
219 2
651 2
545 3
143 2
163 2
114 1
613 2
405 1
445 2
776 2
250 3
413 1
360 3
394 2
584 2
537 2
522 5
383 2
615 1
476 2
574 1
134 1
156 2
101 3
582 4
434 2
281 3
684 1
465 2
659 2
539 1
752 1
486 3
631 3
743 1
647 1
76 1
1 1
93 2
46 2
356 2
425 1
184 2
633 1
165 1
96 1
527 1
20 2
177 1
296 1
335 1
604 1
84 1
676 2
575 2
297 4
153 1
617 2
565 1
744 1
759 2
34 2
683 1
626 2
461 2
788 1
477 2
563 1
349 2
475 1
696 1
637 1
303 1
351 1
217 1
488 4
353 1
796 2
503 1
56 1
206 1
665 2
211 2
225 3
431 5
586 3
307 2
200 1
768 3
80 1
773 1
304 2
218 2
58 1
740 2
318 2
109 2
337 1
548 2
294 1
457 1
375 1
564 1
209 1
440 1
466 1
341 1
400 1
370 1
291 2
560 1
62 1
127 2
719 1
781 2
720 1
542 2
792 1
694 1
354 2
653 2
654 1
161 1
713 2
116 1
6 1
59 1
126 1
5 1
745 1
149 1
23 2
388 1
673 2
174 2
544 1
61 1
748 1
106 1
74 1
107 1
382 1
528 2
685 1
783 2
451 1
436 1
750 1
487 1
753 1
79 1
75 2
229 1
506 1
player: 12 Competitive
91 3
657 4
169 5
562 2
450 3
207 2
192 3
14 5
637 3
140 5
736 3
311 5
239 4
795 4
460 4
88 4
322 4
535 1
24 3
717 2
61 5
478 3
566 1
113 2
310 2
211 9
668 4
223 4
475 3
579 1
624 5
486 6
182 2
193 5
287 4
744 1
622 1
778 3
285 3
768 4
56 3
595 5
667 6
706 6
538 5
181 2
590 4
244 4
646 5
31 1
136 1
487 8
543 3
499 5
783 3
775 5
664 3
463 3
502 1
481 5
101 2
53 3
686 5
491 2
737 4
653 8
253 4
102 2
606 4
746 5
471 3
120 2
187 1
256 3
317 4
751 7
273 5
693 5
794 1
201 5
163 2
695 1
469 5
638 6
36 3
459 4
576 4
266 3
5 2
642 4
100 1
480 6
625 3
426 4
766 2
611 4
449 3
213 4
146 1
85 4
533 3
203 5
269 2
37 3
725 1
34 2
628 2
328 3
343 4
593 3
177 5
230 3
568 5
76 5
204 3
729 2
50 3
464 3
727 1
245 4
48 4
510 3
218 3
524 2
411 3
759 2
407 4
413 2
442 2
184 6
428 2
73 3
151 2
506 5
444 4
342 1
436 3
51 3
324 6
148 6
280 1
739 2
229 2
376 2
131 3
257 6
552 5
522 1
712 3
707 2
300 1
197 4
598 3
226 1
632 3
90 4
186 4
796 3
714 2
573 2
527 2
701 3
168 3
301 5
205 2
63 5
561 2
781 1
183 4
630 2
242 1
382 5
445 1
504 3
410 3
518 1
745 3
457 3
541 1
64 3
3 1
476 3
104 2
295 3
302 3
26 3
171 6
558 1
671 2
666 3
134 3
613 1
358 2
283 7
41 5
224 1
542 2
591 4
260 2
135 3
623 2
94 3
232 5
18 4
726 4
96 4
435 6
132 2
369 4
683 3
740 3
719 7
313 6
772 8
443 5
277 2
429 6
747 2
709 2
172 3
303 3
617 3
620 7
79 3
65 7
264 6
378 5
732 2
731 3
749 1
384 3
544 1
261 3
198 3
147 6
337 2
520 6
604 2
578 2
352 2
231 3
158 4
161 7
697 3
396 3
11 2
702 4
297 4
574 3
427 7
782 2
55 4
81 3
603 2
375 2
331 2
734 4
644 3
240 3
388 2
528 3
250 2
525 3
276 2
780 2
402 4
145 1
227 3
46 3
612 6
235 2
325 1
404 3
339 5
419 1
462 1
54 3
468 1
165 2
238 1
699 4
397 3
545 3
656 1
422 4
281 3
472 1
690 3
194 2
202 8
563 4
346 4
555 5
509 6
374 2
474 2
200 4
596 6
640 3
267 4
40 1
776 2
59 3
641 2
137 3
473 2
86 5
536 3
270 4
636 3
627 3
548 3
387 4
10 6
756 4
123 3
351 3
629 1
659 1
458 2
652 1
750 2
355 3
588 3
691 6
373 3
724 2
484 2
512 3
415 3
265 2
185 2
505 1
380 5
519 3
125 1
440 4
43 4
682 4
87 2
416 3
755 2
188 5
299 4
291 1
678 6
645 1
621 3
105 1
70 1
553 3
704 2
798 2
537 2
114 3
15 3
767 3
685 2
738 2
663 1
789 2
116 5
434 4
688 1
523 4
569 3
761 2
777 5
13 3
30 1
38 1
323 4
329 2
117 6
507 1
757 3
160 3
564 3
379 3
108 3
272 2
401 3
466 3
583 2
581 1
672 1
787 4
670 5
661 1
660 2
12 2
128 2
162 2
4 4
333 2
580 4
540 2
112 3
274 2
733 2
770 3
658 4
753 3
674 6
92 5
430 3
84 3
631 4
720 5
275 1
164 1
675 1
526 6
431 2
248 3
708 1
438 3
214 3
124 3
715 5
412 2
309 1
514 2
764 3
228 4
199 3
456 5
115 1
307 3
447 3
119 4
602 3
498 3
592 2
643 3
515 5
694 1
511 2
599 2
58 1
254 7
503 2
304 5
482 5
634 2
219 3
353 1
516 3
27 1
21 1
655 1
508 3
454 3
279 1
399 1
360 2
208 2
687 3
83 3
330 2
359 3
765 3
408 3
773 2
605 1
25 2
233 3
243 3
791 2
174 3
786 10
249 2
758 4
465 2
741 2
129 1
60 4
191 2
74 2
107 3
589 2
293 2
609 3
615 2
556 4
554 2
614 2
754 3
439 4
349 1
282 3
386 2
2 2
258 2
381 1
292 4
216 3
700 4
618 2
221 1
179 3
294 1
39 2
559 2
521 2
78 1
89 3
127 1
676 3
122 3
673 2
389 3
357 2
546 3
316 3
425 1
500 2
308 2
497 6
433 3
196 3
551 5
549 2
423 1
103 3
121 4
572 5
448 1
298 2
799 2
206 3
109 1
748 2
347 1
432 2
585 3
348 2
479 4
118 3
157 2
306 1
651 2
485 1
529 1
345 3
626 2
149 1
363 4
452 4
335 1
159 4
176 1
774 5
362 3
728 2
246 1
133 1
494 2
669 1
390 2
371 3
391 4
319 3
255 2
71 1
517 4
368 1
17 4
143 1
236 3
403 2
312 2
451 3
341 1
689 2
677 2
752 2
601 5
492 1
400 2
16 1
237 2
648 4
565 2
326 4
57 6
315 2
175 4
639 2
455 3
144 1
110 3
99 1
513 3
385 3
489 2
80 2
610 1
288 1
600 3
495 2
582 3
531 1
262 2
8 1
23 1
52 1
32 2
167 2
190 6
367 3
619 4
7 1
173 1
392 1
681 2
111 5
730 2
153 4
106 1
364 1
155 2
47 1
398 1
550 1
22 1
788 1
75 1
354 2
421 2
453 1
417 2
344 4
97 1
289 1
684 2
735 2
394 3
587 2
414 2
361 1
296 3
42 3
490 4
321 1
28 2
722 1
366 2
501 2
711 2
633 1
332 3
1 1
718 1
338 2
95 1
62 2
45 2
209 3
141 1
170 1
713 1
762 3
534 1
680 3
441 2
278 3
166 1
696 1
178 2
771 2
82 1
493 2
290 2
584 1
33 1
586 1
259 1
705 2
575 2
138 2
779 3
763 2
692 1
393 5
790 1
650 2
372 2
607 1
616 1
150 1
314 1
154 1
93 1
318 2
9 2
769 2
336 1
247 1
365 1
461 4
654 1
98 1
49 1
251 3
698 2
68 1
130 1
139 2
647 1
483 1
716 1
446 1
488 1
467 1
557 1
241 1
420 1
597 2
530 1
710 1
126 2
743 1
594 1
44 1
784 1
350 1
703 1
271 2
284 1
662 1
721 1
496 1
215 1
268 1
player: 2 Individualist
549 4
221 2
720 4
741 4
653 3
612 7
584 2
562 3
633 5
669 4
166 3
111 2
211 3
266 2
187 5
301 7
511 7
501 4
702 3
233 3
486 2
600 4
312 4
209 3
131 3
498 6
121 1
311 8
659 2
458 5
666 3
262 3
15 4
698 3
223 4
644 3
376 4
69 4
507 5
746 2
56 4
505 2
567 5
532 3
389 6
593 6
334 2
352 2
440 2
194 3
212 1
650 1
290 2
287 1
548 2
349 2
459 4
226 2
338 3
465 3
367 3
609 3
482 4
673 5
299 4
500 3
572 1
575 3
137 3
514 2
127 4
589 2
624 3
361 5
253 2
23 4
249 1
167 4
275 2
42 5
199 6
527 4
323 4
767 3
469 3
377 6
64 6
235 5
31 2
345 3
731 3
792 1
40 1
401 3
516 2
747 2
396 6
402 3
765 2
90 4
551 3
554 1
728 2
310 5
169 3
174 2
439 3
340 4
115 4
19 4
495 1
144 1
50 2
456 4
397 3
55 5
479 5
645 4
614 3
14 6
601 2
768 4
470 1
239 5
537 4
709 5
304 1
160 3
696 5
494 3
58 2
473 3
355 2
752 1
92 2
26 3
553 4
413 2
558 4
148 2
70 3
228 5
602 3
718 4
700 4
254 4
215 3
566 2
181 6
391 5
475 4
635 4
675 5
350 5
224 6
466 4
798 2
104 2
318 2
529 2
596 2
419 6
343 3
705 5
289 4
540 4
100 3
372 2
11 7
488 3
684 1
134 4
788 2
512 4
748 3
730 2
442 6
204 2
648 3
309 3
57 6
35 1
358 2
326 2
776 3
313 3
477 2
774 3
39 2
374 2
712 4
272 1
183 5
203 2
236 3
85 3
756 2
147 2
410 4
560 1
371 3
20 5
146 3
762 2
587 2
175 4
615 3
38 4
504 1
143 4
588 3
409 3
449 2
556 3
628 1
552 4
565 2
518 4
54 4
322 3
795 4
60 4
783 3
779 2
305 4
154 2
464 4
381 4
416 4
157 4
427 2
242 4
370 3
246 4
141 6
359 3
481 1
522 2
568 4
386 3
217 3
658 2
2 3
542 5
99 2
579 4
122 7
420 4
145 5
124 3
437 3
129 4
754 2
347 3
450 3
429 3
133 4
786 4
44 2
293 2
216 3
563 4
214 4
302 4
476 4
616 1
198 4
487 1
151 5
200 2
222 5
417 3
22 4
745 2
114 5
268 4
103 4
543 6
443 2
661 4
196 4
441 2
264 1
21 2
238 3
33 1
168 6
257 2
734 3
654 3
49 5
140 5
197 5
230 2
315 3
327 1
91 3
303 5
656 2
237 2
608 3
45 4
550 5
308 2
738 3
51 7
580 2
617 2
695 2
392 1
687 3
357 3
766 2
219 3
351 2
664 5
590 3
37 5
736 3
388 2
676 2
770 3
753 3
363 4
218 3
206 4
333 3
162 5
787 2
632 5
295 1
711 3
354 5
652 2
399 1
418 5
462 4
474 3
744 2
638 7
489 2
531 3
610 3
165 1
408 5
341 3
453 2
631 3
778 2
627 1
261 1
325 4
319 2
619 1
678 4
10 5
4 2
380 4
484 2
726 1
227 3
423 5
130 2
16 5
493 4
189 4
112 1
454 2
59 3
356 2
517 4
626 3
412 3
686 2
156 3
682 5
497 3
150 3
472 5
142 2
446 2
457 2
727 3
260 2
94 3
93 2
594 1
438 1
281 1
723 1
555 4
269 3
769 1
713 3
536 3
280 2
592 1
688 3
102 2
620 2
46 4
250 3
606 3
637 1
243 1
692 3
43 3
613 4
207 1
139 1
649 1
328 2
677 2
735 3
755 1
88 2
564 2
758 2
749 2
729 5
306 1
184 1
41 4
647 2
414 2
170 3
362 1
583 1
159 4
75 4
528 5
108 3
383 4
655 2
636 3
80 3
34 1
152 4
603 4
662 2
265 1
502 3
232 4
793 2
186 3
538 2
521 2
434 3
369 1
760 5
796 1
191 2
426 4
63 2
62 3
213 1
435 4
208 2
297 3
657 2
759 2
732 2
74 2
12 1
451 5
685 1
285 2
480 3
30 1
270 1
706 3
455 3
25 6
463 4
273 2
321 2
172 2
421 1
503 5
663 3
717 2
180 4
185 3
448 2
7 2
368 1
689 4
485 5
585 1
335 3
581 2
179 5
128 3
202 7
668 1
452 4
634 1
523 6
725 3
53 2
433 3
743 4
777 1
229 4
520 3
220 1
67 3
799 3
509 3
643 1
225 3
763 1
277 2
789 6
424 3
84 4
630 3
52 1
339 2
252 2
761 5
353 1
68 2
125 2
106 3
547 2
72 2
201 4
282 1
36 3
136 3
573 2
61 1
320 4
467 2
149 3
782 2
697 3
699 4
607 1
403 2
317 2
721 2
623 2
395 3
286 2
772 2
110 4
95 3
161 2
210 1
384 1
153 4
188 1
241 3
291 1
428 3
771 2
715 3
704 6
719 2
742 3
781 4
764 3
533 4
670 4
445 2
646 2
120 3
790 2
17 2
247 1
284 3
375 4
665 1
525 2
126 1
436 3
701 3
733 1
797 2
605 2
577 1
599 2
387 2
171 1
444 2
739 2
178 1
5 1
621 1
404 1
89 4
28 2
390 2
190 3
611 2
641 1
683 1
506 2
625 3
113 1
431 3
331 1
182 1
707 5
539 1
415 4
164 4
461 2
292 2
557 2
135 3
393 3
407 2
425 1
674 2
561 1
667 4
750 2
737 1
336 1
508 2
559 2
329 2
360 4
541 5
490 3
622 2
373 2
545 1
240 1
478 1
176 2
107 1
716 2
79 2
283 3
8 2
569 2
256 1
344 1
48 1
116 1
618 1
398 1
751 2
258 2
703 1
406 1
405 2
86 2
364 5
234 2
96 1
586 2
519 1
78 1
71 1
422 1
271 2
757 1
251 1
784 3
296 1
710 2
76 1
400 3
430 1
530 2
29 4
278 2
81 1
604 1
307 1
342 3
598 2
193 1
773 2
629 1
791 1
447 1
491 3
597 2
496 1
578 1
694 1
259 1
177 1
570 2
492 1
546 1
263 1
118 2
6 2
27 2
248 1
382 1
595 1
123 1
332 1
571 1
205 1
724 2
775 1
672 1
267 2
693 3
708 1
639 2
279 1
411 1
785 1
574 1
155 1
681 1
314 3
1 1
691 1
460 1
513 1
591 1
499 1
13 1
3 1
73 2
780 2
173 1
660 1
82 1
330 1
365 1
794 1
366 1
510 1
119 1
66 1
9 2
65 1
231 1
274 1
player: 3 Individualist
33 3
183 1
114 1
727 2
562 3
509 3
5 4
318 3
137 6
399 3
237 6
191 4
736 4
94 3
306 3
59 1
788 3
4 2
118 6
510 3
73 1
580 4
493 2
775 5
117 7
716 2
641 2
390 1
591 1
585 3
207 7
748 2
211 3
555 3
133 4
171 4
177 6
300 2
340 2
551 4
64 6
320 3
668 2
490 4
547 2
251 4
167 3
435 6
112 4
113 4
782 4
67 2
305 2
444 3
310 4
523 5
484 4
203 3
187 2
656 6
172 2
500 2
32 1
103 2
131 5
193 3
349 5
301 1
240 3
144 7
521 5
10 5
76 4
338 3
212 3
42 3
426 3
675 2
558 4
481 3
629 4
647 3
567 6
441 5
784 2
12 6
778 4
689 2
723 1
688 4
494 2
267 1
608 3
169 6
492 3
552 3
660 4
650 2
712 2
470 3
665 4
7 3
529 5
15 3
714 1
474 2
467 7
700 2
694 3
452 4
649 2
794 1
418 2
416 4
357 3
46 2
268 4
146 2
329 4
295 2
486 6
151 2
760 3
505 5
199 2
282 4
179 4
377 2
96 5
594 3
524 1
347 2
231 3
252 3
37 5
373 4
345 3
266 4
491 5
105 3
77 2
55 2
226 3
58 3
313 2
659 2
576 5
336 1
148 2
519 5
284 2
369 2
702 2
477 2
119 2
454 2
463 2
192 5
376 4
512 4
755 5
391 3
607 4
234 5
47 4
395 3
620 2
710 2
122 3
163 3
639 1
27 3
213 3
93 4
779 3
66 1
557 2
95 3
633 5
421 4
120 1
781 4
274 3
104 3
264 4
361 3
528 9
605 2
312 3
459 3
725 2
737 3
423 3
738 3
768 3
436 4
71 4
368 3
766 2
554 4
746 1
473 2
275 5
170 6
709 3
773 3
222 5
695 4
763 3
162 4
173 2
97 4
2 4
257 1
129 4
798 3
785 2
334 5
241 2
175 6
16 3
722 3
62 1
613 6
780 3
244 3
89 5
583 1
260 2
427 2
569 3
606 3
243 2
530 3
483 4
168 2
717 4
628 5
460 6
362 5
729 4
239 5
290 4
770 1
461 3
546 4
342 2
630 2
682 5
674 3
308 4
194 2
644 1
667 2
53 2
141 3
262 2
123 3
29 5
92 3
182 2
475 1
277 2
541 5
49 4
750 4
791 1
743 4
771 5
683 5
54 2
356 2
599 3
498 6
515 2
358 2
726 6
662 2
658 3
622 4
307 2
589 4
405 2
595 2
681 3
679 3
294 2
544 2
757 5
364 5
221 3
593 2
72 2
402 3
753 2
728 1
258 4
424 3
115 4
623 3
508 5
346 2
543 5
343 5
219 5
81 2
292 6
677 3
372 4
350 3
35 1
732 3
588 3
232 3
741 3
249 6
28 1
180 2
79 3
263 3
228 1
325 2
664 3
691 1
216 1
516 2
63 1
425 3
584 6
764 3
718 5
225 2
242 5
279 2
577 2
592 4
276 4
302 2
214 3
155 2
559 1
789 2
539 2
615 3
116 1
499 4
149 1
90 4
230 5
45 5
566 2
721 5
289 3
160 3
503 3
70 1
744 2
488 2
657 5
514 6
626 5
156 2
621 1
638 3
218 3
571 3
379 2
482 4
261 1
610 2
324 4
752 2
792 2
286 1
161 1
22 2
451 1
293 1
174 4
132 5
127 4
138 4
684 2
14 3
353 3
549 2
247 3
176 2
479 2
590 3
383 5
471 2
393 6
331 3
74 2
495 3
573 3
734 1
758 1
525 1
616 3
701 3
572 1
273 3
291 1
100 2
152 1
635 3
69 3
298 4
351 3
186 2
759 8
634 4
330 5
497 3
384 2
106 3
255 2
666 1
777 4
51 3
189 3
98 2
747 2
370 1
381 4
698 1
446 1
354 2
455 3
411 3
448 1
553 2
339 1
142 1
431 2
61 5
190 3
283 4
437 5
699 2
466 1
450 4
609 3
614 2
685 1
375 6
153 1
299 1
215 1
272 3
34 2
731 6
86 4
790 2
563 6
48 5
204 4
692 2
52 3
774 4
164 1
603 2
3 1
303 4
404 3
783 3
706 4
388 4
765 1
314 4
110 3
397 1
565 2
520 1
407 3
108 3
21 2
280 2
602 4
742 5
235 2
548 2
365 2
687 2
56 2
468 2
550 1
121 1
333 1
78 2
128 4
536 2
43 5
246 2
538 2
422 5
408 5
366 2
348 4
465 3
456 2
786 2
88 4
256 2
672 2
87 3
25 2
188 6
337 1
50 4
401 3
676 4
109 2
449 3
205 3
143 3
480 3
217 4
107 3
749 2
387 1
600 4
400 3
531 2
371 4
84 5
708 2
646 1
6 3
795 2
236 2
398 2
269 3
41 3
198 3
253 3
733 2
154 5
38 3
396 3
671 3
556 2
504 1
447 3
462 3
60 3
625 2
145 2
125 3
526 3
532 3
360 2
19 4
57 3
415 1
624 2
740 2
631 1
323 2
135 2
578 2
197 3
478 2
285 3
705 1
386 1
693 1
195 1
374 3
419 3
229 2
311 2
434 1
140 6
575 3
579 4
270 2
327 4
166 1
224 1
409 2
159 1
392 3
44 1
707 1
438 1
518 1
654 3
428 1
181 1
756 3
111 1
210 4
445 3
797 1
17 1
412 2
612 1
762 2
651 2
420 2
136 1
385 2
341 1
720 2
581 1
511 2
326 4
433 2
545 1
535 1
39 1
507 3
586 3
126 1
735 1
430 4
487 2
506 1
582 3
690 2
464 1
147 2
469 4
772 1
9 2
355 2
321 3
227 1
265 1
319 1
130 2
309 1
799 2
680 2
696 4
568 1
730 5
617 1
663 3
158 1
670 3
413 3
414 1
540 2
332 1
561 1
496 2
134 1
754 2
739 1
278 2
1 2
185 1
697 2
13 3
165 1
344 2
18 3
678 2
316 2
417 1
380 1
560 1
719 2
200 2
587 1
202 2
403 2
24 2
359 2
223 1
271 1
704 2
745 1
317 2
8 2
793 1
673 2
637 1
139 1
472 2
715 1
453 1
410 1
248 2
457 1
713 1
643 1
761 1
787 2
85 3
150 2
23 2
429 1
534 1
751 1
352 1
485 2
83 1
574 1
363 3
184 1
640 3
653 1
564 1
767 2
157 2
296 2
439 1
220 3
655 1
389 1
627 2
208 1
570 1
598 2
648 2
259 1
489 1
432 2
724 1
711 2
458 1
40 1
501 1
233 1
533 1
686 2
209 3
36 1
796 1
287 2
101 1
322 1
206 1
394 1
75 1
91 1
11 1
player: 17 Competitive
121 2
490 4
81 6
504 5
755 5
157 4
134 2
262 2
689 5
65 6
560 6
756 3
758 5
476 6
232 4
705 2
215 5
190 3
107 1
258 1
726 7
733 5
544 2
151 3
637 3
699 5
44 4
109 4
799 3
377 3
587 3
367 2
422 4
165 1
497 3
61 4
561 4
418 3
757 3
153 3
464 5
706 5
460 1
445 2
695 5
227 3
332 2
353 2
374 2
271 3
549 4
690 2
155 2
530 5
173 3
610 4
264 6
420 3
54 6
172 2
592 7
517 5
563 4
710 6
392 2
411 5
617 4
242 2
424 6
68 4
311 4
381 4
284 3
670 3
765 4
177 6
469 3
289 3
769 3
46 4
459 3
717 3
386 3
628 2
344 3
116 5
233 6
782 4
223 3
216 4
526 5
270 1
599 2
297 2
764 4
415 2
416 4
736 2
623 3
555 5
565 2
100 4
209 4
133 5
595 4
773 6
776 3
314 6
760 6
753 3
93 5
791 1
50 2
385 6
12 2
759 2
624 4
786 6
612 3
75 3
463 3
582 3
122 1
735 6
90 3
536 3
400 1
597 3
64 2
503 3
450 3
319 3
170 1
537 3
293 5
448 5
562 3
351 6
210 5
500 2
160 3
401 3
640 3
499 4
788 3
484 2
435 2
38 6
82 2
183 5
492 2
296 3
14 2
572 4
730 2
395 2
26 4
729 5
493 3
671 4
238 3
188 1
571 3
581 8
545 5
352 6
538 3
691 2
510 4
442 2
746 5
315 4
473 3
312 1
778 3
511 4
207 1
372 5
391 1
71 2
541 3
326 4
478 9
124 4
117 5
302 4
162 4
707 2
429 2
798 2
662 2
408 5
8 3
69 4
243 3
10 3
618 3
397 5
154 4
208 2
715 1
382 3
230 3
219 4
674 6
398 2
250 7
191 2
496 3
686 3
320 4
607 3
794 3
719 3
664 2
202 2
696 3
491 1
585 2
330 3
237 1
763 4
465 3
322 9
462 2
433 4
57 2
483 3
300 2
221 2
509 2
317 2
643 2
654 4
361 6
166 7
704 3
527 3
214 3
285 4
520 7
732 2
143 2
22 4
634 2
486 3
145 4
105 3
368 3
76 3
481 4
120 3
456 3
245 1
557 5
728 6
94 1
99 3
641 6
5 4
150 6
363 4
298 3
454 4
244 1
468 5
419 4
646 3
793 5
535 2
431 1
514 6
559 5
583 1
525 2
342 4
404 2
267 3
586 4
178 3
171 3
660 3
513 1
268 1
680 4
248 1
679 3
111 3
383 3
570 3
34 3
619 2
88 6
47 2
409 1
203 6
334 1
228 4
437 2
737 2
7 4
593 3
701 3
9 2
626 3
795 3
40 2
649 1
276 3
606 6
477 4
421 2
432 5
659 3
147 3
335 1
338 3
346 1
584 6
574 5
556 2
393 2
777 3
402 2
20 2
179 2
748 2
73 4
254 2
148 2
125 5
225 2
667 2
564 7
98 3
186 2
629 2
83 3
336 3
750 3
423 3
663 3
553 5
78 4
48 3
246 3
533 3
102 6
739 2
590 1
32 1
140 3
247 5
655 4
709 4
712 3
323 2
784 5
548 2
129 4
792 4
85 2
273 4
480 5
575 4
29 2
449 3
724 4
24 5
182 2
743 3
702 4
434 4
4 2
738 2
425 4
632 5
181 3
1 2
685 2
388 2
89 5
192 2
796 3
359 2
236 3
410 1
589 2
734 3
328 3
97 2
677 2
234 4
257 3
187 2
49 5
375 2
474 1
287 3
313 4
658 2
15 3
720 3
446 2
534 2
11 2
569 4
114 1
458 2
512 2
417 4
164 2
631 2
470 1
682 3
644 3
369 2
211 4
159 1
558 1
494 1
303 4
678 2
212 3
501 4
591 2
740 3
542 3
13 3
681 2
309 3
19 2
697 5
295 3
603 2
104 3
58 2
252 3
3 4
16 2
206 2
141 5
279 2
355 1
394 2
373 3
175 4
240 4
797 3
84 2
142 2
371 6
642 3
137 2
444 5
554 1
498 3
348 3
652 4
278 2
77 4
66 2
453 2
471 2
780 4
123 2
727 4
588 2
543 3
598 2
127 2
384 1
318 3
621 2
146 2
771 6
53 3
774 3
91 5
605 3
331 2
126 2
602 5
360 2
52 3
413 4
568 1
693 3
647 2
495 5
787 4
380 3
482 6
749 5
676 1
231 1
742 3
176 3
106 4
60 1
785 2
259 1
414 1
428 1
669 3
614 3
625 2
550 1
488 1
376 2
752 1
443 1
55 3
266 5
775 3
711 3
502 2
350 1
389 2
229 1
687 2
370 3
31 1
261 1
466 2
487 2
167 2
698 1
101 2
362 2
70 3
430 2
286 1
485 3
63 3
508 2
461 4
132 3
789 2
197 2
17 4
668 2
39 1
222 3
152 3
265 1
648 2
161 3
180 1
657 4
546 1
56 2
741 2
700 2
226 1
528 1
770 1
25 1
725 2
281 3
772 3
766 1
745 1
718 3
28 2
21 2
580 5
357 3
189 5
341 4
519 3
294 5
653 1
263 1
576 2
339 3
665 3
630 2
220 3
196 2
67 2
455 1
185 3
51 3
218 1
751 1
692 1
337 1
194 4
768 1
2 1
256 1
72 2
340 2
308 2
333 2
87 1
349 2
316 1
115 1
23 2
224 1
611 1
6 2
304 2
74 1
275 1
672 2
479 1
199 1
577 1
708 2
633 2
27 2
112 1
505 2
547 1
440 3
356 1
507 1
37 2
169 5
201 1
475 2
620 3
274 1
239 2
596 1
645 3
62 1
18 2
291 1
136 1
412 1
149 2
601 1
36 1
390 3
144 1
113 2
329 1
666 3
578 6
195 3
272 3
174 2
713 1
249 2
722 1
489 1
365 1
378 3
321 3
325 1
364 1
204 1
96 3
128 3
403 2
103 1
609 1
306 1
675 1
251 1
521 1
307 1
345 1
552 1
131 1
347 1
290 1
405 1
506 1
439 1
138 2
714 1
426 1
467 2
108 1
529 1
551 2
781 2
579 1
42 1
762 1
213 3
30 1
472 2
451 1
310 2
406 1
301 1
305 2
688 1
594 1
694 1
761 1
639 1
35 1
522 1
604 1
269 1
539 1
518 1
299 1
447 1
744 1
608 1
683 1
399 1
703 2
396 1
200 1
41 1
110 1
43 1
184 1
354 1
282 1
616 1
92 1
241 1
379 2
139 1
324 1
567 1
player: 0 Individualist
435 4
255 2
515 4
328 3
139 1
791 1
488 5
647 4
629 5
571 1
682 4
541 2
632 2
676 5
325 5
478 1
333 2
232 3
677 7
709 3
121 3
447 4
357 2
575 4
664 1
154 4
166 2
91 2
763 3
226 3
563 7
193 2
633 3
6 4
736 3
648 3
263 4
337 6
346 4
601 7
291 7
773 3
287 5
493 3
389 3
253 4
306 2
657 4
548 3
674 4
793 7
280 2
501 4
90 3
770 4
668 5
420 2
342 1
680 1
353 2
784 3
456 2
572 3
69 1
568 7
669 6
661 3
71 7
187 1
299 3
200 4
724 3
220 3
717 4
596 4
490 5
308 6
413 6
419 4
606 2
378 3
774 3
322 4
555 7
305 3
256 4
174 4
51 4
123 4
206 3
565 4
775 2
144 3
254 1
663 3
631 4
610 3
430 7
621 3
127 6
539 6
494 3
786 5
167 5
224 3
444 1
707 5
284 3
343 3
181 4
428 2
538 3
422 5
137 3
625 4
436 4
37 2
448 6
695 4
545 2
28 4
145 2
274 2
38 1
140 3
304 2
122 3
230 3
128 3
202 5
78 5
692 3
84 2
47 3
160 2
675 5
644 4
60 2
689 4
530 4
23 3
582 1
737 4
141 2
285 2
781 5
66 1
374 2
207 4
124 4
623 7
505 2
355 5
321 2
394 1
83 3
403 3
31 2
531 2
277 3
106 3
384 2
130 5
116 5
210 4
726 4
134 2
512 3
340 3
12 6
429 5
728 3
748 5
164 3
399 5
297 2
192 3
80 4
336 3
319 1
194 3
153 5
189 4
175 4
619 6
424 5
741 4
455 1
706 1
283 3
479 1
649 1
375 2
688 5
367 5
288 4
618 2
535 3
765 2
580 2
171 1
489 3
244 3
551 2
514 1
416 2
1 3
177 3
234 3
450 2
235 2
387 4
313 5
198 2
402 1
268 3
597 2
738 5
63 5
2 2
785 4
593 1
660 3
208 3
550 1
767 2
225 2
64 5
771 2
432 2
732 2
460 3
406 2
135 5
769 4
772 5
500 3
656 4
190 4
113 3
654 3
179 2
681 1
483 2
492 6
470 1
289 2
587 3
183 2
520 2
20 2
279 3
72 2
262 5
34 2
103 2
15 2
779 4
266 1
55 4
209 3
133 3
233 2
491 3
603 4
75 3
497 5
251 6
311 3
585 3
443 3
696 4
197 3
117 2
510 4
150 2
569 3
720 3
142 2
697 3
532 3
320 2
329 3
511 2
393 1
237 6
468 3
630 3
685 2
356 2
203 4
79 2
344 2
278 2
543 3
151 2
782 4
577 2
546 2
286 1
427 2
211 2
157 2
519 3
752 3
82 2
301 5
457 3
351 1
659 6
485 1
307 4
662 2
522 3
182 2
754 3
730 2
381 4
617 1
89 5
699 4
679 4
191 6
714 4
169 3
451 1
363 4
583 3
100 4
316 2
272 3
746 2
690 4
261 3
615 2
564 3
598 1
148 2
637 2
642 2
39 1
753 5
335 2
386 2
766 3
581 1
517 3
528 2
776 3
415 3
553 2
345 2
502 5
111 3
398 4
68 2
104 1
231 2
703 3
466 3
364 5
509 4
708 2
35 1
168 5
704 4
108 5
616 1
729 2
40 2
686 6
526 3
170 3
347 4
579 2
295 5
48 6
172 4
600 2
590 3
149 3
7 3
65 2
396 2
542 4
275 5
105 2
143 2
733 6
54 4
433 4
163 1
315 2
87 1
516 4
199 3
667 2
119 7
165 3
258 3
98 3
293 3
13 1
750 3
212 1
756 1
43 4
574 3
702 3
609 1
238 4
471 2
173 5
161 5
292 4
787 2
578 2
93 5
744 2
339 2
217 5
52 2
504 2
452 2
338 2
195 3
282 2
549 5
698 4
652 2
414 3
622 4
437 4
533 2
795 2
423 3
33 4
740 2
18 7
294 2
495 2
201 3
147 2
794 4
16 5
19 2
391 4
250 4
36 3
613 2
32 2
385 3
560 1
290 2
390 3
496 4
691 4
788 2
780 3
81 3
507 4
58 2
408 2
712 2
400 5
298 1
527 4
401 1
638 4
487 2
10 1
218 4
465 3
653 4
388 1
472 3
223 2
369 3
595 3
221 2
46 2
453 4
118 4
77 2
458 5
331 1
474 1
777 1
640 2
518 2
592 2
523 4
30 1
74 5
146 2
573 3
159 3
327 2
608 3
473 2
178 2
358 2
547 5
431 4
370 2
524 1
421 3
359 2
205 3
11 3
796 2
101 4
249 6
94 1
365 3
534 4
309 1
410 4
350 3
790 2
3 3
678 3
269 5
651 3
684 2
97 1
303 6
475 4
799 2
503 6
334 2
59 1
463 3
672 2
498 4
270 1
743 3
666 1
50 5
761 1
240 3
525 3
281 3
158 4
236 2
14 5
185 4
673 1
120 2
636 4
418 5
658 2
245 2
349 2
252 3
499 1
620 1
162 4
725 2
102 3
259 1
372 2
591 4
417 2
176 1
115 1
425 2
694 1
404 3
96 3
196 4
405 2
373 3
536 2
61 2
132 2
762 1
25 2
718 3
22 1
248 2
734 2
368 2
228 3
670 4
513 3
361 1
711 2
41 3
566 2
461 2
180 2
5 1
783 1
27 2
722 1
639 3
554 3
700 2
26 3
559 3
227 1
184 3
758 1
324 2
792 1
126 3
215 2
464 1
216 1
138 5
222 1
683 2
742 2
626 1
716 1
395 3
56 2
760 2
29 1
188 2
267 2
556 1
348 1
438 1
589 1
317 2
611 1
243 2
588 1
265 2
439 2
462 1
246 1
454 2
264 2
446 2
271 2
45 1
92 2
4 1
114 2
727 1
204 3
366 3
326 1
624 2
412 2
721 1
612 1
371 2
570 3
755 2
655 1
186 1
604 2
314 1
112 2
67 1
380 2
312 1
477 2
383 1
778 2
8 1
17 1
70 1
434 1
392 1
377 1
745 1
62 2
155 2
107 1
635 3
88 2
529 2
445 1
751 2
49 1
260 1
537 1
747 1
310 3
53 2
332 2
341 2
352 1
521 1
257 1
95 1
562 3
594 1
705 1
719 1
641 1
552 1
241 1
449 3
757 2
506 1
441 1
382 1
614 1
459 1
442 1
759 2
634 2
602 1
330 1
628 1
9 1
627 1
586 1
397 3
599 1
411 1
508 1
671 1
302 1
76 1
607 1
323 1
73 1
219 1
300 1
798 1
214 1
645 1
109 1
57 1
723 1
409 1
558 1
561 1
player: 14 Competitive
502 2
126 3
409 6
505 2
656 2
682 5
147 4
407 3
384 4
361 6
302 6
526 2
314 3
387 5
783 7
586 3
543 5
539 5
749 4
750 3
589 3
772 3
1 2
768 5
362 1
39 5
74 2
188 4
103 2
454 5
419 3
729 4
235 6
459 2
358 4
79 1
181 2
430 4
718 3
53 2
490 5
134 4
769 2
785 4
52 2
326 3
148 4
617 1
522 2
194 2
49 2
107 3
137 2
423 2
351 2
627 5
618 2
18 5
222 3
167 2
80 4
46 5
141 3
353 4
435 4
767 1
536 2
114 3
356 5
477 3
451 6
726 2
172 1
373 6
392 2
600 4
277 3
662 3
455 2
421 7
737 4
31 1
150 2
212 4
431 5
92 3
133 5
738 3
159 3
466 3
158 2
377 4
685 2
709 5
432 6
648 3
646 4
66 4
378 3
688 4
653 1
463 3
76 6
700 3
63 5
189 4
740 3
161 2
577 2
93 5
460 2
671 2
135 1
439 7
643 2
404 6
111 4
99 6
713 5
54 5
96 3
94 5
169 3
782 2
51 3
588 2
567 1
240 1
690 4
745 2
655 3
402 2
220 4
78 5
24 1
347 1
716 3
115 2
684 3
154 4
531 4
468 2
34 6
464 3
763 1
271 2
524 5
691 3
291 3
272 4
7 1
619 2
102 5
237 3
443 3
742 2
492 6
37 1
473 4
248 6
512 2
127 3
224 3
482 5
668 6
297 4
661 2
320 2
408 5
112 2
23 4
569 3
288 4
21 4
753 2
331 4
475 2
706 2
493 6
528 2
62 2
555 2
471 6
789 3
97 2
214 3
534 5
337 4
559 3
444 2
645 3
309 7
139 2
525 4
530 6
677 4
725 3
504 7
630 2
389 4
117 2
456 4
10 1
500 4
590 3
75 5
757 5
105 2
440 3
344 4
446 2
155 5
195 5
342 1
728 2
136 5
306 2
441 4
106 3
415 6
436 1
476 4
461 4
173 4
523 2
269 4
374 2
130 4
219 4
91 4
242 2
509 2
497 2
270 1
252 3
217 3
391 3
144 3
215 4
339 5
654 4
263 4
786 2
165 4
776 3
380 3
486 4
736 6
227 5
561 4
401 2
558 4
692 4
434 5
357 3
278 4
295 4
153 4
758 2
487 2
771 3
250 4
193 3
381 1
450 1
608 3
4 3
149 2
624 1
779 4
603 3
40 2
176 3
591 4
678 4
322 2
606 2
13 1
739 4
572 2
140 3
230 4
595 3
199 5
596 2
55 1
708 2
511 4
489 4
256 3
204 3
304 5
592 6
634 2
580 3
680 2
411 3
67 4
506 1
27 3
784 3
547 6
611 4
550 1
368 5
16 4
764 3
578 4
609 3
714 3
196 6
323 6
633 3
264 4
515 3
593 2
19 3
638 3
585 5
246 4
652 2
658 4
679 3
234 2
388 3
225 3
370 4
132 3
84 2
206 5
273 3
579 1
699 5
42 2
735 3
686 4
198 3
722 1
298 2
292 3
799 2
183 2
704 3
201 3
429 1
472 6
498 2
426 4
305 3
696 4
703 4
760 3
747 2
582 3
123 2
211 1
138 3
366 2
719 5
594 4
385 2
428 3
744 4
98 3
338 2
261 2
175 3
360 2
659 3
164 2
403 5
702 2
113 4
513 2
467 3
516 4
639 3
689 4
406 3
622 2
260 1
775 1
56 2
369 3
780 8
60 2
72 3
128 4
82 4
518 2
328 1
790 4
628 4
340 3
88 3
151 3
104 2
635 1
433 2
162 2
59 2
560 1
371 1
329 3
420 7
675 2
310 5
259 1
533 1
755 5
182 3
641 5
376 1
529 2
717 3
315 3
86 3
48 3
2 4
200 7
754 3
442 5
85 2
573 4
316 2
731 2
797 2
670 4
163 4
470 2
447 3
301 2
605 2
546 3
47 1
766 2
705 2
597 5
382 4
399 3
312 1
465 2
469 1
751 2
251 2
65 1
116 2
258 4
118 1
290 1
345 2
770 3
336 2
665 3
413 1
508 1
748 3
710 2
180 4
781 3
335 4
372 3
8 3
355 5
484 1
607 2
17 2
676 1
566 1
119 3
632 1
445 2
192 3
521 3
795 2
427 3
333 1
541 1
660 3
674 3
22 1
71 4
236 2
549 2
756 2
238 2
615 3
554 3
545 5
732 1
29 4
36 4
25 1
457 2
341 1
667 2
400 2
280 1
791 2
480 3
532 2
649 1
3 1
289 3
644 1
247 3
491 3
383 1
321 2
352 1
746 2
296 2
281 5
120 3
221 3
61 1
156 3
38 2
202 2
249 3
279 4
448 3
481 1
673 2
613 3
598 2
11 2
284 3
143 1
564 2
50 2
231 3
712 3
762 2
324 2
414 3
58 1
343 1
647 4
257 1
650 3
417 2
395 4
12 3
110 2
209 1
787 1
294 3
286 1
666 3
410 1
730 4
124 1
359 2
657 2
620 3
759 2
424 2
694 1
205 1
761 2
701 2
300 3
108 2
45 3
483 2
146 2
89 2
510 2
283 3
640 2
346 1
178 2
602 1
517 1
478 2
621 1
519 4
152 2
563 2
69 2
185 4
721 1
393 3
610 2
101 3
327 2
623 3
317 3
496 4
35 1
556 2
697 3
520 1
15 5
100 1
28 2
788 1
495 1
637 1
81 2
774 3
87 2
285 2
90 1
253 3
375 2
265 2
208 3
794 2
458 3
792 1
485 2
160 2
319 2
575 2
83 2
576 3
73 5
570 2
438 1
95 2
612 1
462 2
109 1
174 3
129 3
614 5
412 1
568 1
535 3
601 1
64 2
274 1
349 3
367 1
5 1
325 1
715 1
405 1
311 2
77 2
793 3
171 3
299 2
232 2
313 2
743 1
131 3
68 4
499 2
422 1
223 4
6 1
669 1
334 1
26 1
184 2
571 2
551 2
631 1
190 2
663 1
303 1
425 1
452 1
557 2
203 1
733 2
241 2
584 2
574 1
724 1
266 1
581 1
218 1
507 3
752 1
354 3
30 1
698 1
565 2
157 1
307 1
14 1
501 2
727 1
537 2
734 1
396 2
544 4
720 2
177 1
488 2
318 1
179 1
282 2
416 1
474 1
629 2
562 3
275 1
243 1
363 2
494 2
741 2
683 1
226 1
672 1
125 1
254 2
394 1
583 2
636 1
503 1
707 2
390 1
330 1
57 3
365 3
33 2
364 1
599 2
514 1
191 1
626 1
765 1
267 1
308 1
693 1
540 1
197 1
287 1
379 1
70 1
262 1
player: 5 Individualist
659 4
795 4
321 2
671 3
799 3
781 3
423 2
526 3
738 2
412 4
600 5
606 4
597 5
754 4
520 5
298 3
247 4
387 4
109 4
253 3
316 3
763 3
355 2
748 4
149 4
572 2
279 1
725 2
32 3
696 2
406 5
84 4
114 5
792 3
626 2
34 1
175 5
640 5
533 2
709 5
431 2
262 7
70 2
595 1
147 6
227 3
688 4
658 4
71 2
566 6
663 4
249 2
683 2
436 4
177 2
484 5
305 5
91 2
575 5
259 4
266 2
672 2
650 4
554 4
166 3
496 3
574 4
270 1
194 4
112 3
73 3
788 2
312 3
674 3
306 5
202 3
235 1
335 4
88 4
475 2
686 3
735 5
677 4
401 5
367 7
627 2
408 3
289 5
641 3
174 1
311 4
713 4
35 4
783 4
486 3
458 4
655 4
750 5
633 7
184 2
684 3
376 2
456 4
132 4
108 7
233 2
57 2
542 3
471 2
303 2
517 4
106 4
276 5
144 2
448 3
759 2
19 2
545 4
396 2
363 4
197 3
288 6
391 4
455 3
452 2
46 5
309 5
48 2
280 2
577 3
602 6
117 2
82 5
561 4
447 4
604 3
552 4
191 6
583 3
481 4
339 4
758 4
317 4
621 5
385 3
113 3
623 5
685 3
68 4
219 3
590 3
56 3
564 6
181 3
271 1
60 6
164 8
664 3
791 2
543 3
255 4
318 3
624 3
361 2
740 2
25 2
500 1
295 5
605 4
724 3
510 3
478 4
92 2
378 4
189 3
13 3
592 5
679 1
772 1
371 3
553 2
638 2
729 2
128 1
107 4
377 4
206 4
787 3
675 3
794 1
33 4
382 8
723 4
619 2
302 2
512 6
200 5
224 4
90 2
414 4
201 4
346 4
77 2
653 6
141 3
320 1
430 2
121 3
780 6
27 3
550 2
294 2
124 3
282 2
757 1
609 1
601 2
690 1
585 3
420 5
681 3
569 4
464 4
711 3
767 2
66 3
10 2
610 3
29 2
555 3
37 2
232 4
620 4
393 3
134 3
36 3
61 5
331 6
761 7
341 3
463 3
325 5
778 3
565 1
440 4
5 4
40 5
176 3
323 4
433 2
536 3
699 4
79 3
209 4
115 1
246 2
407 2
319 2
498 3
629 2
749 2
310 2
89 2
524 2
291 4
513 2
275 1
404 8
169 4
196 3
509 3
594 5
152 3
494 3
180 2
116 5
700 4
120 2
394 2
457 1
591 6
188 1
26 2
63 3
173 1
502 1
234 5
380 3
59 5
223 4
525 4
185 5
296 3
702 2
657 2
336 4
588 1
488 2
133 5
546 4
497 4
100 3
720 3
207 2
297 2
42 2
195 3
454 6
45 5
538 2
753 2
20 5
212 4
731 2
558 4
186 3
687 2
449 7
334 2
737 6
314 5
368 5
97 2
38 2
613 1
666 4
304 1
44 1
402 3
21 1
418 1
122 4
628 2
618 3
453 4
205 1
210 4
263 5
743 1
746 3
529 3
183 8
388 3
179 6
148 3
211 3
74 1
192 2
752 1
582 3
744 2
153 3
172 1
495 5
745 2
167 3
290 3
598 1
760 2
349 1
476 2
768 1
400 4
225 2
469 1
399 4
779 2
150 3
665 5
187 1
315 2
634 4
483 3
446 2
417 6
392 2
668 4
12 3
362 2
466 1
111 3
159 2
712 2
774 3
398 3
199 3
635 4
544 2
101 3
523 1
15 4
642 1
214 4
383 2
324 5
530 4
747 1
344 3
342 4
769 2
531 4
487 2
251 3
218 4
573 3
125 3
467 4
379 6
410 1
143 2
695 1
329 4
168 4
81 2
190 2
370 4
556 4
170 4
239 2
403 4
364 2
541 4
707 2
254 4
95 4
135 2
678 4
85 4
514 4
332 1
94 4
755 2
507 3
9 3
138 1
504 3
17 3
381 1
22 2
99 5
636 2
127 3
563 1
384 3
354 1
395 3
333 2
490 2
515 5
358 1
343 3
612 4
365 4
31 1
118 2
2 1
1 1
770 3
593 1
649 2
327 2
579 2
701 3
656 2
299 2
534 1
547 2
24 3
425 3
55 1
231 1
220 4
428 4
568 4
648 3
480 4
581 5
617 5
733 5
272 2
228 4
350 3
611 1
427 3
444 1
415 1
732 3
244 3
375 2
451 2
328 5
692 4
136 2
182 3
465 2
751 2
492 4
409 3
614 3
435 2
245 1
226 2
229 1
287 2
103 2
461 2
76 1
326 2
429 3
165 1
460 2
308 3
505 3
438 1
286 1
722 2
615 1
374 7
459 2
777 1
766 1
528 7
87 5
587 3
23 1
697 2
139 5
734 2
511 1
765 2
548 1
646 1
730 2
694 2
161 1
52 2
80 3
41 3
584 3
424 1
676 4
193 3
571 1
560 1
703 2
785 3
62 1
786 2
689 1
741 3
499 2
706 3
75 1
252 4
682 2
351 3
516 1
693 3
578 1
477 2
372 1
14 1
265 3
742 2
445 3
570 3
714 4
764 1
710 1
281 3
292 4
644 3
283 1
353 2
413 1
301 1
622 4
775 1
506 2
639 2
631 4
716 2
567 1
789 1
43 2
67 2
793 1
503 1
719 1
596 3
796 1
632 2
6 1
493 4
589 1
708 2
96 2
256 2
704 3
348 3
728 3
473 5
50 2
773 2
28 2
123 1
539 1
258 1
667 1
261 5
58 3
790 2
162 2
104 2
72 2
300 3
237 1
643 3
434 1
669 1
64 1
784 3
340 3
482 3
285 2
274 2
537 2
691 2
491 2
479 2
718 1
236 2
145 3
776 1
782 2
501 1
647 1
86 3
439 2
345 2
637 1
441 1
307 4
313 4
198 2
8 1
551 2
293 2
557 3
727 1
338 1
260 1
105 1
535 2
739 1
416 1
508 2
157 1
359 2
337 3
562 3
269 2
419 1
163 1
357 2
18 3
680 2
30 1
69 1
651 2
798 1
432 1
250 2
238 2
485 2
422 1
352 2
660 2
389 2
661 1
771 2
110 1
721 1
527 1
221 2
405 3
762 1
607 2
278 2
208 1
216 1
437 2
450 1
230 2
360 1
390 1
540 2
241 1
156 1
489 1
11 2
474 1
154 2
580 2
93 1
756 1
267 1
54 1
129 1
142 1
356 1
532 1
78 1
204 1
616 1
797 1
468 2
586 2
160 1
284 1
630 1
273 1
705 1
264 1
654 1
322 1
213 1
158 2
171 1
736 1
53 1
652 1
151 1
549 1
3 1
645 1
662 1
472 1
7 1
559 1
146 1
rank player: 8 Individualist
16 128
11 112
15 108
3 112
7 107
9 96
18 99
13 107
5 112
6 111
2 130
8 97
4 102
17 108
12 130
1 99
10 125
14 117
rank player: 7 Individualist
14 100
8 129
7 112
5 94
17 122
10 128
4 123
15 120
3 117
11 103
2 120
12 107
18 112
9 113
13 105
1 83
16 118
6 94
rank player: 10 Competitive
17 118
10 107
5 126
7 107
1 123
6 109
16 102
14 121
11 117
4 101
3 107
8 119
12 100
2 102
15 104
13 103
18 104
9 130
rank player: 15 Competitive
1 116
17 103
18 114
9 102
5 103
3 124
11 119
4 118
6 98
8 105
14 129
15 88
13 130
10 121
16 112
2 122
12 106
7 90
rank player: 13 Competitive
8 104
1 119
3 89
9 109
13 123
7 115
4 110
5 108
14 103
16 127
11 108
15 111
10 105
17 106
6 125
12 111
18 128
2 99
rank player: 4 Individualist
3 111
16 104
17 118
12 113
2 108
15 121
9 103
1 110
14 128
13 105
11 112
7 89
8 106
6 111
5 118
4 120
10 107
18 116
rank player: 16 Competitive
4 115
12 107
14 121
8 118
3 117
2 122
6 112
10 88
18 105
5 127
1 108
9 118
13 99
11 97
17 113
16 106
7 120
15 107
rank player: 11 Competitive
5 119
6 120
13 113
8 124
7 113
2 96
18 98
11 119
9 125
12 90
15 92
17 105
3 110
1 123
16 122
14 119
4 98
10 114
rank player: 1 Individualist
10 101
7 116
11 99
16 119
14 105
6 83
13 113
2 108
1 116
8 106
18 123
5 116
4 114
9 101
12 114
15 119
3 114
17 133
rank player: 6 Individualist
9 108
13 129
14 101
6 130
16 102
3 90
1 103
17 101
5 108
2 101
7 115
8 124
11 110
10 115
12 119
15 119
4 109
18 116
rank player: 9 Competitive
18 97
15 114
1 111
2 116
13 104
6 128
10 126
3 122
5 105
11 116
9 122
14 101
17 105
12 102
4 108
7 112
8 111
16 100
rank player: 12 Competitive
6 97
14 126
13 122
10 106
12 106
8 115
5 118
2 100
17 115
18 114
11 115
4 120
1 99
7 100
9 113
15 117
16 99
3 118
rank player: 2 Individualist
13 113
4 111
16 113
18 106
14 95
11 109
15 115
3 108
10 90
9 106
12 121
6 111
5 114
7 119
2 124
17 105
8 116
1 124
rank player: 3 Individualist
2 114
3 124
4 108
17 108
12 108
8 103
1 120
10 104
7 111
16 108
18 114
14 112
13 100
6 118
15 113
5 112
9 116
11 107
rank player: 17 Competitive
7 119
9 106
2 112
10 116
16 118
4 115
5 104
8 92
15 121
3 107
14 102
18 130
17 121
11 112
1 117
13 101
6 95
12 112
rank player: 0 Individualist
11 116
5 95
12 122
4 117
18 109
15 98
16 116
10 110
17 112
14 122
9 95
3 111
13 83
7 130
2 113
1 111
6 131
8 109
rank player: 14 Competitive
12 113
2 109
10 126
11 114
15 109
13 116
7 103
6 111
9 117
18 112
17 114
16 105
1 111
8 112
4 107
3 113
5 112
14 96
rank player: 5 Individualist
15 124
18 103
8 110
17 93
12 119
14 102
13 134
10 111
9 120
6 116
2 104
3 106
16 101
4 104
1 107
5 109
11 115
7 122
