player: 5 Competitive
524 4
449 3
717 3
268 3
358 6
108 3
507 2
671 1
405 3
540 4
466 5
674 4
366 6
561 6
255 4
749 5
247 6
204 2
388 5
210 2
312 5
98 4
543 4
457 4
734 5
506 1
499 4
242 4
741 3
70 2
420 3
256 7
378 5
46 4
412 4
123 4
500 4
401 3
206 1
236 2
502 2
55 3
138 3
767 3
599 4
568 4
652 3
647 2
50 4
393 2
362 4
626 3
742 5
122 4
345 4
369 1
330 3
567 8
258 2
349 5
61 3
677 3
709 3
504 4
468 5
178 2
352 1
727 3
188 1
145 6
582 2
665 6
670 3
511 2
631 6
657 3
479 2
685 4
105 5
302 3
29 1
51 1
274 3
32 3
250 2
346 5
196 3
700 5
266 4
62 1
223 4
22 2
796 4
327 1
311 4
766 2
587 5
109 7
166 3
434 8
404 5
59 1
163 4
473 3
240 4
433 1
716 4
679 3
649 5
357 4
126 4
211 2
344 4
788 3
472 3
130 3
738 4
111 4
209 1
380 4
769 2
261 2
270 4
594 4
790 1
3 4
692 1
135 2
333 6
661 2
663 3
553 5
313 4
18 4
558 5
720 3
69 3
21 3
143 5
475 6
517 3
710 3
315 3
733 6
791 6
304 2
146 4
38 3
144 4
174 5
87 5
231 5
570 4
45 2
307 2
285 4
280 4
783 5
30 1
160 2
95 1
460 2
35 6
293 3
585 1
513 3
64 1
128 5
595 4
616 3
638 2
161 4
34 1
658 3
374 4
12 3
319 1
438 6
114 6
753 2
66 3
238 2
149 3
329 4
2 1
296 2
615 5
332 2
316 2
187 2
695 2
554 3
578 2
529 2
603 2
746 3
137 4
260 2
461 3
627 4
11 2
485 3
486 2
273 3
323 6
431 2
439 4
94 5
673 2
737 4
650 2
642 4
666 1
141 3
386 3
501 1
303 4
226 3
72 2
719 3
153 2
629 7
494 3
740 3
278 6
89 5
781 4
49 2
36 5
551 3
505 2
8 3
20 4
768 4
10 8
782 5
730 1
636 3
667 3
509 3
732 2
165 2
602 5
437 2
181 1
202 3
645 2
453 3
1 4
691 2
340 2
759 3
253 1
80 5
93 4
708 2
121 3
245 1
588 6
154 2
118 3
264 3
287 6
593 4
696 2
13 4
384 2
15 1
262 3
465 1
104 3
201 2
48 5
575 2
430 2
25 2
424 3
371 3
454 3
586 6
389 2
133 4
562 7
198 5
493 2
489 1
244 2
102 3
672 2
27 4
363 5
664 2
220 4
441 1
298 3
440 5
779 2
164 3
532 2
464 2
415 1
613 2
110 3
397 3
310 2
103 3
182 2
565 2
134 3
355 3
169 2
731 1
171 3
159 3
416 3
777 1
628 4
142 2
172 3
713 6
488 2
336 2
799 3
83 5
757 2
429 6
267 2
422 2
254 3
129 3
297 3
156 7
17 3
43 4
752 2
522 4
218 2
417 4
712 3
579 3
229 2
552 2
688 2
797 1
314 4
391 1
377 2
484 6
729 2
702 3
557 2
28 3
275 2
139 2
379 3
762 2
531 3
508 2
687 2
168 3
288 2
265 3
382 3
101 3
448 2
641 2
743 3
305 4
365 4
648 5
107 2
42 3
546 3
619 5
326 4
496 3
456 4
452 1
541 2
735 3
625 2
325 2
351 1
321 4
786 3
180 3
224 2
286 2
92 1
676 5
348 2
425 4
755 4
119 3
58 5
635 6
574 2
343 1
523 2
217 1
428 4
269 4
560 2
778 2
690 4
324 4
639 1
215 1
115 5
308 6
654 4
183 3
259 5
463 3
483 2
632 6
711 2
646 4
127 4
514 3
462 2
283 1
124 4
219 4
233 2
150 3
725 1
794 1
339 5
698 4
376 1
780 2
694 3
498 2
521 3
24 5
660 1
515 2
724 1
754 3
99 6
747 3
263 1
252 3
432 4
512 3
71 2
538 5
477 2
714 2
292 3
84 1
721 2
402 2
686 4
611 3
176 1
537 3
634 2
67 4
392 4
97 1
547 2
221 6
228 1
239 3
96 2
57 4
249 2
643 1
281 2
31 5
40 1
406 2
246 3
581 3
341 3
309 3
447 3
795 1
179 2
689 2
372 4
200 2
476 2
669 1
723 5
701 4
481 4
525 2
583 2
68 3
235 1
317 6
39 2
516 4
230 4
157 4
19 1
601 3
530 3
301 2
91 3
299 1
132 5
655 1
350 4
683 4
237 1
88 6
549 3
291 3
656 2
633 1
682 2
450 4
79 1
117 4
251 1
584 2
624 1
56 2
148 3
394 2
257 1
776 2
158 2
620 3
614 3
421 2
353 2
542 1
65 2
152 3
535 3
458 2
151 3
423 1
390 2
395 3
478 2
590 2
175 2
195 2
335 2
232 2
605 2
191 1
617 2
596 1
193 4
703 2
764 3
559 1
699 4
527 2
772 1
548 2
495 1
793 2
136 6
751 1
745 2
116 1
610 2
539 3
125 3
243 1
106 1
555 3
23 2
186 1
173 2
756 1
399 2
7 4
277 3
728 2
294 1
306 2
227 2
331 1
722 2
469 2
591 2
86 2
320 2
715 2
409 4
445 3
518 2
750 1
403 2
576 4
338 1
214 2
718 3
279 3
482 2
533 2
408 1
120 2
222 2
789 1
77 1
26 3
113 1
322 1
185 2
184 1
787 1
748 3
534 1
207 3
290 1
726 3
607 4
675 2
407 1
411 2
744 1
763 2
597 1
668 2
383 3
760 1
490 2
444 4
400 2
519 1
375 1
413 2
4 2
75 1
528 1
14 3
544 3
653 1
467 1
52 2
53 3
770 4
82 2
563 3
480 3
446 2
491 1
33 2
526 3
435 2
112 2
63 1
785 2
427 2
474 3
470 2
203 2
194 2
367 3
580 1
426 1
736 2
577 1
572 2
74 2
765 1
334 1
608 1
510 5
455 1
81 1
569 1
212 2
784 2
216 1
606 1
272 1
680 1
774 2
705 2
443 1
225 1
387 1
556 2
54 1
600 2
131 1
385 1
637 1
241 3
545 1
414 1
707 2
205 2
177 1
197 3
284 1
436 4
697 2
60 1
85 1
612 2
360 2
678 1
37 1
381 2
248 1
147 2
571 1
41 1
662 1
442 1
492 1
566 1
550 3
792 1
520 3
798 1
78 1
373 1
208 1
155 1
6 1
213 1
739 1
342 1
471 2
354 1
398 1
361 1
623 1
487 1
589 1
503 1
player: 11 Competitive
419 5
442 2
534 3
69 2
616 2
532 4
756 6
563 4
109 2
355 3
223 4
312 4
265 3
731 2
633 2
311 5
386 5
58 4
369 4
574 4
490 4
553 4
38 4
219 4
31 3
771 3
484 3
688 4
459 5
529 2
669 3
770 2
797 4
186 1
646 4
452 5
564 1
134 2
131 3
95 5
435 3
689 3
560 4
640 4
601 4
360 5
788 3
301 3
23 5
732 4
725 6
715 3
578 2
108 3
658 1
132 4
249 2
266 2
144 4
405 3
799 4
17 2
206 4
432 3
769 4
684 5
272 5
506 3
97 2
150 3
426 2
402 5
324 3
710 3
631 4
451 3
503 4
678 2
129 5
208 4
573 5
698 4
228 2
571 1
495 4
364 2
416 5
730 5
296 3
197 3
340 3
772 4
139 3
193 4
666 4
641 2
61 2
216 5
207 4
439 4
628 6
508 3
351 2
183 2
28 1
745 5
170 3
155 7
222 3
396 2
362 2
35 4
796 2
443 5
348 2
280 5
135 4
49 4
780 3
346 4
33 2
176 2
233 4
662 3
29 3
712 5
424 4
159 5
621 6
681 4
436 3
299 4
411 2
149 5
412 4
103 3
521 3
133 3
318 7
494 4
406 3
279 3
497 5
690 1
142 2
750 2
784 2
237 4
189 5
647 4
653 4
431 6
78 4
779 3
461 2
83 3
55 2
5 3
84 5
179 5
625 1
517 4
210 3
22 2
790 1
526 1
417 4
519 2
693 4
220 4
660 4
123 3
556 3
322 2
261 2
263 3
765 2
767 3
677 3
177 2
156 6
291 1
306 2
429 5
516 2
422 6
258 3
18 3
587 2
255 5
66 1
418 3
735 7
14 1
114 2
367 4
682 4
285 4
655 5
327 3
420 4
15 1
252 2
154 5
557 4
68 5
528 4
152 4
74 2
603 2
591 5
458 4
286 2
113 4
333 3
268 2
164 4
308 4
766 3
373 2
486 3
533 6
119 3
489 3
79 2
475 3
383 1
122 3
464 1
764 4
433 1
305 1
172 4
169 3
555 3
474 4
350 2
703 1
607 3
91 2
257 2
605 3
151 2
342 4
378 2
577 1
606 2
180 1
589 1
67 2
590 3
659 3
537 4
496 4
11 1
676 3
434 3
331 2
518 3
106 6
566 2
116 5
227 5
446 4
368 2
302 4
293 7
785 2
761 3
334 4
235 3
477 3
354 3
692 2
723 2
778 4
454 4
41 2
626 2
163 2
651 2
401 1
51 6
567 3
339 5
644 1
549 4
447 3
262 2
479 1
470 4
617 2
188 1
332 4
385 1
483 3
21 5
92 3
341 2
107 5
65 2
377 1
579 2
198 4
614 4
158 5
73 1
288 3
390 5
275 3
531 2
72 3
663 2
290 5
190 1
171 3
205 3
329 2
600 2
667 1
650 3
536 2
194 1
487 5
196 4
774 3
586 3
178 3
525 1
195 4
694 2
87 1
543 1
287 3
708 7
215 5
248 4
168 1
40 2
298 2
539 4
777 1
10 2
294 5
471 1
787 3
126 5
481 2
597 2
271 3
403 3
540 3
395 5
36 5
98 4
70 1
782 2
793 1
76 3
613 5
670 2
143 3
675 3
701 5
410 2
629 2
713 1
522 3
45 6
561 2
238 1
221 1
449 4
297 2
505 4
404 3
686 2
101 4
345 2
82 4
615 3
511 3
93 1
359 2
427 4
726 6
453 5
187 4
716 1
743 7
146 2
52 1
1 2
413 3
184 2
739 1
50 2
277 5
127 1
283 7
137 3
717 1
428 4
643 1
575 3
309 5
637 2
679 2
56 2
580 3
48 3
611 2
407 3
43 1
604 3
502 3
734 2
569 1
664 3
269 4
32 2
353 3
512 2
473 3
250 3
375 3
741 4
444 4
321 3
96 3
598 3
499 3
282 4
630 2
372 1
374 3
44 5
60 4
111 1
314 2
622 3
547 2
319 2
211 4
203 3
4 4
648 2
430 3
623 5
706 3
722 2
330 3
582 2
755 2
326 4
457 1
75 1
535 5
584 1
749 3
226 4
425 6
714 3
524 5
94 2
102 5
239 1
380 4
259 1
246 3
6 4
541 2
798 2
104 1
125 2
25 1
742 1
77 4
292 5
167 2
124 2
789 2
209 2
624 5
795 2
491 1
455 3
115 2
740 3
192 4
394 2
63 1
609 2
570 1
576 2
478 1
130 2
161 3
595 2
244 3
42 2
256 3
295 3
240 2
632 4
744 4
719 2
182 2
450 3
554 2
707 1
729 2
8 1
112 2
80 3
468 4
448 3
118 4
467 2
148 1
71 2
147 4
85 2
594 1
596 4
336 3
338 3
19 2
702 2
229 4
307 3
700 4
165 1
313 3
120 5
399 3
26 1
225 3
247 2
733 5
264 3
7 2
441 2
303 1
720 2
736 4
656 3
310 2
530 2
618 1
687 2
501 3
438 2
746 3
652 3
642 3
398 2
370 2
415 3
47 1
392 2
361 3
705 3
278 2
545 2
781 1
691 1
2 3
696 1
46 4
445 1
136 2
365 1
724 2
242 3
16 4
276 2
493 4
673 2
639 3
492 3
110 2
260 2
30 2
347 1
408 2
400 1
90 3
382 1
544 1
57 3
610 2
513 2
552 4
437 2
423 3
173 2
762 1
185 2
588 3
753 1
381 3
638 2
352 4
234 1
718 1
243 1
680 3
592 2
241 2
551 4
175 6
224 2
162 3
218 2
86 1
748 4
337 1
270 3
728 2
565 2
81 2
174 1
645 4
585 2
752 2
202 1
635 1
153 2
328 2
758 2
763 2
523 1
335 1
284 1
515 2
737 1
304 2
711 2
568 1
759 2
24 5
12 3
671 1
751 2
562 1
366 2
465 2
289 2
572 1
349 1
472 3
160 1
548 1
140 1
657 2
315 2
358 1
267 2
661 4
53 2
768 2
636 1
699 3
476 1
166 2
39 1
213 4
507 2
665 1
100 1
281 2
384 1
204 2
323 1
775 1
538 1
9 2
356 2
236 2
546 1
510 2
414 1
317 1
627 1
376 2
409 1
791 1
145 1
619 1
466 1
599 1
620 1
273 1
480 1
64 1
230 1
697 2
514 2
320 1
558 1
138 3
440 2
456 1
668 1
608 1
157 1
37 1
88 3
200 1
612 1
421 1
391 1
482 1
792 2
654 4
488 1
738 1
469 2
550 2
649 1
776 1
121 2
757 1
199 1
504 1
128 1
683 2
500 1
727 1
212 1
397 1
251 2
709 1
581 1
634 1
602 1
253 1
player: 6 Competitive
779 3
298 5
124 8
58 4
738 2
163 1
81 4
449 2
639 4
691 5
220 5
330 5
758 2
453 2
169 2
582 2
28 4
142 1
576 3
740 3
755 4
683 6
159 7
357 5
378 5
598 4
314 5
347 3
296 3
352 5
541 5
248 3
109 6
663 3
451 2
290 3
316 4
175 3
67 5
774 2
141 3
426 1
107 7
771 1
422 2
225 1
39 8
155 1
484 1
709 3
252 6
161 3
461 3
55 4
457 2
472 2
218 5
195 2
737 3
232 4
624 2
545 1
546 2
569 4
523 5
363 3
483 3
180 4
309 3
165 6
527 2
487 6
515 2
265 4
769 2
151 3
78 2
176 5
153 3
563 4
285 2
349 4
707 5
34 3
571 2
250 3
231 5
85 4
555 7
704 4
168 3
328 1
254 3
587 8
33 3
660 4
752 2
510 1
608 3
411 3
617 4
603 3
64 3
489 4
177 5
20 5
713 3
572 1
471 6
468 3
329 2
452 2
234 2
428 4
477 7
16 2
308 4
196 3
513 1
447 1
354 4
591 2
429 3
781 2
499 3
705 4
282 5
22 1
726 5
82 3
650 5
99 1
194 2
799 2
715 6
148 3
531 6
710 2
416 1
777 2
680 3
583 3
166 3
567 3
59 5
450 3
697 6
383 1
146 6
228 2
761 3
51 5
693 4
520 1
415 5
358 8
283 6
35 3
7 5
607 2
525 2
644 7
430 4
235 4
199 1
507 3
364 1
667 10
729 3
462 6
263 3
262 6
279 4
795 3
173 4
49 2
271 2
286 4
157 2
573 2
92 3
768 5
237 2
512 3
367 5
119 3
497 4
436 3
708 2
242 3
222 2
517 3
495 2
2 6
511 3
728 1
653 5
172 2
703 3
179 2
65 4
643 4
10 6
735 4
56 4
690 1
288 4
77 4
695 3
41 3
110 6
681 3
182 3
315 1
69 7
770 5
712 7
423 3
593 3
602 6
408 4
550 3
129 6
446 5
321 5
685 3
588 7
183 3
126 4
348 3
198 2
261 1
759 2
742 4
655 6
116 4
753 5
246 4
458 5
281 3
204 1
784 2
665 2
123 4
590 4
338 3
731 6
89 3
773 3
459 3
594 5
585 3
334 2
615 3
297 5
96 2
13 2
40 3
656 3
337 10
136 3
87 2
240 2
632 6
326 3
649 3
230 3
798 3
720 2
88 1
421 2
208 6
788 2
14 2
725 4
578 1
375 1
98 6
313 1
372 5
557 1
186 5
542 2
700 3
719 2
434 1
652 4
402 6
114 4
419 2
772 2
287 3
264 2
356 2
239 2
293 4
201 2
721 3
202 3
508 4
669 1
226 2
496 3
553 4
733 2
754 3
589 1
717 4
786 1
377 2
673 4
692 6
596 5
8 5
418 2
678 2
62 4
324 1
789 2
538 1
727 3
207 2
251 2
340 2
745 3
635 3
547 1
757 4
764 1
156 3
380 2
675 2
154 3
152 4
255 3
244 4
42 2
353 6
711 2
213 1
305 3
548 3
197 4
645 1
668 1
360 3
190 5
303 4
320 4
164 2
539 3
565 3
373 2
276 2
490 3
442 2
365 5
791 1
335 2
722 4
331 8
448 1
346 3
671 7
488 2
223 4
625 3
38 1
238 1
118 1
138 6
400 2
581 7
50 3
412 2
229 2
756 5
280 2
4 5
410 5
247 2
12 1
45 2
345 2
414 5
158 3
751 1
137 2
73 2
559 2
390 4
319 3
577 3
438 1
437 2
465 5
249 2
475 3
730 7
676 4
526 6
702 1
31 4
601 3
83 3
236 2
257 3
9 4
86 1
245 3
504 1
580 2
782 3
476 3
454 1
160 2
117 6
185 3
61 1
766 4
606 2
115 6
749 6
79 2
470 4
342 1
785 3
623 3
368 2
322 2
648 3
369 1
131 4
420 1
724 2
494 1
24 4
273 1
672 2
435 2
612 1
503 1
701 4
211 2
135 2
628 5
688 4
74 4
37 2
181 1
30 4
299 1
796 2
386 3
94 2
311 5
100 2
706 2
70 2
629 5
395 2
376 3
15 3
355 5
427 1
6 3
687 6
336 4
19 5
605 3
54 3
120 2
127 2
63 1
638 4
388 2
532 2
558 4
760 2
620 1
184 2
178 2
609 3
568 1
519 3
269 3
544 2
793 4
289 5
191 5
149 3
200 3
256 2
379 4
1 3
122 2
294 2
616 6
514 4
566 3
140 1
433 1
144 2
528 3
374 2
431 2
492 5
387 2
108 4
399 1
43 2
327 1
444 2
381 1
723 2
162 2
339 2
424 4
384 1
619 1
404 1
60 5
139 3
509 1
684 3
304 2
300 3
787 2
529 2
253 2
292 4
362 1
500 3
130 4
189 5
394 2
718 1
75 3
664 2
780 2
750 4
121 4
614 3
332 2
797 1
217 1
464 2
741 2
371 3
674 1
132 1
679 2
604 3
493 1
534 2
622 1
574 2
243 4
221 2
536 1
103 2
467 2
133 3
215 1
193 2
662 2
385 2
93 3
205 2
206 2
104 3
533 3
125 1
516 3
318 2
317 2
361 2
659 3
76 2
343 2
540 3
694 1
277 2
524 4
642 1
584 4
214 3
440 1
259 3
792 1
260 1
310 1
486 3
25 2
570 3
549 3
227 3
776 2
18 2
11 1
312 3
413 1
491 2
113 2
406 1
95 1
439 2
270 1
68 1
212 1
677 2
657 2
661 1
744 1
767 2
302 1
44 2
143 1
150 3
21 3
47 1
455 1
631 2
224 2
586 1
391 1
552 1
530 3
561 2
626 2
646 1
522 1
174 1
480 1
746 2
466 2
91 1
463 1
323 1
686 1
84 1
233 4
600 2
621 3
268 1
405 2
57 1
469 2
634 1
473 1
170 1
765 4
284 4
351 2
501 1
647 1
627 3
278 1
575 1
698 2
325 2
272 3
209 2
441 1
105 2
241 1
658 2
618 1
482 1
216 1
370 2
610 1
112 2
128 1
97 2
295 1
258 2
134 1
344 2
267 1
147 2
778 1
36 1
171 1
794 1
409 2
456 1
401 1
274 1
359 2
696 2
192 1
306 1
743 1
203 1
80 1
17 1
382 1
478 1
611 1
219 1
460 1
734 1
714 1
301 1
506 1
307 1
398 1
393 1
53 1
689 1
333 1
579 1
167 1
739 1
562 1
27 1
595 1
613 1
71 1
player: 7 Competitive
484 1
163 7
576 2
631 4
714 5
406 2
735 4
365 3
87 5
64 3
608 8
430 4
302 3
329 6
769 1
344 3
428 4
493 3
597 2
256 4
250 2
709 4
523 6
706 5
453 2
354 2
255 5
602 5
583 1
577 3
494 3
313 5
204 5
348 3
213 3
731 5
14 3
742 2
625 4
27 3
382 4
209 3
68 5
655 2
121 3
681 6
496 5
628 3
244 2
581 2
369 4
781 2
569 3
573 4
475 3
442 3
760 2
350 2
435 3
157 2
147 2
618 3
507 4
7 2
298 1
558 4
483 3
258 3
141 4
790 3
570 4
740 5
599 3
702 3
650 2
35 7
103 5
480 2
69 4
514 5
717 3
31 1
343 2
211 2
104 3
541 3
463 3
561 2
160 3
407 4
415 2
62 3
1 1
671 3
312 3
225 6
764 8
335 4
222 3
137 2
136 5
609 3
52 6
208 1
616 5
780 3
57 4
531 6
696 2
81 4
728 3
297 3
168 5
143 6
667 4
711 2
25 2
167 2
584 2
692 1
48 3
223 2
722 2
643 4
306 5
75 3
13 4
730 1
293 2
433 2
521 5
15 2
786 3
125 3
495 4
422 5
636 3
410 7
337 4
151 4
159 2
271 6
420 3
645 3
600 3
635 2
4 4
551 6
788 2
615 5
630 4
565 3
562 3
331 6
356 1
402 5
763 4
134 2
490 1
497 3
644 7
477 6
416 3
629 4
672 1
542 1
758 3
799 4
135 4
29 4
705 3
478 3
522 2
78 2
119 2
724 3
525 1
737 4
216 5
43 2
290 2
580 5
86 3
150 7
28 1
128 5
280 5
732 1
550 2
487 1
361 6
152 5
586 3
418 4
286 6
94 4
399 1
247 5
617 3
73 4
106 4
748 4
277 4
471 2
532 2
332 4
656 5
355 4
684 5
568 3
676 2
41 1
649 3
96 4
431 4
446 3
105 3
448 4
400 7
474 4
469 3
79 2
362 3
427 4
492 2
604 5
101 2
592 2
221 2
622 2
509 1
270 3
621 4
50 3
374 2
408 5
725 3
182 3
323 3
489 3
72 1
284 1
260 2
771 1
678 1
190 4
254 2
437 3
417 1
39 2
224 3
772 1
95 5
498 4
172 6
721 4
677 2
613 1
11 4
358 2
206 3
756 3
242 4
626 5
55 4
322 5
118 5
690 3
83 3
432 2
108 2
419 4
98 2
363 5
278 3
595 3
292 5
479 5
660 5
783 2
578 5
383 4
697 4
203 3
438 2
778 6
8 7
21 3
472 5
641 2
89 2
379 3
444 4
359 2
77 2
464 3
199 3
661 1
662 4
389 3
265 3
236 5
533 1
110 4
736 4
654 6
253 2
693 1
120 2
18 4
679 4
155 3
517 1
219 1
529 2
547 3
191 4
205 2
398 4
572 1
67 3
10 2
51 6
520 3
153 1
384 4
784 2
718 3
131 2
177 2
229 1
17 2
755 2
787 2
785 2
715 3
412 4
116 5
176 3
754 2
429 3
317 5
470 3
272 2
287 3
633 1
782 5
757 3
623 5
112 4
34 4
538 4
319 2
84 5
180 2
158 2
100 4
146 2
457 3
388 3
403 3
544 4
179 4
619 6
93 3
467 3
130 2
397 1
775 2
366 1
33 2
70 1
259 2
36 2
482 2
606 6
508 2
502 2
648 3
680 3
411 2
301 5
458 3
26 4
500 2
546 4
32 4
307 2
99 2
97 4
217 4
434 4
590 4
687 4
46 3
154 1
798 1
642 3
288 1
341 2
303 1
620 2
276 1
279 3
198 3
401 3
294 5
761 2
510 1
88 4
691 2
249 2
175 3
524 4
530 2
117 2
759 2
386 2
553 5
537 3
336 1
776 2
273 4
230 4
632 3
19 3
593 3
539 3
528 1
37 2
377 3
194 2
733 7
504 4
129 2
527 1
368 1
282 2
24 4
682 1
274 2
373 4
512 1
367 4
82 5
404 1
695 3
197 2
637 4
65 2
126 3
651 1
789 3
454 2
598 3
53 5
639 2
767 4
675 3
486 2
594 2
390 4
720 2
275 2
452 4
456 5
791 5
396 2
652 3
16 2
109 4
308 3
214 3
196 2
376 3
334 3
9 2
447 3
239 2
765 1
669 4
311 4
460 3
6 4
234 3
339 3
549 4
713 1
144 5
554 2
314 4
459 4
739 2
518 2
699 2
60 3
634 3
405 4
488 2
212 1
579 2
61 3
183 2
122 3
557 4
226 1
673 7
378 3
701 1
164 4
285 3
624 4
241 3
56 2
268 2
45 1
232 3
543 1
264 1
773 2
491 3
741 3
665 3
747 1
603 2
770 3
526 4
614 2
381 3
466 3
716 2
201 2
640 2
792 3
181 1
571 1
589 1
352 3
712 2
441 2
281 2
372 2
413 4
111 2
71 2
744 3
796 2
42 2
289 3
360 3
20 2
269 2
169 1
567 3
346 4
473 5
262 3
186 2
611 2
768 3
535 2
394 2
391 2
324 2
266 1
445 2
708 3
707 2
166 3
156 3
92 1
658 1
425 2
395 2
503 6
326 3
184 2
752 2
499 2
80 1
734 1
421 3
165 3
170 2
263 2
685 2
295 1
370 1
451 1
91 2
195 1
749 2
513 2
596 1
115 3
235 1
414 1
481 2
601 2
591 1
638 1
12 1
726 6
647 1
340 2
468 5
351 2
237 2
353 2
202 3
710 2
439 2
751 1
30 2
729 2
305 3
114 2
443 3
548 1
47 4
774 3
142 1
124 1
694 1
575 1
663 2
450 2
310 1
393 2
566 1
588 2
753 3
689 2
686 1
704 2
318 1
585 1
248 2
779 1
670 2
173 2
485 2
162 1
723 1
795 3
745 2
328 1
683 1
552 2
59 2
688 1
231 1
66 1
511 1
582 1
189 1
409 2
349 1
228 2
333 4
132 2
149 2
330 2
545 1
646 2
540 2
40 1
85 2
133 1
436 2
218 1
309 3
76 1
58 1
23 1
560 1
607 1
107 5
22 1
461 2
700 1
574 1
54 1
664 2
338 1
364 2
251 1
750 1
187 1
462 3
794 1
347 1
612 1
193 3
138 1
342 2
215 1
283 1
49 1
320 2
793 2
327 2
385 2
127 1
563 1
210 1
63 1
171 1
719 1
220 1
666 1
746 1
200 1
423 1
188 1
243 1
161 1
227 1
140 1
559 1
192 1
357 1
426 1
371 1
178 1
321 1
501 1
516 1
325 1
player: 9 Competitive
673 2
749 3
779 5
62 4
121 2
430 3
49 4
678 7
248 5
475 4
630 3
260 6
636 3
561 4
715 3
374 4
703 4
465 3
486 2
327 1
728 4
479 5
338 3
266 2
238 3
243 1
222 3
455 3
254 3
588 3
397 2
234 8
705 5
24 5
2 5
34 4
31 5
787 2
210 5
267 2
114 4
665 4
46 4
652 4
472 1
577 7
221 6
377 3
667 2
357 3
372 3
369 5
143 2
587 4
684 2
237 3
763 1
622 4
239 3
469 2
117 3
95 3
683 3
158 3
151 1
163 2
14 7
494 3
326 3
362 3
194 9
364 3
278 3
549 3
258 6
80 1
653 5
679 2
10 1
498 2
746 3
235 4
768 7
632 2
213 1
361 4
540 6
625 4
329 5
32 1
76 2
585 3
179 4
360 5
672 4
319 4
428 3
724 4
662 3
120 2
402 4
771 4
83 3
792 4
403 4
760 5
755 5
776 3
417 3
217 3
313 3
550 1
18 2
78 10
77 4
597 4
570 2
441 5
745 1
399 6
696 3
660 3
246 2
230 3
358 3
87 1
264 5
419 3
744 2
107 1
491 2
245 3
350 2
56 7
554 2
481 4
263 4
702 4
538 2
605 2
21 2
689 4
132 4
111 4
508 3
209 1
560 3
392 3
513 6
204 4
712 2
699 7
421 3
478 3
677 2
216 3
591 3
150 3
596 4
102 5
515 3
396 3
735 4
661 2
423 3
634 4
598 4
797 4
286 6
367 3
447 5
694 6
676 4
568 1
15 5
363 4
732 5
795 1
758 4
197 2
251 1
129 2
383 2
713 4
425 6
268 3
199 2
185 2
38 3
456 2
273 4
71 5
124 6
607 5
489 4
171 2
226 5
147 3
130 1
215 2
557 4
573 4
493 2
155 2
182 3
711 3
780 2
50 4
37 4
195 4
16 3
687 5
22 3
11 3
136 4
115 3
730 3
614 2
128 4
409 3
435 4
695 1
643 3
103 4
767 3
146 2
250 5
116 3
613 3
460 1
54 3
651 2
317 2
288 3
571 3
156 5
203 3
190 1
139 5
416 10
296 4
17 4
680 5
74 5
343 4
384 3
27 4
719 3
586 1
664 1
706 1
454 2
244 1
701 2
756 3
308 3
368 5
581 3
718 4
323 2
302 2
282 3
462 2
68 4
184 5
483 4
42 3
649 4
769 1
467 1
44 4
52 3
774 2
424 3
110 3
611 2
381 2
48 2
261 2
101 4
595 1
511 5
647 3
355 2
167 3
516 3
391 1
514 3
624 4
503 4
446 4
562 4
162 5
798 4
305 3
463 3
330 2
761 4
510 2
187 5
344 3
148 3
154 3
316 1
619 1
88 1
272 2
799 2
766 5
640 4
659 4
714 1
123 3
211 4
537 3
242 3
325 3
566 3
407 1
376 3
682 3
590 3
255 3
25 2
546 2
739 3
310 2
564 1
533 2
621 4
89 4
249 3
593 1
118 1
39 3
79 5
333 3
427 1
580 5
788 4
789 2
555 2
541 3
281 2
180 2
40 2
725 2
500 3
492 4
29 1
740 3
168 2
365 1
414 6
131 2
269 2
420 2
582 2
697 6
75 1
140 7
658 3
279 1
556 4
666 1
328 3
26 3
726 5
66 1
617 3
449 2
290 4
138 4
301 2
574 1
518 1
548 5
592 4
620 1
45 4
299 3
218 3
635 2
225 2
480 2
63 4
438 2
764 2
522 2
415 3
448 3
722 4
733 2
125 4
223 2
309 3
616 2
439 2
535 4
145 5
770 1
347 4
736 3
530 4
525 2
782 3
166 4
440 3
41 2
311 2
642 4
681 2
334 2
370 2
287 2
578 1
144 3
271 4
524 6
340 5
688 4
796 3
623 2
388 3
177 3
731 4
477 4
445 2
289 3
528 3
436 3
214 5
61 4
716 2
544 5
259 3
553 3
280 3
552 1
386 3
406 4
390 3
594 2
734 3
656 3
172 3
458 3
208 1
671 6
69 3
173 1
366 3
149 4
512 2
90 4
615 4
608 5
485 2
359 1
307 1
12 2
304 1
784 2
589 4
193 2
283 2
583 3
738 2
375 2
228 3
775 4
53 4
188 1
339 3
389 5
558 1
35 4
708 5
505 5
669 3
176 2
772 4
786 2
212 4
8 3
693 1
657 2
81 2
520 3
126 1
444 1
453 1
57 4
241 2
352 2
729 1
335 2
122 2
4 3
704 1
227 1
501 3
300 3
452 2
451 3
94 2
312 2
408 4
471 1
262 2
379 5
461 3
292 2
191 2
563 3
160 1
410 1
303 3
59 4
442 2
72 5
119 3
434 2
161 3
466 3
686 2
293 1
170 3
752 2
655 1
629 3
675 3
759 3
567 1
476 2
380 4
575 1
674 4
433 2
232 4
23 2
73 1
709 1
3 3
141 3
231 3
196 2
499 2
650 3
496 3
432 1
277 3
275 2
791 3
100 2
6 1
690 4
373 2
135 3
685 1
5 2
253 3
43 1
569 2
429 2
178 1
781 3
794 1
152 1
67 3
113 3
202 4
371 1
754 3
82 3
545 2
298 3
723 2
517 1
314 4
265 4
186 3
443 1
341 2
405 3
502 3
551 1
1 2
543 2
337 5
98 1
351 1
426 3
670 3
618 2
200 2
240 3
572 2
174 2
284 2
422 4
606 1
751 1
252 1
644 2
257 2
183 2
637 1
668 2
169 1
60 3
92 2
220 1
773 2
457 2
413 1
707 1
663 1
91 4
565 2
297 1
645 2
99 3
336 2
603 1
236 2
247 2
633 2
96 1
164 1
93 1
233 1
431 3
189 3
599 3
127 1
412 3
783 2
331 3
19 3
648 1
353 2
354 2
33 1
395 1
418 3
750 3
324 3
86 1
320 1
198 3
192 2
404 2
332 1
559 3
579 1
459 1
523 2
495 1
393 1
600 1
55 2
785 2
793 1
720 2
206 1
450 1
270 1
85 1
105 1
504 2
321 1
13 1
348 3
710 2
721 1
306 2
509 3
165 3
743 1
276 2
394 1
47 1
542 1
153 1
747 1
468 2
9 1
534 1
507 1
646 2
532 3
181 1
654 1
104 1
604 1
285 2
51 1
539 1
201 1
108 1
521 1
691 1
484 1
346 1
378 1
84 1
641 2
400 1
318 2
157 1
20 1
790 1
778 1
437 2
345 2
205 1
464 1
385 1
609 1
134 1
207 1
65 1
490 2
70 1
742 1
601 1
137 1
159 2
30 1
106 1
142 1
player: 8 Competitive
224 8
425 5
411 2
482 4
148 4
329 6
630 4
1 4
594 4
704 2
37 3
746 3
641 4
74 2
156 4
25 3
710 5
96 7
313 4
401 4
260 3
521 2
168 4
526 4
31 1
694 4
10 7
366 2
311 1
763 4
214 2
113 4
371 5
328 1
671 7
253 1
155 4
263 4
614 3
539 3
431 2
133 5
627 4
758 3
657 4
142 4
447 3
709 3
578 2
92 4
349 1
714 1
200 2
404 7
291 4
750 4
150 2
322 5
259 4
147 5
314 4
688 1
426 5
278 5
475 5
533 8
719 5
741 2
279 6
728 3
151 3
591 4
607 2
34 4
732 4
181 4
320 2
388 5
172 3
441 2
114 3
175 2
716 7
457 3
635 3
623 6
295 5
271 3
557 7
367 6
790 3
525 3
448 2
776 3
665 2
648 3
666 5
762 3
139 4
419 5
575 2
761 4
601 3
215 1
46 3
115 1
348 5
587 4
595 4
230 1
42 3
177 3
238 2
373 1
567 3
766 5
14 6
129 2
615 3
360 2
531 6
611 4
494 1
210 4
498 5
336 3
656 3
321 5
644 4
202 3
608 9
592 1
599 4
289 2
598 7
33 2
306 1
343 4
174 4
503 5
361 5
171 2
545 3
95 4
412 3
449 2
468 2
519 3
672 3
605 2
273 7
15 2
438 4
201 2
551 6
107 3
196 3
58 2
634 4
538 4
119 1
470 7
798 1
414 2
487 3
65 3
256 4
417 6
483 3
277 4
67 7
682 3
436 4
252 2
123 4
747 4
408 3
49 3
276 2
541 3
293 4
720 2
222 1
45 3
619 1
493 5
600 2
228 1
254 2
622 4
8 2
160 4
473 2
53 3
205 2
504 2
275 2
685 3
444 6
383 4
330 4
240 4
602 4
309 5
184 5
381 3
83 2
20 4
478 2
326 2
651 1
264 3
687 3
304 1
718 1
721 3
218 5
674 2
576 8
269 3
111 1
415 1
231 3
239 2
82 1
100 1
516 1
510 5
79 3
559 3
48 3
771 2
584 1
462 5
537 3
274 3
508 2
179 3
284 5
429 1
138 4
337 2
693 3
203 2
786 5
338 3
733 1
760 4
667 3
699 5
642 3
376 2
781 4
26 2
520 4
197 5
335 2
101 3
488 6
620 3
149 3
157 5
738 5
245 2
117 2
99 5
465 7
703 2
689 3
764 3
312 5
780 1
97 2
638 1
723 4
658 4
357 1
536 2
109 2
460 5
547 4
126 5
561 3
299 3
413 2
198 5
469 5
32 2
797 2
621 5
380 3
393 1
692 2
323 3
185 5
355 2
389 3
398 5
286 1
399 4
492 4
59 1
85 5
72 1
613 1
423 4
735 3
316 3
588 4
757 3
495 3
742 2
566 3
325 2
715 2
706 3
527 4
625 7
768 2
159 3
637 4
69 2
745 2
68 3
499 2
784 2
63 2
604 2
62 2
396 6
66 4
225 4
437 4
678 2
331 2
655 2
402 3
89 2
432 2
178 3
632 6
187 4
646 3
30 5
188 4
333 3
283 1
554 3
707 4
327 4
43 3
727 8
232 2
759 2
247 1
484 3
580 1
577 4
7 3
106 1
661 2
77 2
753 2
534 5
631 4
241 2
382 1
221 1
213 4
116 2
645 2
624 2
518 3
207 2
13 2
340 2
195 2
57 4
791 3
305 2
409 1
560 3
206 3
300 3
564 1
683 3
502 4
208 4
170 2
266 2
234 2
368 4
265 4
512 3
428 3
779 4
341 2
242 3
131 3
112 3
796 2
670 2
285 2
725 2
603 3
445 3
346 3
3 5
292 4
433 5
532 1
421 4
36 4
540 4
94 3
90 1
75 2
529 3
301 3
386 4
455 1
568 2
216 4
88 1
530 3
249 1
443 1
23 4
585 1
636 1
454 4
427 2
501 2
497 6
145 2
135 5
524 2
590 4
424 2
461 3
359 2
535 5
199 1
375 4
87 3
514 3
345 1
711 1
485 2
407 1
296 2
523 3
752 2
128 1
612 2
125 1
730 3
192 1
442 2
486 3
574 3
680 2
191 4
136 1
209 6
132 4
673 1
38 5
799 1
243 3
681 4
4 7
659 2
154 3
451 4
287 2
182 5
294 2
628 4
141 1
379 3
463 2
120 3
258 3
262 2
639 1
700 1
78 4
2 1
571 5
629 3
39 3
165 5
543 3
219 2
334 1
410 3
626 2
244 1
496 5
152 1
556 1
773 3
783 2
104 1
416 3
235 2
676 3
220 2
548 1
124 1
403 1
261 1
16 2
528 2
662 2
558 5
652 3
664 2
55 2
420 1
161 2
91 2
272 6
47 1
774 2
212 1
794 2
105 1
183 2
553 3
649 2
596 5
140 2
775 3
573 3
384 3
302 4
691 3
370 3
633 2
450 5
237 5
440 2
102 3
517 6
736 2
86 2
364 1
660 4
500 2
52 3
12 4
122 1
686 2
387 2
64 3
767 1
217 1
144 3
167 2
250 1
93 5
513 2
162 3
563 3
515 3
143 4
606 1
324 1
505 1
378 1
307 2
400 3
11 2
332 2
229 1
756 4
589 1
41 2
640 2
71 3
669 1
315 3
650 1
298 2
392 2
394 4
787 2
255 2
236 3
782 3
173 4
163 2
422 6
28 2
372 3
297 2
458 4
507 1
248 1
310 3
351 1
108 3
770 3
397 1
358 3
653 5
365 3
472 2
435 4
5 3
697 2
731 2
570 1
356 3
395 1
347 2
696 1
390 2
24 1
385 4
339 2
84 3
695 2
511 1
569 1
137 3
464 1
474 4
110 2
565 1
406 1
352 1
701 1
27 1
453 1
522 2
717 4
610 1
663 2
743 1
290 1
73 1
246 1
542 1
146 1
581 2
729 1
118 1
748 3
54 2
477 2
617 1
550 2
726 3
788 1
490 1
724 1
582 2
643 1
690 1
772 1
679 1
29 3
344 2
471 1
17 1
555 1
103 2
740 2
452 1
280 2
194 2
439 1
282 1
593 1
489 1
765 2
44 1
754 1
35 3
164 1
76 1
618 1
544 1
60 1
785 1
586 1
169 1
579 1
288 2
562 1
722 1
80 1
70 1
193 2
158 1
267 1
204 1
509 1
176 3
61 1
50 1
22 1
616 1
491 1
609 1
479 1
751 1
233 1
793 1
749 1
56 1
675 1
153 2
166 1
466 1
708 1
418 1
40 1
308 1
180 1
792 1
789 2
354 1
549 1
player: 4 Competitive
454 3
322 3
766 5
682 5
356 2
499 6
459 2
234 2
382 5
670 2
73 2
683 4
44 2
131 2
795 2
735 7
558 4
799 3
22 2
326 3
295 1
274 4
337 4
650 6
270 3
15 6
798 3
353 5
674 5
159 3
497 5
136 2
433 3
449 3
212 3
726 3
184 2
547 6
493 2
25 3
746 3
40 4
171 3
190 5
585 4
553 2
605 4
84 4
520 3
618 7
342 2
439 4
230 2
446 4
10 5
606 3
532 3
365 4
428 3
594 3
728 6
645 4
713 3
685 3
45 2
755 1
745 3
779 4
196 6
91 3
368 3
32 4
426 3
260 3
290 3
259 5
717 2
489 3
315 1
166 4
223 9
383 5
77 3
460 4
111 4
317 4
121 5
543 3
593 4
638 4
149 3
366 5
120 4
477 4
391 2
464 3
244 3
90 4
416 2
483 2
528 6
1 4
473 3
288 2
631 3
389 4
656 4
189 2
217 6
500 5
516 2
280 2
419 5
694 5
273 2
335 3
289 4
754 2
330 3
232 3
635 3
191 4
380 4
7 1
767 1
731 2
310 3
517 3
601 4
294 5
125 4
782 4
551 4
227 5
466 1
736 2
381 3
80 1
53 4
629 5
704 4
19 1
26 5
590 2
436 2
130 3
352 2
373 4
535 2
515 1
175 3
764 2
144 1
577 5
24 6
114 3
388 3
434 4
513 4
771 3
785 3
556 4
773 2
117 3
167 2
708 3
312 6
63 4
410 4
444 4
668 1
345 1
776 2
654 2
702 1
427 3
347 3
693 2
666 3
505 4
97 3
88 5
647 2
498 4
183 6
653 7
169 5
119 2
519 3
583 3
524 1
140 5
503 1
716 3
369 6
57 3
157 2
69 1
787 5
544 3
531 5
760 4
237 4
340 5
775 4
187 5
794 4
238 6
95 4
351 6
692 3
737 3
78 4
422 3
200 3
570 3
710 3
622 2
597 2
729 3
542 3
611 5
51 4
414 3
293 3
456 2
279 5
730 3
533 3
250 2
363 3
272 3
364 5
328 6
49 3
142 2
151 6
421 2
291 3
263 2
219 1
707 2
478 1
61 1
502 2
743 4
276 4
207 1
239 3
564 5
672 4
34 1
396 5
218 1
599 3
565 6
16 2
54 3
680 1
301 2
47 5
669 2
423 2
639 6
377 2
286 2
443 2
367 1
344 2
559 4
60 3
246 2
225 3
582 2
491 3
568 3
176 3
507 2
203 2
96 1
334 3
179 3
350 4
336 1
586 4
79 1
457 2
264 5
596 2
268 1
213 2
501 1
283 4
783 2
89 3
607 2
205 3
124 3
482 5
537 2
475 4
278 4
6 1
523 4
362 2
615 3
588 5
584 5
610 2
740 6
552 3
781 3
245 5
626 1
613 4
319 2
663 3
156 7
36 5
148 4
386 1
37 4
435 5
723 5
304 2
174 3
724 5
126 3
361 5
147 1
392 5
440 5
689 2
133 2
31 1
281 2
70 4
526 1
194 2
768 3
790 3
634 1
660 3
623 5
82 4
376 4
14 2
671 2
575 5
563 2
758 4
518 2
470 2
509 2
471 1
751 2
573 2
722 5
398 1
652 4
496 2
208 2
258 2
346 5
407 4
592 2
504 3
247 5
123 4
541 1
168 4
226 2
343 2
65 1
93 4
791 3
20 2
522 4
9 5
161 2
696 2
655 1
327 2
561 4
316 3
774 3
437 2
476 2
165 5
784 3
621 2
540 3
164 1
676 3
657 3
170 1
3 1
550 5
420 2
360 4
712 3
298 4
742 5
625 1
320 2
305 1
753 1
399 2
224 1
430 3
33 2
687 5
438 4
98 2
265 7
275 3
139 2
432 2
566 3
86 2
546 8
612 4
104 2
110 3
318 2
644 1
701 4
602 3
659 4
209 4
467 3
308 4
371 1
462 1
52 4
630 3
231 2
453 3
403 4
46 2
688 3
397 2
379 4
458 4
83 2
27 5
332 2
406 3
555 2
587 2
417 3
221 2
677 2
481 4
150 4
560 2
506 1
311 2
632 2
87 1
400 2
323 6
329 5
447 2
160 4
633 3
242 3
778 1
738 2
797 2
102 1
757 3
394 3
193 2
103 2
627 1
75 4
251 2
511 2
204 1
324 3
763 1
732 1
154 3
494 2
675 3
321 1
628 2
705 5
554 2
188 6
202 3
252 5
719 2
536 4
128 5
314 4
681 1
562 2
490 2
411 4
300 2
425 1
468 3
56 3
469 2
567 2
64 2
658 3
206 2
215 4
182 2
796 3
48 1
299 2
395 4
589 2
23 1
236 3
210 1
721 1
384 3
405 3
474 1
94 2
591 3
576 3
600 2
733 2
571 1
2 3
678 2
718 1
461 3
296 2
99 1
580 4
173 4
649 2
18 1
309 2
35 2
113 1
619 1
684 3
545 1
486 2
508 2
429 2
220 2
465 2
695 1
325 2
698 1
11 2
303 2
137 2
106 2
480 1
725 2
42 1
214 5
66 3
374 2
199 4
492 2
30 5
603 1
761 2
339 1
714 2
55 2
412 2
118 4
201 2
29 2
146 1
780 2
285 2
636 2
172 1
408 2
100 1
452 4
38 2
21 1
404 1
770 2
249 1
727 4
153 3
341 2
595 3
277 2
81 3
269 2
241 3
648 4
539 2
479 2
792 1
108 2
620 3
331 4
385 1
786 1
13 4
413 2
235 2
664 4
240 1
643 1
4 1
178 2
107 3
134 2
772 1
614 2
105 1
415 3
646 2
690 1
521 2
409 2
530 1
348 3
706 2
756 1
43 2
163 2
752 3
378 3
484 1
292 5
662 1
333 1
253 2
141 3
135 1
390 1
58 1
109 1
538 1
122 3
357 3
418 2
271 1
641 4
359 1
152 1
85 3
487 2
624 1
441 2
616 2
759 2
640 1
372 1
129 3
711 1
143 3
185 2
181 3
338 1
762 1
192 1
59 2
355 3
12 1
642 2
375 1
549 1
739 2
116 1
424 1
488 1
72 2
266 3
228 1
431 1
661 1
697 1
358 1
401 4
598 1
297 1
8 2
637 1
789 1
691 1
74 2
112 1
510 1
17 3
777 2
186 1
248 2
229 1
402 1
604 2
284 1
261 1
651 1
243 2
747 1
195 1
741 4
211 3
302 2
748 1
450 1
673 2
50 1
793 2
572 1
557 2
155 1
101 1
448 1
574 1
665 1
349 1
138 1
667 1
709 1
387 1
769 1
71 2
393 1
679 1
354 1
525 1
222 1
256 1
68 1
529 2
287 1
233 1
257 1
player: 10 Competitive
90 1
16 3
442 2
498 5
661 4
114 3
649 6
49 3
676 4
717 4
342 4
96 2
698 3
204 3
369 3
343 4
364 3
476 1
453 3
80 2
269 3
187 5
103 4
200 3
291 5
585 2
695 4
422 3
790 3
79 1
654 2
22 5
310 3
521 4
340 4
675 1
17 3
574 7
491 1
565 4
2 4
631 2
751 6
778 1
72 2
83 1
415 4
250 3
66 4
582 2
390 2
501 2
755 6
220 3
577 2
440 5
543 3
653 3
320 5
483 2
677 4
239 4
407 3
406 3
757 2
534 4
157 3
651 2
89 3
738 2
92 6
237 3
256 2
376 6
419 3
524 4
370 5
25 2
639 4
32 7
39 3
353 3
324 1
243 2
378 3
745 2
19 3
367 4
184 4
563 4
44 5
502 3
7 2
400 3
595 2
469 4
737 4
270 1
373 3
55 3
265 3
183 2
548 2
41 4
241 2
131 2
371 6
412 5
782 3
732 3
773 2
716 2
347 3
432 1
564 4
219 4
202 4
257 3
573 2
689 2
426 2
346 2
459 6
118 3
607 7
205 3
613 4
121 1
684 1
393 5
128 5
350 3
338 3
158 3
579 2
246 2
688 3
102 2
527 4
776 5
640 4
728 8
287 5
670 2
386 3
362 1
356 5
374 3
264 4
703 5
734 3
736 3
477 2
178 2
673 3
546 2
791 3
354 1
336 2
629 1
530 2
268 4
597 2
456 4
319 2
593 4
792 5
581 3
723 6
321 2
515 2
740 7
735 3
650 5
67 4
627 3
439 2
552 4
193 3
709 6
380 2
262 3
355 5
26 9
538 2
107 4
742 4
797 2
571 5
637 2
247 5
798 4
783 3
468 4
78 5
13 2
43 2
437 2
93 2
388 2
620 3
743 5
780 2
425 3
263 2
124 3
175 3
48 2
696 6
447 1
614 4
271 4
161 4
384 2
38 2
672 1
464 3
88 3
4 3
753 3
209 2
87 1
451 3
130 3
197 4
510 3
245 3
208 2
97 5
306 3
623 4
375 2
492 2
503 3
767 9
446 6
309 1
718 5
679 3
694 3
292 3
304 2
174 6
368 3
500 2
768 6
167 4
578 4
281 3
479 2
645 6
351 2
224 3
34 3
273 2
179 2
725 5
719 3
421 3
411 5
235 5
11 3
403 3
701 1
428 1
545 3
47 8
611 4
155 3
221 5
588 5
222 1
401 3
330 3
122 3
435 6
622 1
705 1
62 1
305 4
74 6
706 4
416 1
277 5
136 3
303 5
333 2
646 1
21 3
285 3
693 1
70 4
147 3
12 3
438 6
405 3
761 2
682 1
687 3
509 3
84 3
518 1
497 2
594 3
424 5
549 1
441 3
24 4
189 3
258 2
361 5
692 5
626 1
413 2
185 5
276 3
493 3
218 2
516 3
746 2
547 7
471 1
642 3
580 1
152 3
454 4
206 4
337 2
168 1
519 1
544 4
211 3
739 1
331 5
142 3
568 1
537 3
795 3
517 2
284 2
663 4
163 2
300 3
714 2
313 2
37 1
289 3
230 4
316 1
606 2
98 4
528 6
10 2
708 3
662 2
14 4
458 3
715 2
329 3
733 5
457 3
686 3
496 4
596 5
647 2
445 4
683 2
216 5
749 2
774 3
59 2
584 2
619 4
192 2
460 3
213 4
713 3
159 4
729 2
785 1
82 1
535 2
132 1
711 3
176 1
181 3
36 2
618 3
669 2
150 4
625 3
345 3
35 3
404 3
30 2
1 4
450 2
335 4
480 4
227 1
756 2
504 3
280 3
512 3
657 2
294 2
427 2
586 2
75 1
286 4
232 3
583 3
576 3
659 3
514 1
399 3
598 7
499 5
5 2
117 4
148 1
697 4
417 3
704 3
520 4
526 2
349 3
730 4
591 5
207 3
555 1
638 4
226 2
383 2
449 3
27 3
377 3
53 2
678 1
134 1
389 2
592 1
210 4
443 2
233 2
430 1
760 1
366 4
572 4
20 4
15 6
104 2
110 2
9 3
259 6
397 1
170 1
557 3
18 4
685 2
58 1
635 2
215 2
724 3
275 1
372 5
248 2
431 5
101 2
495 2
529 3
301 2
71 2
641 3
794 3
73 2
334 3
108 2
434 3
796 3
391 3
766 1
559 1
318 3
162 2
151 3
94 2
149 3
201 2
325 3
260 2
191 4
86 4
666 3
769 1
765 3
617 2
339 3
560 4
182 3
60 1
63 3
664 2
23 3
344 1
758 2
633 1
166 1
590 2
721 1
481 2
522 2
290 3
299 2
126 3
656 2
236 1
33 2
106 1
402 2
770 1
408 2
143 2
786 1
29 1
113 5
139 3
317 2
433 3
395 2
655 2
566 2
129 2
429 2
787 3
567 4
231 3
252 2
109 1
234 2
674 3
634 3
475 3
312 2
531 1
489 1
473 1
315 1
69 3
789 2
599 2
681 4
327 2
326 3
382 3
154 1
636 1
553 1
251 5
140 4
554 1
575 2
267 2
485 2
754 3
779 2
410 4
624 2
472 1
747 2
562 4
311 1
394 3
255 2
307 1
52 2
605 4
722 3
308 1
199 2
436 3
229 6
279 4
461 3
238 4
120 3
274 2
533 4
609 1
115 1
65 2
133 4
266 6
85 3
474 3
46 2
542 2
28 2
91 3
628 1
95 3
357 3
777 2
240 1
762 1
418 2
727 2
225 2
532 2
525 3
771 3
45 1
298 1
523 2
171 3
31 2
587 1
602 4
217 2
707 2
448 1
322 2
314 1
153 2
487 3
296 1
775 1
288 2
180 1
145 2
788 1
420 2
100 2
196 4
190 4
144 3
750 2
253 1
177 3
228 3
444 2
81 1
506 2
42 2
556 1
323 2
799 1
558 2
644 1
348 2
466 3
643 1
278 2
141 1
414 2
667 2
381 4
396 2
671 2
691 2
700 2
119 2
541 3
57 3
195 2
478 3
658 2
127 1
463 1
505 3
752 1
615 1
748 1
76 1
302 3
793 2
561 3
508 2
648 4
455 1
680 1
365 2
99 3
423 1
293 1
387 1
470 2
392 1
621 1
282 1
772 3
359 1
363 2
341 1
710 1
490 1
668 1
358 1
8 2
759 1
135 1
360 2
242 2
332 2
600 1
137 1
188 2
488 2
452 2
513 1
194 1
551 1
610 1
570 2
160 1
467 1
465 1
484 1
589 1
665 1
699 2
741 1
50 1
244 1
511 1
146 2
272 1
540 1
550 1
612 1
660 1
608 2
616 1
283 2
105 1
379 1
156 1
482 1
61 1
203 1
352 1
763 1
702 1
462 1
125 1
player: 2 Competitive
29 4
10 2
202 1
701 4
50 1
625 6
672 3
142 7
84 5
757 2
329 3
766 3
652 4
91 3
89 2
207 1
133 3
708 5
370 4
254 4
246 2
274 6
99 5
33 5
223 3
185 2
39 3
123 6
574 4
121 5
417 3
681 7
539 4
186 4
446 2
360 6
780 4
450 4
391 3
523 4
678 6
42 2
514 2
676 5
537 5
662 4
547 4
112 5
472 4
373 5
581 1
404 4
138 6
685 2
276 2
649 3
9 2
368 4
159 3
86 2
515 4
605 5
20 2
526 4
778 2
4 3
771 4
69 4
199 2
263 1
366 4
232 4
463 7
513 2
205 2
658 3
92 3
408 4
541 1
80 2
21 2
183 3
789 4
728 2
181 2
340 2
3 2
441 5
281 8
392 4
506 2
600 3
343 2
197 5
684 1
517 5
531 5
381 3
95 3
718 6
670 2
169 8
768 2
165 7
375 2
656 1
459 2
19 2
719 2
738 2
525 5
201 5
198 2
15 3
709 1
416 2
716 5
518 2
611 3
277 3
507 3
242 3
110 5
5 2
401 6
53 2
535 2
289 3
688 2
216 7
279 7
455 6
730 2
437 1
231 5
590 2
797 1
301 8
430 1
543 5
275 1
320 4
790 2
314 2
599 5
454 5
296 3
691 2
315 3
68 5
449 2
704 2
633 3
249 4
184 2
299 2
694 2
76 4
594 2
193 2
478 5
615 1
567 3
188 2
88 4
421 5
468 2
760 4
412 3
61 3
607 3
546 3
161 4
679 3
563 1
346 2
739 6
661 1
325 3
641 2
397 2
722 2
492 2
569 3
495 3
291 3
280 1
761 3
798 4
395 4
94 3
167 5
741 3
456 4
251 3
620 4
550 3
638 2
533 2
510 4
225 4
729 5
457 3
400 3
214 3
710 3
358 4
179 3
206 1
527 3
787 3
624 3
435 4
677 6
126 3
520 3
35 4
38 2
689 2
669 2
131 3
100 5
580 2
489 3
618 3
330 1
795 1
501 4
693 5
424 3
149 3
759 3
262 4
354 3
143 4
14 2
494 3
359 2
544 5
265 4
488 3
788 4
345 5
49 4
93 2
648 4
166 3
561 6
285 4
434 5
552 1
466 4
484 2
298 3
697 2
470 3
559 3
725 4
297 2
443 1
71 5
439 3
529 6
283 6
1 3
680 2
496 2
114 4
524 2
192 2
78 7
77 1
357 5
460 3
744 2
601 4
742 1
204 3
585 2
154 2
47 4
158 3
473 3
300 3
673 1
260 3
586 3
791 2
650 3
244 2
746 5
793 4
135 3
575 3
336 2
536 4
521 3
591 6
295 3
705 1
43 3
348 2
318 2
153 2
253 4
32 1
657 2
486 2
767 1
608 3
60 2
16 5
794 3
151 1
747 2
571 3
72 4
155 5
565 5
783 3
654 3
56 3
414 2
81 3
504 3
786 1
639 3
595 5
583 2
328 3
34 4
418 3
221 3
58 1
667 5
403 2
628 3
352 6
715 2
23 2
293 4
211 3
286 4
509 2
125 3
436 2
303 5
476 1
41 1
621 1
748 3
36 3
596 3
660 2
452 6
604 6
273 3
477 5
97 4
226 1
469 6
655 1
497 3
208 3
40 4
423 2
65 4
411 2
755 7
399 1
534 4
259 5
222 3
686 3
356 2
224 3
261 5
502 2
321 2
610 4
304 2
157 1
479 3
720 2
271 4
339 1
311 4
108 2
152 2
598 1
24 1
160 2
196 2
764 4
471 3
106 2
647 3
577 3
338 4
337 6
422 2
27 2
634 5
127 2
702 3
18 5
775 3
700 2
195 3
90 3
180 3
235 6
721 2
637 2
124 3
118 2
785 5
743 4
290 4
415 2
752 3
355 2
233 3
683 2
512 3
589 1
707 2
194 2
37 4
342 4
146 4
75 2
25 4
458 3
733 2
614 3
573 2
335 3
687 3
644 1
453 3
617 3
597 5
737 1
579 3
164 4
749 2
602 1
213 2
482 2
665 4
243 3
113 2
763 2
553 4
481 1
493 2
629 1
361 5
619 2
734 2
319 1
566 3
128 2
162 3
386 3
528 3
549 5
237 2
551 1
394 4
227 3
714 4
732 2
257 2
228 4
393 2
150 4
560 3
474 2
724 1
542 2
44 3
695 2
389 3
405 2
379 5
731 1
129 1
130 5
505 1
378 2
792 2
344 1
234 3
578 3
54 2
284 4
769 4
451 3
491 1
640 3
587 3
210 3
140 7
427 1
240 1
252 2
111 4
367 2
178 3
239 4
593 1
429 1
464 2
369 3
623 2
548 2
264 2
278 4
288 3
287 3
168 1
447 1
448 4
30 3
776 1
132 4
376 3
538 2
663 2
642 2
8 4
229 2
674 4
556 3
363 2
690 2
374 1
139 3
109 2
145 1
402 4
28 1
83 1
347 3
98 1
57 2
334 2
503 1
104 1
13 5
735 2
519 2
187 3
773 2
540 1
570 2
333 1
117 3
428 3
52 2
11 2
220 1
645 4
703 1
508 3
682 1
558 1
175 2
101 2
26 2
522 2
713 2
440 2
554 2
238 1
22 4
782 3
445 2
432 2
136 2
462 2
475 3
666 2
756 3
190 1
62 1
31 1
699 3
258 2
59 2
664 1
266 3
45 2
483 2
632 2
398 3
612 2
362 4
651 2
758 1
120 3
282 3
313 2
48 1
588 1
292 1
467 1
173 3
247 1
592 3
171 1
568 4
564 3
726 4
248 1
576 3
272 3
653 2
115 1
380 3
613 2
134 3
67 3
770 2
331 2
79 1
779 3
765 2
122 3
267 1
750 3
606 1
762 1
426 1
784 1
2 3
305 3
480 2
302 1
696 1
66 2
365 2
409 2
584 1
487 1
796 3
87 2
172 2
382 1
740 3
144 1
324 2
177 2
270 2
636 1
268 1
377 2
384 1
250 2
200 3
659 2
498 1
433 1
317 2
46 1
212 2
717 1
119 1
215 1
646 2
572 1
499 2
635 1
774 3
17 1
105 2
182 2
557 3
626 2
712 2
671 4
323 2
230 2
255 2
754 1
351 1
371 1
461 1
236 1
341 1
562 1
622 1
176 2
73 1
372 1
219 1
310 2
107 1
74 1
490 1
387 2
465 1
245 1
736 1
85 2
63 2
385 2
156 2
82 2
631 1
532 1
309 1
781 1
485 1
174 3
500 2
603 1
419 2
294 1
431 1
203 1
698 1
772 1
217 1
609 1
706 1
727 1
396 1
327 1
349 1
545 1
163 1
51 1
player: 1 Competitive
750 2
440 3
183 3
773 3
727 1
624 2
190 3
586 3
781 1
655 6
157 4
164 4
735 6
739 2
657 3
690 4
472 2
740 2
207 1
309 4
697 4
180 4
113 3
29 4
634 4
513 2
67 2
374 8
589 3
426 3
650 3
143 4
584 3
258 1
756 2
153 4
181 2
448 5
254 4
275 1
363 5
701 4
681 3
217 4
546 2
669 3
673 2
493 5
481 6
196 3
508 4
17 2
107 2
604 2
628 1
587 6
88 1
76 2
351 4
165 3
478 2
687 1
122 4
83 4
438 4
112 4
291 6
104 5
780 3
560 6
542 4
623 2
337 3
259 4
452 3
562 5
641 6
424 3
276 3
459 3
170 2
318 2
474 2
763 4
179 4
34 5
111 2
208 3
411 4
131 5
256 3
488 1
566 5
499 4
718 1
453 6
293 3
370 3
205 4
214 4
667 2
585 2
725 5
366 6
38 3
695 7
533 6
790 1
476 3
736 2
435 3
150 7
552 6
792 5
140 4
49 4
744 3
212 3
89 3
354 4
415 3
139 5
788 7
35 2
250 4
278 7
261 3
580 4
334 1
292 5
295 3
384 3
519 5
494 5
507 2
745 4
82 4
248 2
726 2
470 2
797 2
135 2
714 4
569 2
241 1
505 3
319 4
445 5
489 1
356 6
710 6
294 2
593 6
115 5
555 4
185 1
342 3
274 3
154 3
397 2
799 3
245 4
313 2
527 1
335 1
538 2
120 1
601 2
708 6
774 7
439 5
541 2
716 1
330 1
79 5
717 2
287 2
395 5
635 2
612 3
23 5
619 7
53 2
102 3
791 1
442 5
537 7
36 5
487 6
228 1
85 3
101 3
2 4
386 1
134 4
288 4
246 4
721 4
191 2
253 3
416 4
644 4
239 4
380 2
317 5
642 4
668 4
630 3
226 5
235 4
30 3
310 2
108 4
22 5
168 2
734 1
793 5
95 2
129 4
577 5
26 2
159 2
24 5
671 3
273 2
437 4
610 6
592 2
524 3
184 3
602 2
117 7
362 2
625 3
557 1
299 2
92 5
137 4
663 2
125 5
535 6
62 3
325 7
138 4
16 5
5 4
364 3
296 2
84 2
403 4
598 2
752 5
433 3
198 3
394 5
90 3
123 3
631 2
31 2
146 4
534 2
728 2
733 1
399 4
749 1
406 2
786 4
760 3
723 2
563 3
649 3
216 2
339 3
109 2
232 2
219 3
765 5
263 4
45 5
234 2
58 3
776 4
694 1
492 2
255 6
343 4
518 1
532 4
685 2
360 3
57 2
163 2
475 3
599 3
237 1
732 2
410 6
243 1
654 3
182 2
369 4
392 3
11 3
540 4
32 4
33 1
388 1
479 2
303 3
21 2
622 2
142 2
674 2
4 5
496 4
132 3
96 1
567 2
770 3
679 5
48 9
297 1
50 4
37 4
645 4
206 3
450 2
432 2
692 2
327 2
176 3
581 3
147 1
14 3
100 3
458 4
46 3
348 3
385 6
333 3
675 2
778 2
43 3
201 2
766 3
421 3
556 2
61 1
420 2
517 5
160 2
285 4
332 3
220 2
195 2
172 4
70 2
713 1
652 2
141 2
320 3
28 4
782 4
175 3
121 2
436 2
648 1
707 2
638 2
660 4
355 3
515 1
511 3
352 2
636 3
724 3
676 3
498 4
316 1
52 3
60 2
703 3
595 7
509 3
136 4
87 4
613 3
322 4
222 4
482 2
91 4
747 2
302 1
209 2
305 2
500 3
447 2
307 3
94 6
741 2
600 3
528 3
221 3
171 5
665 1
118 1
306 1
430 4
162 2
119 5
758 2
783 2
283 1
578 2
700 2
194 4
240 2
54 3
167 2
210 1
329 2
116 4
78 2
702 1
751 4
497 2
126 3
672 2
544 4
51 3
10 4
6 1
12 2
570 2
200 3
588 2
359 2
264 3
523 1
483 5
510 3
743 2
455 1
678 1
471 2
422 1
321 3
298 1
467 1
257 2
280 3
594 3
346 2
755 1
603 3
408 1
772 4
683 3
706 2
227 2
477 3
605 3
204 3
42 4
272 2
591 2
639 2
454 3
144 3
501 2
9 1
643 3
65 1
768 3
746 5
576 2
407 2
328 3
224 4
269 1
284 1
379 3
192 5
13 1
15 4
431 4
242 1
696 4
312 2
526 1
267 2
414 3
775 1
689 4
59 2
748 1
661 2
796 2
731 1
621 2
44 2
658 2
64 3
659 3
252 1
473 1
441 1
271 2
647 3
704 4
244 1
633 10
56 3
166 1
784 2
86 3
340 3
682 1
402 2
627 4
597 2
326 2
391 3
757 3
503 2
606 2
425 3
686 4
573 2
777 3
559 4
468 3
711 1
353 1
565 4
536 3
382 1
238 4
290 2
794 1
767 2
277 2
558 3
389 2
375 3
105 2
247 2
456 3
231 3
554 2
225 2
525 3
40 3
74 2
365 4
469 2
98 2
77 6
666 2
393 3
372 1
646 3
55 1
72 2
161 2
795 2
223 2
626 3
662 4
331 1
381 1
653 2
341 4
787 2
434 1
443 2
69 1
173 1
495 2
691 4
568 1
530 3
547 2
545 1
520 1
358 3
401 2
229 1
550 3
199 1
187 2
174 3
620 1
80 2
614 1
336 2
383 1
357 2
449 3
400 2
8 2
764 4
387 1
169 1
551 4
571 2
548 2
464 3
308 4
798 2
463 1
742 1
289 1
218 3
279 5
18 3
485 2
462 1
99 2
262 1
127 2
149 1
738 3
490 1
789 1
521 3
429 3
465 2
417 2
484 2
130 2
446 1
215 3
404 1
629 1
300 2
249 2
684 1
444 3
737 2
145 1
531 3
213 3
281 2
583 1
680 1
324 1
260 1
698 2
265 2
124 3
460 1
651 2
156 2
148 1
202 2
582 2
617 1
377 2
729 3
677 1
418 2
529 2
376 3
730 1
502 2
553 1
761 2
189 3
193 1
486 1
688 3
398 3
512 1
338 1
670 1
315 3
270 1
103 2
428 2
25 3
609 1
344 2
457 1
762 1
152 1
419 2
3 3
186 1
133 3
158 2
480 1
405 1
73 2
616 2
110 2
282 1
97 3
561 4
39 1
543 1
211 1
719 2
720 2
230 2
656 1
63 1
771 2
607 1
106 1
197 1
19 3
779 2
572 1
705 1
461 1
522 1
68 1
41 1
491 1
188 2
423 1
451 1
712 1
590 1
596 1
769 1
693 1
151 1
20 1
396 1
47 1
722 1
268 1
516 2
664 1
378 1
304 1
203 1
314 1
575 1
611 1
player: 0 Competitive
320 2
413 4
500 3
504 4
712 3
738 2
767 2
13 3
495 4
660 6
1 5
137 3
214 4
671 2
779 6
287 3
256 8
175 6
414 6
240 6
439 6
248 2
374 5
637 3
373 6
165 2
399 2
105 5
206 4
196 5
421 3
238 2
76 3
470 3
573 6
718 2
84 3
85 2
674 1
681 4
160 3
226 1
497 5
106 2
512 4
515 1
212 4
235 2
230 1
255 4
133 4
6 5
276 6
146 5
294 2
121 3
624 6
311 2
588 3
537 4
170 7
359 2
477 4
194 4
532 7
646 1
183 2
51 1
487 5
551 4
650 3
778 4
2 1
751 2
324 3
117 1
355 6
339 4
799 2
210 2
506 4
113 1
404 2
543 3
445 2
728 3
4 3
697 4
348 2
90 4
452 2
263 4
328 2
427 3
689 2
335 6
541 2
491 1
273 4
788 2
575 1
499 3
694 2
397 2
231 1
562 2
184 5
299 4
129 2
362 2
247 2
168 3
708 3
40 7
31 2
621 5
536 4
314 3
580 1
576 5
104 3
521 6
587 3
272 4
741 6
63 4
257 4
45 1
69 3
529 3
166 2
5 2
488 3
37 2
710 3
653 6
752 4
333 2
441 6
79 4
579 4
176 3
627 2
285 3
207 2
358 3
556 4
642 2
721 4
649 2
651 1
344 1
735 2
80 5
403 3
432 4
607 4
345 2
418 2
411 2
561 2
524 3
595 2
390 2
215 5
329 3
308 4
749 3
251 2
18 4
720 2
29 2
159 4
102 3
559 3
614 5
699 5
501 3
474 3
775 2
789 4
286 2
195 3
169 2
16 1
341 2
367 3
429 4
221 2
765 3
409 1
417 2
564 4
366 3
737 4
665 5
724 2
363 3
565 3
596 2
585 6
780 2
686 4
583 2
468 4
518 1
190 2
766 1
191 3
619 7
412 4
21 3
394 3
304 5
72 8
402 3
337 2
154 4
640 3
78 2
150 5
508 6
115 3
465 6
103 4
401 3
100 2
292 6
589 4
180 1
744 4
792 3
321 1
786 2
264 4
297 1
262 3
268 2
350 3
611 2
727 4
132 1
476 3
301 2
68 4
683 5
419 4
124 5
740 3
375 3
467 5
135 4
544 1
223 2
116 1
608 4
516 3
35 3
369 1
405 1
577 3
498 4
46 2
730 3
293 2
592 5
156 2
755 3
781 4
785 6
114 6
633 2
88 4
513 3
714 3
270 2
332 3
101 2
109 4
141 5
716 1
243 1
56 2
456 2
787 2
213 3
20 1
554 3
157 5
471 2
298 1
302 1
489 1
550 2
478 4
795 3
666 4
310 1
643 1
408 2
431 1
713 5
33 6
153 6
290 2
502 3
380 2
623 2
174 5
530 1
783 5
152 2
444 4
657 3
736 2
364 5
702 2
725 2
315 5
568 2
655 3
638 4
123 1
9 2
703 2
218 2
269 1
377 4
313 3
244 2
267 1
648 1
450 7
754 3
343 3
505 5
77 1
604 2
433 3
522 4
680 3
371 3
447 3
566 9
347 2
393 4
203 1
453 3
676 4
484 3
178 2
668 4
62 7
44 7
793 5
698 5
454 3
700 2
147 2
557 1
66 3
584 2
494 3
181 2
200 2
768 3
510 3
386 2
678 1
177 5
95 3
242 4
667 1
457 2
258 2
134 6
227 2
225 3
656 2
22 2
451 1
704 4
609 5
601 2
155 4
406 3
162 4
296 7
145 2
670 2
652 2
687 2
772 2
757 2
284 1
739 4
392 5
318 3
224 3
620 2
188 3
143 3
511 5
533 3
591 5
746 2
136 2
460 1
389 2
234 4
769 1
372 2
65 4
480 3
94 3
120 5
673 1
682 3
763 2
67 2
307 1
635 5
107 2
383 1
613 2
260 5
784 2
519 3
24 4
458 2
83 1
726 5
130 6
625 2
381 6
199 4
326 4
600 4
98 4
42 1
55 2
395 2
449 2
360 1
436 3
555 3
43 2
400 2
548 3
164 3
647 2
475 2
535 4
111 4
628 1
10 4
52 4
346 6
481 3
794 3
125 1
7 2
127 3
603 2
228 3
639 4
140 2
319 1
187 5
526 1
144 1
482 4
709 1
634 3
773 3
479 1
139 4
19 2
327 2
572 2
546 1
679 2
197 3
490 2
61 4
34 3
641 4
216 2
357 2
209 2
525 1
64 4
41 4
610 3
748 3
378 3
571 2
538 2
705 3
112 2
368 5
279 2
733 1
388 3
492 2
602 3
542 4
173 1
582 2
30 2
760 5
351 6
49 7
742 1
552 3
590 3
574 3
747 5
274 3
305 3
75 1
701 3
201 2
539 2
278 3
630 2
597 3
14 4
295 2
743 1
323 1
688 3
717 4
283 2
463 2
233 1
696 4
232 2
245 2
581 3
148 1
167 3
259 6
11 1
365 2
798 2
616 4
50 1
507 1
691 3
249 2
435 4
239 5
586 3
59 2
338 3
622 2
527 1
57 1
426 2
122 2
472 2
211 2
425 1
340 1
493 4
503 2
761 3
547 3
60 3
119 1
110 6
534 2
771 4
430 1
711 4
192 1
23 2
685 2
617 2
469 1
514 2
334 2
252 3
151 3
82 2
774 2
684 3
594 3
353 1
266 1
336 1
692 2
599 2
437 2
281 4
440 2
27 3
672 1
732 2
54 2
446 3
217 3
91 1
317 1
219 2
423 4
598 4
142 1
376 2
563 2
549 1
108 3
220 3
128 2
15 2
396 3
448 3
352 5
776 2
89 3
645 1
545 3
271 2
593 2
39 3
723 2
17 1
612 1
722 2
415 2
654 4
758 2
398 2
523 2
520 1
70 3
131 1
99 1
282 1
8 1
443 1
205 1
455 4
379 2
570 3
58 1
644 1
342 2
756 5
569 2
74 2
277 2
416 1
438 1
459 1
193 1
782 2
385 1
325 1
791 2
466 2
626 3
560 2
280 1
28 1
118 1
38 1
796 2
185 2
93 1
605 3
86 2
92 1
300 3
387 1
250 1
163 1
361 1
753 2
391 1
462 1
303 1
434 1
407 3
664 1
483 1
189 1
632 1
509 2
309 1
149 1
25 1
253 1
618 1
182 1
695 1
578 1
222 3
208 1
661 3
797 2
428 1
312 1
496 2
731 1
306 1
171 1
349 1
241 1
384 1
675 1
486 1
615 1
275 1
424 1
179 1
422 1
528 1
382 2
48 1
47 1
729 2
138 2
658 1
745 1
291 1
87 1
540 1
631 1
3 1
464 1
663 1
790 1
254 1
246 1
567 1
354 1
player: 3 Competitive
2 7
431 6
150 5
170 4
636 3
313 3
111 3
397 2
356 6
110 2
421 5
726 4
126 5
318 6
14 4
273 3
505 4
405 5
30 6
304 3
104 1
688 3
701 2
113 2
180 3
470 2
599 6
614 2
415 2
413 2
443 5
49 3
611 1
496 3
365 2
275 3
519 2
94 2
341 3
772 4
491 4
596 3
676 2
257 4
791 4
538 2
403 6
308 5
768 5
33 3
380 4
216 5
518 6
372 4
536 3
747 1
686 2
173 4
261 5
6 1
734 3
320 3
122 3
73 3
236 3
262 2
21 6
307 2
195 5
411 2
149 6
347 4
750 3
587 2
799 5
452 3
615 7
471 5
497 1
537 1
28 2
685 4
349 2
445 2
67 2
146 1
775 5
193 2
264 4
134 1
224 6
787 3
722 3
740 1
87 2
109 6
322 2
181 4
265 3
595 2
178 5
476 3
13 4
34 4
203 2
402 1
56 3
672 10
352 4
239 4
235 2
398 4
230 3
499 2
324 3
783 4
297 3
225 2
303 2
551 4
186 3
106 4
673 5
767 2
572 5
782 2
678 3
552 4
112 2
647 5
618 2
412 6
89 4
501 4
746 3
561 2
444 3
12 1
765 3
679 4
233 2
114 3
217 5
780 6
741 3
276 3
123 3
274 2
252 3
212 2
576 1
386 3
42 2
306 3
387 3
272 3
259 3
727 2
80 4
368 2
360 4
410 4
190 4
105 3
88 4
530 1
668 3
72 5
466 6
90 1
277 3
188 2
333 3
294 3
137 2
593 4
400 2
594 2
771 2
351 5
136 2
221 4
394 4
39 3
492 3
342 4
345 4
171 5
544 4
246 2
409 4
379 3
254 3
637 2
588 4
47 2
502 1
383 1
662 5
278 2
227 2
462 3
127 5
507 2
75 3
753 4
541 2
545 5
153 2
696 2
708 3
103 2
98 3
697 2
95 1
369 2
191 2
54 2
344 5
474 8
108 2
683 4
354 1
570 3
41 5
795 2
680 4
786 5
107 3
655 3
478 2
364 4
46 2
162 3
334 7
432 1
602 5
11 4
61 1
192 5
251 3
769 2
177 3
404 6
309 2
442 3
327 4
620 2
446 3
68 5
83 3
577 4
271 2
539 4
132 1
755 1
326 1
486 4
336 4
129 6
554 2
147 2
358 3
290 5
523 4
374 3
155 1
237 3
172 3
582 3
778 4
367 6
638 2
7 3
298 5
208 3
628 1
270 1
712 6
279 7
292 4
26 4
687 4
675 6
707 4
664 4
282 3
198 4
4 1
8 3
377 2
591 3
187 4
301 1
761 2
392 2
182 3
433 3
79 1
751 5
509 3
717 5
361 3
621 4
461 4
526 4
785 2
692 2
423 3
743 1
117 3
223 2
317 5
243 3
355 5
130 4
71 5
120 2
533 2
659 4
287 2
691 6
560 3
140 5
175 3
201 3
323 2
139 4
440 3
453 4
45 4
567 4
228 3
644 3
468 3
163 5
185 4
353 1
24 5
703 1
115 3
758 3
640 5
281 1
197 1
590 5
359 4
247 4
118 3
607 2
729 2
102 1
547 1
373 5
650 3
232 1
145 1
92 3
167 5
472 2
661 3
240 1
550 2
506 4
418 2
5 2
438 5
625 4
475 6
399 3
529 3
682 2
592 2
48 4
10 5
142 3
622 4
222 3
340 5
19 2
169 10
744 2
731 3
754 1
426 2
794 2
756 4
388 2
99 2
395 1
168 1
189 2
204 3
144 2
604 2
651 2
205 4
218 2
619 3
477 2
448 3
657 2
165 2
302 3
131 1
695 2
487 2
684 1
128 2
258 3
481 2
573 2
269 2
733 4
332 3
200 2
724 3
674 1
762 3
516 3
25 1
384 2
35 2
69 2
623 1
605 3
362 3
407 1
633 1
350 2
64 2
790 5
81 1
96 2
293 3
500 1
586 2
316 2
154 2
209 6
37 4
709 3
617 3
74 2
434 3
375 1
70 2
458 4
670 2
85 4
660 3
654 2
27 2
289 7
455 6
652 1
244 3
260 4
330 1
632 2
133 4
493 2
469 3
540 3
485 3
460 2
583 2
513 3
211 4
371 2
736 3
436 1
366 3
296 4
562 2
579 2
378 1
796 2
630 1
357 5
642 3
66 2
449 2
757 2
248 3
699 1
390 3
557 2
160 5
207 3
732 2
716 1
508 3
781 4
735 1
91 1
792 2
585 1
100 3
220 2
135 2
62 5
210 4
76 2
363 3
439 2
520 2
721 2
53 2
555 3
370 2
215 1
417 3
578 5
157 2
20 1
467 2
484 3
337 2
581 2
82 2
164 4
174 3
325 1
714 3
784 3
242 1
55 3
713 4
305 2
589 3
764 4
50 2
738 2
528 2
285 3
658 2
93 4
627 2
206 3
59 3
312 2
669 4
718 2
789 1
393 3
702 2
249 1
797 2
479 2
556 2
430 2
494 3
463 3
774 1
253 1
694 4
424 2
631 5
639 2
776 2
416 2
284 1
422 2
571 1
482 2
159 3
609 3
524 3
454 2
665 2
29 2
730 5
745 1
548 4
376 3
649 2
314 2
396 1
348 1
521 1
250 3
183 2
229 3
381 2
480 2
143 2
752 3
335 2
77 1
86 1
532 3
401 2
414 2
179 4
286 3
43 2
441 2
63 3
16 1
196 4
3 2
641 1
329 2
653 2
15 2
535 3
525 2
291 4
522 2
161 4
447 3
704 2
319 2
234 2
575 3
457 2
648 2
23 2
693 2
667 1
57 3
121 1
515 2
725 1
256 1
295 2
511 1
300 3
748 2
202 1
328 1
793 1
749 2
310 1
226 3
78 2
706 2
677 1
710 2
419 1
385 2
241 3
742 1
459 2
705 1
97 1
634 2
280 1
119 1
629 1
737 1
315 4
22 1
760 2
503 1
382 1
65 5
566 2
584 1
31 1
391 2
788 1
17 2
84 1
597 3
406 1
565 1
490 2
766 1
450 3
635 1
698 2
616 1
451 1
214 1
199 2
671 2
739 1
549 2
534 1
612 1
531 3
125 1
338 1
473 2
568 1
437 1
36 1
798 3
427 3
124 2
299 1
263 1
514 3
527 1
152 1
9 2
425 1
456 1
245 1
689 1
339 3
464 1
331 4
645 2
681 1
559 1
510 2
408 2
18 1
389 1
663 2
489 2
598 1
1 3
773 1
238 1
624 1
563 1
626 1
711 1
553 1
700 1
60 2
608 1
488 1
156 2
495 1
564 1
543 1
184 1
435 1
728 1
512 1
666 1
213 1
194 1
116 1
763 1
151 1
311 1
rank player: 5 Competitive
9 158
11 173
10 169
5 158
6 162
3 175
7 166
8 186
4 158
12 150
2 184
1 161
rank player: 11 Competitive
6 157
10 165
8 154
4 186
7 182
9 157
11 171
2 159
3 178
5 182
1 152
12 157
rank player: 6 Competitive
12 178
4 197
1 155
2 186
8 155
7 149
11 186
6 170
10 157
5 152
3 165
9 150
rank player: 7 Competitive
8 168
3 156
9 173
10 183
6 154
7 165
1 168
5 173
4 159
11 167
2 170
12 164
rank player: 9 Competitive
10 151
12 168
3 157
2 158
7 164
1 179
4 174
5 167
8 158
6 174
9 186
11 164
rank player: 8 Competitive
4 162
7 159
5 167
6 184
3 165
8 176
1 166
10 168
11 172
2 156
12 156
9 169
rank player: 4 Competitive
7 166
5 184
11 163
10 181
8 181
6 162
3 152
1 162
12 159
9 156
2 167
4 167
rank player: 10 Competitive
3 138
2 158
6 177
7 174
8 152
4 149
9 165
11 157
12 176
1 185
5 179
10 190
rank player: 2 Competitive
2 160
1 166
4 181
11 158
7 178
10 154
3 183
12 169
8 179
5 140
9 183
6 149
rank player: 1 Competitive
11 161
9 156
3 161
12 182
10 168
8 165
5 152
2 185
1 179
7 152
6 168
4 171
rank player: 0 Competitive
5 165
6 178
7 165
8 164
9 187
12 166
2 152
1 159
3 178
11 171
10 162
4 153
rank player: 3 Competitive
1 168
8 162
2 165
4 143
11 157
5 181
6 165
10 152
7 180
12 175
3 192
9 160
