player: 4 Altruist
547 1
760 3
519 2
518 4
357 2
28 6
102 5
551 3
420 4
739 2
474 2
161 2
78 3
577 4
451 3
186 5
428 5
157 5
757 3
416 5
627 3
511 2
238 4
324 3
691 2
300 3
658 3
250 2
252 4
85 4
3 6
243 2
788 3
526 2
45 2
297 5
67 3
176 4
241 5
410 5
533 3
502 3
227 3
185 6
785 2
548 4
360 2
178 3
704 3
373 4
771 3
464 4
213 2
405 3
441 3
701 3
634 3
782 4
668 5
715 5
612 4
318 1
81 2
423 6
51 6
150 4
353 1
727 4
468 2
794 2
631 5
342 5
110 4
63 4
169 5
780 1
321 3
595 5
549 4
594 7
643 1
275 2
40 6
444 2
417 3
346 3
231 4
57 4
556 3
278 4
132 5
261 1
399 3
407 2
118 3
72 1
236 4
190 4
283 4
743 1
411 7
795 3
254 8
149 3
425 4
626 2
470 6
740 3
728 6
753 3
558 3
214 6
240 1
711 2
431 2
380 2
746 2
536 1
563 5
312 1
100 4
12 3
684 4
56 5
233 4
517 4
471 5
111 4
756 1
338 2
776 5
680 2
742 4
475 2
449 4
292 2
268 3
382 6
265 8
228 1
566 3
103 6
597 4
619 5
108 3
203 2
386 1
759 3
492 2
242 5
224 2
162 4
389 3
17 7
490 3
589 2
459 2
86 5
128 3
799 2
764 3
781 4
575 2
439 5
345 1
364 4
93 2
504 2
115 4
413 3
235 1
96 6
188 7
145 3
674 6
264 5
573 1
305 2
41 2
447 4
602 4
702 1
367 2
796 2
654 1
690 2
559 2
463 7
232 3
247 2
270 4
48 3
245 3
385 4
347 3
572 4
101 8
569 3
663 5
302 2
408 3
215 6
196 2
581 4
75 4
285 3
127 2
553 2
246 4
47 2
222 5
700 3
455 1
316 3
418 7
438 3
768 4
484 4
363 7
43 4
435 4
329 1
699 3
205 3
623 1
52 3
170 4
76 1
478 2
229 2
320 2
202 3
277 4
552 5
790 2
335 3
797 4
500 3
89 4
730 1
8 2
443 3
165 1
629 2
576 6
625 3
585 3
37 3
544 4
29 2
528 2
256 2
514 2
493 6
74 2
655 1
308 2
683 3
506 5
406 2
356 1
769 3
378 1
208 4
142 6
164 4
618 2
217 4
703 3
114 2
390 4
523 3
687 5
192 4
365 1
260 5
542 2
126 2
554 3
646 4
143 4
793 2
372 3
498 5
434 4
266 5
582 3
465 5
59 4
445 2
419 2
391 3
527 6
244 1
476 2
565 3
166 2
129 3
374 6
651 3
138 2
529 4
473 3
134 2
154 4
31 4
189 2
107 3
462 4
79 2
747 2
351 2
155 4
200 3
446 4
259 4
99 5
135 4
770 6
608 4
146 3
469 1
298 4
673 2
113 3
525 1
251 1
287 1
628 1
591 4
630 3
583 1
522 1
211 4
482 4
394 3
453 3
339 4
98 1
622 3
296 4
609 1
659 6
160 2
650 2
26 4
488 2
187 3
91 2
562 4
330 2
772 3
180 7
50 3
661 3
741 2
765 4
494 3
376 3
587 4
377 3
540 6
454 3
574 3
497 7
194 3
147 3
432 3
204 2
6 4
369 4
144 2
717 8
414 3
284 7
336 1
109 2
20 4
773 3
641 1
458 9
83 3
426 3
777 5
122 1
34 3
274 2
80 3
273 3
671 3
656 3
457 2
42 3
792 3
486 3
400 1
124 3
396 2
136 2
183 2
695 1
171 4
271 6
472 6
532 3
750 1
358 2
787 2
69 2
624 8
209 2
640 1
397 2
485 4
70 4
530 2
359 5
437 3
734 3
212 2
578 3
355 3
61 1
524 2
253 6
120 5
313 1
460 1
384 2
173 1
433 2
531 4
331 2
148 3
398 3
513 2
279 4
255 2
223 2
288 3
647 2
326 4
44 2
175 3
723 2
546 1
325 3
123 1
678 3
404 2
461 5
21 2
290 2
151 2
477 3
294 2
696 2
708 2
168 2
596 1
620 2
590 2
424 5
9 4
653 4
744 3
282 4
87 2
210 1
692 3
272 2
487 3
22 1
754 3
515 4
452 3
679 2
600 2
686 1
121 5
33 5
586 2
442 3
307 4
735 2
35 3
119 2
286 1
137 2
152 1
327 4
505 2
262 3
749 1
761 4
621 1
774 3
775 1
216 1
206 2
786 3
605 4
520 2
332 3
729 5
198 3
295 5
755 1
343 2
491 3
92 2
616 4
440 3
766 2
337 3
27 1
538 4
483 3
718 2
361 2
606 4
401 2
571 1
393 3
731 1
662 3
381 1
263 3
258 4
421 2
14 2
32 2
395 3
311 2
64 2
501 3
409 5
738 3
276 2
1 2
281 2
7 2
736 4
36 2
720 2
539 8
82 2
195 1
362 4
392 3
117 3
39 2
352 1
791 2
705 2
163 2
18 2
234 1
184 3
66 1
601 1
422 1
322 2
675 1
207 1
201 2
182 2
340 1
140 1
644 1
676 2
489 1
745 1
637 1
783 1
387 1
611 2
649 1
289 2
317 3
90 3
725 1
733 1
567 3
604 1
535 1
762 1
752 3
610 4
4 1
648 1
429 1
344 1
537 4
156 1
767 2
68 1
570 1
315 2
543 1
593 2
726 3
62 1
456 2
568 1
199 2
306 1
503 2
636 2
550 2
633 1
657 1
763 2
309 1
481 2
541 2
23 3
73 3
167 1
218 1
436 2
632 1
239 1
139 2
479 3
334 3
415 1
714 2
19 4
237 1
430 2
427 1
598 2
193 2
448 3
412 3
719 2
580 1
225 2
58 5
5 1
677 2
509 2
230 3
15 2
131 1
789 3
159 1
510 2
314 1
88 2
226 1
280 2
779 2
77 2
349 2
16 2
660 1
685 1
221 2
402 1
798 2
466 3
84 2
141 1
645 1
95 1
480 1
638 1
153 2
652 4
561 1
354 1
721 1
350 1
693 1
133 2
555 2
348 1
672 1
599 1
758 3
172 3
603 2
642 1
267 1
158 1
248 1
366 1
664 1
697 1
694 1
125 2
10 3
716 2
564 1
106 1
383 1
499 2
191 1
293 1
607 1
181 1
712 2
512 2
328 1
323 2
467 1
689 1
545 1
710 1
724 1
299 2
24 1
560 1
732 1
130 1
508 1
333 1
249 1
516 1
669 2
557 2
25 1
11 1
450 1
403 1
614 1
751 1
667 1
116 1
46 1
player: 5 Altruist
145 4
225 2
702 4
22 4
270 1
742 3
782 2
272 2
489 5
74 5
593 4
356 5
340 2
364 3
648 3
211 1
381 4
476 4
533 2
431 1
523 5
244 1
299 4
348 2
51 2
198 2
336 1
204 3
766 2
35 2
305 6
351 5
96 4
208 4
646 2
693 5
757 3
651 4
314 3
456 4
660 7
546 3
616 2
196 2
530 2
473 4
250 2
193 2
29 3
645 4
352 2
787 4
357 1
544 5
583 4
156 7
664 3
639 2
371 2
375 2
321 2
169 3
103 5
497 3
27 4
444 3
383 4
30 3
441 8
179 2
141 1
688 3
236 3
335 4
774 5
195 3
723 6
655 4
239 2
276 1
376 2
94 4
709 2
13 2
130 1
465 4
534 6
327 3
797 6
369 3
56 3
498 4
124 2
184 4
428 3
144 5
517 4
687 2
267 3
564 5
590 2
329 4
507 1
113 4
443 3
494 4
652 3
638 2
118 4
38 7
243 2
213 4
677 7
10 1
459 2
403 4
751 1
295 5
147 5
666 5
163 3
372 3
457 2
315 1
222 2
637 2
99 2
419 3
155 1
121 3
464 1
396 2
395 4
754 3
490 5
349 3
613 4
15 3
181 3
224 1
610 1
700 2
453 5
223 4
439 3
90 2
24 1
292 3
377 4
194 2
218 4
718 3
407 3
733 3
326 2
657 6
262 2
269 4
58 5
532 9
63 2
266 3
623 2
510 3
429 3
713 3
177 1
44 3
678 2
328 4
268 5
21 1
159 3
362 6
107 3
26 4
54 6
25 1
625 3
232 3
786 3
527 3
710 4
421 2
668 1
264 2
736 6
89 3
597 3
552 2
380 5
332 5
571 2
570 4
477 6
487 3
795 1
538 9
739 4
291 3
789 3
526 5
65 4
426 5
129 5
450 6
259 6
596 2
601 3
100 6
62 2
393 7
28 2
324 5
175 2
683 2
427 6
384 7
448 2
711 1
435 2
472 5
584 1
577 3
630 3
330 2
298 5
438 5
722 3
541 8
137 4
622 3
554 2
18 1
242 6
525 3
508 6
138 5
716 3
228 1
701 1
479 4
320 3
492 3
122 4
635 4
748 2
674 3
150 6
548 2
765 2
535 5
110 2
293 6
753 3
768 5
81 5
257 6
79 4
354 3
131 6
642 2
414 4
136 4
148 5
331 2
48 2
55 2
153 3
189 4
602 2
142 3
11 3
59 4
760 3
97 3
334 2
773 2
246 3
775 3
406 4
98 3
746 3
445 4
483 3
366 3
792 4
206 2
337 6
229 4
149 3
474 2
661 2
301 3
353 4
463 4
758 1
286 6
297 1
495 2
174 4
422 3
735 1
92 4
49 1
300 3
762 3
309 4
545 3
388 1
333 1
440 4
101 6
178 3
173 5
413 3
502 4
197 5
511 5
626 3
339 2
378 1
714 3
373 2
265 5
452 4
205 2
743 2
261 4
180 3
358 4
104 4
216 5
430 6
308 2
214 3
60 2
615 3
16 4
238 1
493 2
665 2
390 2
252 3
791 1
294 4
416 3
154 5
434 3
61 2
516 4
462 1
42 2
172 3
697 3
643 3
566 4
83 3
692 2
547 2
202 2
461 3
598 4
659 4
32 3
528 3
167 5
143 2
86 2
134 4
681 2
761 3
306 2
680 5
412 4
166 2
254 2
93 5
350 2
5 2
749 2
587 2
481 4
171 4
572 2
529 4
698 3
669 2
653 3
146 3
721 2
188 1
399 5
355 4
632 2
34 1
183 5
4 2
279 4
365 2
776 1
485 4
784 1
738 1
686 2
781 3
117 2
691 1
649 3
408 1
704 5
449 3
629 6
360 2
253 1
482 4
275 3
654 2
778 2
379 2
539 4
409 2
164 3
322 1
641 1
759 2
231 2
186 3
71 1
540 5
650 1
284 2
747 3
684 2
398 3
549 4
611 3
563 3
127 3
151 2
594 5
592 2
245 6
491 2
673 2
731 1
344 3
78 1
280 4
115 1
200 4
140 2
727 2
513 2
112 2
519 3
591 2
500 1
556 2
488 3
562 2
724 1
737 3
310 2
509 3
290 2
210 1
536 2
20 1
3 3
537 3
157 5
740 2
432 2
50 1
66 4
139 3
160 2
88 2
504 2
338 1
769 3
454 1
636 4
690 1
446 2
466 1
212 1
123 1
241 2
249 2
719 1
227 3
614 4
703 2
313 5
480 1
274 1
682 2
135 2
522 3
203 6
374 3
391 1
91 3
9 4
579 2
128 2
460 3
606 2
14 2
201 3
69 3
612 2
400 2
207 1
471 1
788 3
694 2
662 3
658 1
706 1
19 2
585 2
85 5
663 1
542 3
73 2
574 2
728 2
109 3
586 2
199 1
670 2
8 1
271 1
7 3
550 3
717 3
33 4
346 3
116 6
794 1
273 2
793 1
501 3
447 2
588 3
744 2
557 2
80 1
84 2
555 1
628 1
182 4
67 3
458 4
442 3
436 1
278 1
87 2
176 3
567 2
341 3
68 2
302 2
317 3
455 1
518 3
361 5
316 2
418 4
230 2
484 3
288 2
578 2
404 4
370 2
345 3
734 2
43 1
599 1
343 2
162 4
689 5
558 3
318 2
581 2
215 2
111 1
712 1
359 2
506 1
235 2
617 1
582 2
486 2
347 3
559 2
17 4
363 5
258 2
170 1
219 1
70 2
133 4
725 1
770 2
221 2
524 3
561 3
779 2
600 2
627 2
12 1
405 3
741 3
382 1
764 1
312 4
785 2
756 2
475 8
251 3
255 2
220 1
31 1
82 2
120 2
401 4
263 1
106 2
247 3
165 3
573 2
543 3
618 1
551 2
707 2
631 1
161 3
95 1
796 1
798 1
40 2
304 1
425 1
52 2
311 1
603 2
402 3
23 3
209 2
411 1
607 1
423 1
569 1
470 2
437 1
285 1
119 2
720 2
420 1
520 1
385 2
685 2
368 2
283 2
780 2
469 1
367 3
696 2
699 1
515 2
560 1
248 2
1 1
667 1
260 2
745 1
77 2
233 2
2 1
512 4
168 2
72 1
415 2
783 1
575 1
424 3
568 2
708 1
676 1
36 1
394 2
496 2
46 2
695 2
158 2
467 1
521 1
217 1
576 1
499 1
132 3
277 2
39 1
108 1
325 2
505 1
192 1
125 3
755 1
705 1
75 1
750 1
392 1
620 2
410 1
647 1
287 1
47 1
772 1
386 1
105 1
53 1
468 1
634 1
237 1
281 1
771 1
303 1
240 1
726 1
player: 6 Competitive
569 3
718 2
589 3
227 3
332 3
340 3
665 2
24 2
727 3
636 4
579 3
222 2
354 4
494 4
631 6
55 5
274 2
35 4
413 3
409 3
41 4
3 5
730 5
159 2
279 3
75 2
94 4
698 2
793 5
617 4
551 2
613 3
783 2
86 3
532 3
179 5
518 1
122 2
26 3
676 7
547 3
151 1
766 2
188 3
735 3
167 3
145 4
168 3
764 3
418 4
797 5
134 5
341 5
307 5
180 5
251 1
367 5
155 3
630 2
15 2
116 2
350 6
624 5
165 2
475 3
77 3
81 6
696 4
584 5
434 6
31 4
102 2
319 2
716 3
582 2
333 3
396 4
693 3
326 2
608 5
381 2
109 4
525 2
174 4
529 3
200 3
710 2
300 7
486 2
798 5
254 3
491 4
143 3
283 1
641 5
489 2
794 4
763 4
715 2
684 3
40 3
12 2
692 5
203 4
378 5
36 2
796 3
622 2
502 5
726 7
438 2
6 3
191 3
10 1
277 2
317 4
780 2
150 5
185 2
325 2
298 3
662 2
361 1
488 5
387 4
403 4
362 5
199 6
659 3
37 3
458 5
516 2
741 8
712 4
50 4
84 2
598 2
694 3
708 4
591 3
734 2
530 5
527 2
779 1
452 3
223 7
394 3
7 3
503 2
287 5
683 3
713 6
446 4
166 3
123 2
289 6
233 4
331 2
271 3
576 2
423 4
720 5
154 3
638 4
51 2
138 2
182 3
352 3
701 3
752 4
657 2
537 2
430 1
450 2
401 7
161 1
146 2
666 3
604 3
621 4
755 2
275 1
646 2
642 1
429 3
148 2
44 3
248 2
563 2
544 5
673 2
152 4
303 4
375 4
25 3
110 4
373 2
605 2
435 2
410 2
54 1
704 3
112 5
640 2
667 3
320 1
632 2
562 3
420 3
466 2
261 6
771 5
70 2
238 3
144 4
653 5
119 2
637 2
231 2
732 2
106 6
600 5
682 2
265 2
686 2
568 3
259 2
670 3
337 2
592 4
626 4
219 1
61 3
202 5
583 3
386 2
498 1
490 3
543 3
292 2
18 3
91 4
668 2
721 2
28 1
633 1
240 1
242 1
312 3
447 5
358 4
252 3
505 3
497 6
357 5
301 4
784 1
644 1
561 5
382 4
740 4
243 7
53 4
284 5
101 3
697 2
652 5
46 3
738 1
546 2
515 2
421 2
72 5
235 4
681 3
444 4
597 2
472 4
437 4
47 5
211 2
411 3
728 3
99 2
353 3
654 2
80 4
38 2
520 3
125 2
348 3
422 4
376 3
130 4
419 6
181 6
536 3
60 3
405 4
370 2
545 4
269 1
345 5
722 1
717 1
268 3
445 2
195 5
184 2
416 3
210 5
744 1
142 2
322 1
197 1
456 1
62 4
795 2
311 2
170 3
575 4
237 2
782 3
208 7
96 3
658 5
334 2
45 1
347 2
788 3
462 3
65 4
504 2
675 5
280 3
748 5
442 3
679 6
688 2
273 3
49 3
635 3
316 3
388 5
209 3
217 2
786 2
355 5
39 6
171 1
63 4
760 2
391 5
436 2
723 4
389 3
224 4
59 7
689 1
380 1
232 2
559 1
173 3
485 1
406 1
487 7
476 5
100 3
178 1
234 5
514 2
528 2
2 3
519 3
724 3
194 1
163 2
571 3
93 5
556 3
290 1
572 3
78 1
5 2
461 3
554 1
678 3
149 3
609 4
739 3
762 9
74 5
588 2
286 2
220 2
336 3
97 3
469 2
656 4
22 2
108 2
595 3
21 1
79 2
648 2
602 3
464 3
207 3
360 4
593 1
772 3
395 2
570 2
201 5
587 2
281 5
706 1
263 3
344 1
440 4
566 3
121 2
98 3
731 3
474 3
19 1
513 4
1 1
120 3
404 1
565 1
669 1
205 3
737 2
645 5
757 1
443 3
385 1
627 2
725 2
23 4
457 4
127 3
131 1
228 2
538 3
187 5
596 3
661 3
628 2
465 1
113 2
359 3
288 6
241 1
306 4
190 3
773 4
43 1
315 2
124 1
781 1
425 3
229 3
256 4
702 4
250 4
330 3
402 4
310 1
736 3
118 3
791 3
700 2
400 6
215 1
246 4
747 2
66 1
258 3
663 3
471 4
745 1
578 4
753 1
338 2
509 3
314 1
176 4
114 1
266 3
204 4
555 2
558 2
759 2
206 7
606 1
349 4
690 3
789 4
607 3
586 1
506 2
356 2
226 2
214 1
236 2
153 3
599 2
89 3
407 3
432 3
761 4
481 4
294 1
775 1
371 4
377 1
76 4
623 2
733 2
230 5
560 1
327 2
186 1
57 2
433 2
535 3
414 1
158 3
225 1
177 2
508 3
64 3
427 2
156 2
629 5
765 2
85 1
553 3
531 5
399 2
140 3
448 2
92 2
619 3
299 2
282 3
137 2
790 3
397 3
463 2
34 2
363 2
777 2
285 1
441 1
365 3
412 1
580 1
218 7
534 4
255 2
524 1
496 2
196 3
245 2
267 3
132 3
585 4
754 1
48 2
398 1
262 1
650 2
756 3
141 2
550 2
533 5
451 2
799 2
304 3
454 4
17 2
139 1
634 2
42 3
368 2
90 2
746 2
523 1
129 1
625 2
244 1
680 2
594 1
88 2
328 6
87 1
30 2
542 3
9 2
492 1
329 4
183 2
73 2
213 5
169 4
260 4
103 1
115 1
392 2
383 4
239 1
478 2
685 1
32 3
567 4
742 2
71 1
95 4
459 2
305 1
67 3
707 4
691 2
785 3
309 2
342 2
221 2
264 2
574 1
499 3
521 1
664 3
539 4
318 1
467 1
424 2
517 1
426 3
390 1
484 2
296 2
511 1
460 2
393 1
477 1
339 2
590 3
671 1
770 2
247 2
324 1
501 2
379 1
20 2
709 1
483 1
522 2
651 1
428 1
512 2
468 3
351 1
157 2
128 1
714 3
610 4
557 2
439 1
482 1
297 2
272 1
581 2
611 1
500 1
620 2
687 1
198 1
104 1
612 2
160 1
8 1
415 3
366 2
695 3
212 1
767 2
372 3
117 2
778 4
323 2
649 1
175 2
68 1
126 2
774 2
83 2
374 2
408 2
295 2
29 1
601 1
33 1
470 1
58 1
507 1
768 2
293 2
603 1
549 2
541 1
417 1
750 2
249 1
479 2
703 1
302 1
526 1
473 1
257 1
616 1
308 1
711 1
133 1
107 1
291 1
493 1
192 1
743 1
270 1
172 1
776 1
335 1
453 1
364 1
player: 7 Competitive
135 2
518 3
75 1
767 2
580 3
455 1
412 5
89 3
673 6
102 3
232 2
764 3
3 4
301 5
326 6
276 2
340 2
564 2
199 5
463 2
398 4
370 3
569 5
559 3
734 2
743 5
406 3
364 2
227 6
52 5
759 6
30 5
13 2
422 3
499 1
21 4
224 2
56 1
624 6
240 3
365 3
573 2
708 4
478 3
319 2
243 4
386 3
265 4
778 8
746 3
304 4
617 4
717 3
194 3
360 5
738 2
260 3
379 2
556 1
363 6
443 7
522 6
94 3
209 5
99 2
439 3
266 3
628 3
136 4
167 2
505 2
251 1
493 2
438 5
566 4
747 2
264 2
393 3
487 3
656 5
344 3
604 5
168 3
728 2
336 4
670 1
596 4
290 8
461 3
449 4
129 5
324 1
9 4
796 5
706 4
159 1
356 3
152 6
281 5
410 4
309 2
547 4
137 3
61 4
4 5
436 1
501 3
139 3
315 5
17 2
686 1
641 4
507 4
792 3
510 3
795 4
288 3
174 2
46 5
770 4
484 6
603 4
525 6
444 2
651 3
271 3
418 4
442 3
325 6
636 7
220 3
230 5
631 5
467 5
616 1
549 3
696 4
342 5
317 5
415 4
536 2
787 3
97 1
178 3
498 4
773 2
343 4
678 2
378 2
590 6
289 3
222 4
647 3
64 4
189 3
719 3
644 4
246 2
672 4
250 4
93 2
88 4
782 4
491 2
249 4
43 4
350 3
182 3
448 4
92 6
104 6
33 1
727 2
245 4
697 3
690 3
221 3
149 2
592 2
41 5
660 2
383 5
441 7
11 4
332 6
494 3
793 5
103 2
680 4
605 2
5 2
177 1
404 2
67 5
349 5
203 4
48 3
127 2
552 4
57 3
118 4
437 4
586 5
677 3
133 4
176 2
541 1
117 3
515 1
497 4
83 1
269 1
790 4
179 4
431 2
542 4
16 1
395 4
775 3
433 6
314 4
607 3
144 3
377 3
626 3
375 3
347 2
24 4
385 3
156 3
524 1
115 3
715 2
295 2
91 2
740 1
27 3
599 2
277 1
280 1
196 2
358 2
318 4
111 7
312 3
554 4
681 2
589 4
328 4
320 5
642 5
550 3
482 6
335 1
568 6
470 2
54 1
671 2
474 5
77 6
302 4
162 1
558 4
143 1
676 2
180 2
69 3
105 3
47 2
396 3
371 2
187 4
389 4
181 2
454 4
658 2
779 1
434 3
753 3
529 3
71 2
300 4
471 5
763 2
615 1
195 4
450 3
72 2
665 3
687 3
231 2
236 2
346 1
390 3
737 1
307 3
39 1
766 4
713 2
416 4
130 3
748 1
453 3
185 4
51 1
512 2
625 4
597 2
59 3
504 2
707 3
242 4
22 2
475 3
630 6
712 3
495 8
472 4
723 2
602 1
760 3
635 3
466 3
258 2
100 3
214 3
535 5
109 3
12 2
26 3
279 4
786 2
520 2
338 2
462 6
125 4
623 2
650 5
606 3
337 3
285 1
425 3
496 2
128 1
95 3
593 4
107 4
627 3
169 1
397 4
20 2
359 2
430 5
79 3
612 1
629 2
765 5
768 2
87 2
742 7
170 4
657 1
530 2
565 2
387 1
783 2
399 2
595 3
609 4
693 2
330 3
252 6
313 4
217 1
423 5
101 3
780 3
711 6
414 2
555 1
68 2
327 1
49 5
262 3
278 3
553 2
489 2
476 4
688 4
235 2
788 3
120 3
486 3
700 4
253 5
769 6
571 3
666 2
473 5
369 2
534 1
652 2
131 4
114 2
134 3
391 2
579 2
202 2
411 1
291 4
521 1
477 4
702 3
663 2
509 3
682 3
789 3
206 1
78 2
84 2
219 2
485 2
483 2
526 5
384 1
392 4
427 3
341 1
791 2
735 5
664 1
468 3
303 2
531 4
293 4
286 4
781 3
516 1
188 1
388 4
514 1
528 3
611 2
126 1
367 1
563 2
683 1
241 8
668 1
244 1
145 5
14 4
282 3
161 2
81 2
755 4
698 2
608 2
254 1
163 4
85 4
158 2
662 3
583 5
352 2
620 2
456 1
757 2
108 4
122 2
584 4
334 2
116 2
65 3
200 3
247 1
142 2
502 3
234 2
374 2
274 2
689 1
37 3
259 2
703 1
725 3
366 2
718 3
50 2
479 3
323 1
685 2
284 1
523 1
527 3
31 3
731 4
739 3
171 4
519 5
7 1
216 4
298 4
429 3
212 2
153 3
567 3
500 1
28 1
705 1
451 1
457 6
736 5
15 3
225 3
322 3
34 2
382 2
354 2
587 2
614 3
633 1
164 4
175 5
45 3
772 3
544 4
226 1
140 3
208 3
774 2
308 4
267 1
722 1
639 2
488 6
539 2
447 2
402 1
577 2
123 4
248 1
640 1
215 2
1 1
754 1
311 2
106 3
299 3
776 2
357 3
464 1
691 3
63 2
758 3
316 6
32 4
113 2
661 1
296 4
532 3
582 2
310 3
351 2
543 2
198 2
621 3
645 5
675 2
751 3
82 4
745 3
261 5
513 2
255 2
272 3
148 3
204 1
632 3
613 1
333 3
35 1
538 5
348 3
228 3
124 1
23 1
197 4
506 3
517 1
29 1
141 1
213 2
155 2
619 2
190 2
80 2
720 3
419 2
598 1
409 4
268 1
19 1
193 1
132 1
210 2
44 2
794 1
716 1
771 1
622 2
503 1
726 6
653 3
147 2
151 1
70 1
667 3
18 3
166 2
8 2
66 2
490 1
98 2
331 1
458 2
90 3
798 2
585 2
373 1
648 2
405 2
435 3
207 2
570 1
355 2
62 4
546 2
229 3
345 1
729 1
407 3
701 3
283 1
146 3
239 1
372 2
694 2
561 2
638 1
421 2
574 4
110 1
6 1
273 1
752 2
679 2
321 1
684 1
237 1
600 1
610 1
420 3
659 1
36 1
55 2
508 1
73 2
744 3
121 1
191 3
654 4
440 2
643 1
218 1
186 1
287 1
459 1
469 1
297 3
223 1
721 2
699 1
551 2
649 2
401 1
572 1
692 1
492 1
581 1
762 2
38 3
537 1
562 1
42 1
183 1
138 2
368 1
154 1
594 1
761 1
257 1
408 3
150 1
588 2
306 1
380 2
60 1
797 2
362 2
292 1
172 1
714 2
233 1
785 1
709 1
119 1
724 1
58 1
465 1
173 1
417 1
112 1
53 1
750 1
446 1
634 1
329 1
637 1
533 1
445 1
player: 3 Altruist
685 5
634 4
7 3
245 5
215 3
71 3
105 3
472 4
53 4
190 2
742 2
191 2
233 5
530 2
400 2
382 2
97 3
351 4
416 5
622 1
254 3
760 6
769 1
756 2
470 5
96 4
724 5
502 7
613 1
537 3
776 2
203 1
237 2
541 2
151 5
770 5
616 4
221 2
341 6
264 5
589 5
226 5
193 9
255 4
324 6
186 4
134 5
409 1
443 2
104 1
86 6
562 6
761 2
292 2
667 4
508 4
242 5
59 5
142 5
129 2
488 4
206 3
124 4
361 4
217 2
112 4
360 1
238 6
119 4
326 4
753 3
249 4
22 2
718 5
347 7
672 3
495 5
542 2
131 4
321 2
744 2
402 4
48 4
118 3
346 2
479 4
654 3
375 2
512 4
528 2
132 1
183 3
392 3
110 1
81 1
259 4
69 1
431 3
778 2
693 4
412 6
575 2
70 1
680 2
708 3
189 4
374 2
535 1
387 2
236 5
144 3
293 7
184 5
561 2
386 3
309 1
663 2
476 3
783 3
659 2
607 3
266 1
315 1
51 4
198 2
729 3
773 5
483 4
376 4
413 1
578 2
587 1
728 2
598 1
219 2
595 5
388 4
265 3
93 3
33 1
174 2
172 4
441 4
506 6
493 5
555 3
601 4
564 3
426 4
40 3
26 4
126 5
763 6
99 3
148 2
681 3
199 1
442 2
336 5
765 2
177 1
106 5
35 4
364 2
788 4
752 6
536 4
701 6
477 1
469 4
523 2
551 1
563 5
432 2
772 4
16 2
456 4
465 3
145 5
45 2
461 2
446 6
68 4
750 4
366 4
505 3
459 6
526 3
201 7
690 3
279 4
94 6
127 3
108 3
225 4
775 5
633 2
79 3
214 3
138 2
159 3
273 5
289 4
55 3
24 3
365 5
557 5
793 7
272 3
516 2
261 1
436 1
527 3
689 3
317 5
205 3
743 5
504 6
173 3
759 2
271 5
797 2
430 3
780 5
75 1
196 4
669 4
210 4
209 4
372 2
491 3
785 5
338 2
357 4
687 2
88 8
602 2
635 1
559 5
150 1
381 2
525 3
751 3
573 2
503 2
281 4
130 4
568 6
37 3
77 5
521 1
666 5
140 3
519 5
468 6
303 1
545 2
746 2
567 2
596 2
779 2
702 1
490 6
410 4
368 2
584 3
706 2
204 4
163 4
626 5
218 2
514 4
620 2
471 3
188 3
646 4
171 2
208 6
623 2
450 2
282 4
335 2
767 2
296 1
139 2
192 5
152 5
449 2
32 3
95 2
313 4
719 3
216 4
301 3
661 7
475 2
250 4
415 1
648 1
380 1
640 2
447 2
429 3
251 5
334 1
327 3
304 3
529 3
277 2
499 1
234 2
439 3
8 3
445 4
356 1
727 5
394 3
581 4
367 4
345 2
473 4
369 2
136 5
612 3
229 3
9 4
14 3
213 5
147 4
741 3
649 2
179 4
330 1
552 2
582 4
748 2
262 2
295 3
116 3
749 3
558 3
454 3
458 4
384 3
764 2
533 3
737 3
278 4
378 1
455 3
484 8
162 2
294 2
358 5
591 2
275 3
269 3
600 1
306 3
480 5
4 2
329 3
102 4
175 2
707 3
420 6
754 2
332 1
87 4
6 1
307 3
603 4
492 5
592 4
3 3
715 3
107 3
314 1
645 3
641 1
284 3
287 5
263 3
135 3
720 3
322 2
200 5
451 2
453 1
337 3
403 3
61 1
25 1
532 5
393 2
650 3
222 2
653 2
419 2
141 3
253 1
320 1
333 3
644 2
637 2
312 2
560 4
638 3
679 2
299 1
670 5
639 2
758 1
117 2
572 2
38 4
230 2
599 3
137 4
709 3
448 2
713 2
155 3
703 1
195 2
257 2
78 2
39 2
13 2
464 3
288 3
694 5
54 1
49 2
194 2
606 2
157 6
547 3
643 3
373 3
27 1
311 2
460 1
518 4
316 2
652 1
103 3
83 3
571 2
496 3
285 3
115 3
766 3
18 3
668 1
305 2
405 3
63 5
511 7
481 1
82 4
43 3
235 4
604 1
371 2
399 2
418 3
160 3
120 2
655 2
46 2
318 1
631 2
636 1
714 2
546 3
485 4
556 1
385 1
619 2
211 3
440 3
717 1
662 3
548 4
328 2
267 3
42 2
353 3
164 3
574 4
605 3
660 1
543 4
683 1
656 2
517 1
52 2
550 2
377 2
428 1
252 6
223 1
270 2
224 3
726 1
629 1
92 3
76 3
692 3
258 2
438 3
31 2
433 2
57 4
498 3
383 2
768 1
710 1
610 3
146 3
686 1
355 2
774 2
534 2
452 1
411 1
166 4
30 3
747 4
798 2
247 2
784 2
114 3
730 3
161 5
697 2
244 1
101 2
17 3
339 4
421 1
414 3
165 4
212 2
19 1
588 1
390 3
569 3
28 1
791 2
500 3
424 1
231 2
618 1
180 2
98 3
153 5
738 2
675 2
434 3
404 1
554 2
408 3
352 4
182 2
739 2
391 2
790 2
642 1
379 3
544 4
423 6
73 2
721 1
711 2
427 2
389 2
291 2
197 2
325 1
1 1
762 2
181 3
125 3
731 2
240 2
494 1
489 5
323 1
158 4
509 4
100 1
789 3
691 3
787 2
80 2
23 3
585 1
684 1
170 2
370 1
348 1
736 2
268 2
406 2
343 3
586 2
283 1
47 1
540 4
178 2
121 2
36 2
725 2
651 1
50 2
625 1
786 3
113 4
467 2
274 1
583 2
671 1
29 1
143 2
486 2
608 4
169 3
520 1
156 2
553 1
290 1
740 3
478 2
401 1
207 1
232 2
363 1
123 2
580 3
732 2
122 1
2 3
594 2
89 2
674 1
34 2
227 2
280 3
457 1
128 2
286 1
149 3
799 1
482 2
66 2
395 2
187 2
256 1
58 1
723 2
298 1
168 1
308 3
41 4
673 1
677 2
695 3
676 2
590 4
109 2
614 3
705 1
220 2
437 3
248 3
60 3
74 1
745 2
501 1
771 1
362 2
297 1
621 2
246 1
276 1
515 1
300 1
85 2
487 1
397 2
396 2
700 1
704 1
91 2
422 1
658 1
665 2
474 1
425 1
593 1
777 2
310 1
417 2
44 1
133 3
576 1
10 1
597 2
444 1
62 2
243 2
627 1
630 1
11 3
344 1
15 1
757 2
678 3
792 1
664 1
239 1
466 1
539 1
462 1
549 1
632 1
354 1
185 1
228 1
359 1
522 1
302 1
699 1
202 1
497 1
player: 8 Competitive
630 3
89 3
552 3
768 3
324 5
139 8
190 1
542 2
631 5
707 1
513 2
763 2
558 5
173 1
369 4
180 2
158 1
235 1
196 4
575 4
468 8
99 5
254 5
615 4
246 3
508 1
155 3
712 3
646 2
637 2
301 2
68 4
493 6
610 3
264 2
698 4
622 4
379 3
482 4
49 1
797 6
164 4
788 4
409 4
390 6
520 2
124 4
341 5
577 2
167 3
778 1
549 2
267 4
644 2
590 5
391 1
539 2
365 5
635 2
90 3
352 3
543 2
443 3
217 3
95 2
121 3
291 3
86 4
751 4
348 3
400 4
326 1
241 4
21 3
423 2
170 3
572 1
787 6
776 5
726 4
166 2
777 3
587 3
609 3
626 4
540 4
706 1
175 3
541 5
704 1
98 4
221 1
444 5
318 4
477 1
360 5
668 2
783 5
274 4
678 3
290 6
562 7
533 4
346 2
439 6
75 5
133 4
715 3
534 3
789 2
703 6
266 5
506 2
505 3
349 3
12 2
3 6
332 2
759 2
460 3
727 2
183 5
148 5
709 4
799 3
536 1
660 3
774 2
731 5
747 3
410 1
633 6
193 1
53 4
641 7
186 4
547 4
494 2
559 2
419 2
330 7
397 1
623 2
252 4
754 2
784 3
30 4
452 3
207 5
781 3
327 4
228 2
683 3
24 7
556 3
721 6
171 3
145 1
378 3
578 4
716 6
389 4
134 2
779 3
550 4
78 4
593 2
616 3
459 6
417 1
401 4
394 7
793 2
306 2
509 5
299 2
356 3
531 5
479 4
42 4
432 2
220 3
344 3
675 4
465 3
569 2
442 4
110 1
156 3
501 1
511 2
32 6
749 2
732 4
597 4
772 3
564 4
375 4
29 2
146 5
222 1
385 4
544 5
395 5
76 5
596 5
518 1
424 4
179 2
44 2
430 4
636 2
454 4
237 2
334 3
67 3
790 1
335 2
215 4
8 2
601 3
361 5
507 1
60 5
736 5
415 2
486 4
116 2
745 2
438 4
515 2
382 1
245 6
645 3
583 4
138 3
118 1
595 3
43 5
796 3
39 3
719 6
275 2
72 2
307 3
746 2
350 2
708 2
489 2
142 4
333 2
537 7
250 2
570 3
315 4
131 2
282 7
117 3
619 3
227 3
38 3
195 3
473 2
398 5
694 3
249 2
300 4
10 4
236 2
670 4
723 2
758 3
104 2
599 3
769 4
371 2
206 2
149 4
1 2
100 1
101 4
276 1
351 1
714 3
561 5
697 3
363 4
4 4
115 5
649 4
433 5
474 4
530 2
734 6
611 3
51 3
45 2
730 4
638 2
699 1
448 5
178 3
242 3
269 2
696 3
741 4
662 5
80 4
437 1
136 1
65 4
261 2
464 2
132 2
174 3
791 2
127 2
286 2
445 7
262 3
580 1
607 3
429 5
495 3
209 4
223 2
192 5
739 3
20 2
69 2
519 5
248 3
453 2
25 3
11 3
77 3
41 9
737 4
380 5
504 3
364 7
313 3
96 1
140 2
672 4
416 4
427 4
321 4
594 4
18 3
393 6
55 3
279 1
756 3
422 2
355 4
431 4
757 2
232 1
566 2
31 3
108 5
602 5
83 5
795 1
64 1
28 3
15 2
685 2
141 4
343 3
22 3
686 3
403 2
320 3
317 3
113 2
491 2
105 4
377 6
753 2
185 3
189 3
52 1
312 2
16 2
651 3
107 2
688 3
461 4
92 2
33 4
565 6
70 1
553 3
26 2
161 3
13 2
589 3
674 4
655 1
93 4
106 5
476 2
560 3
620 3
388 2
554 2
103 2
499 2
502 1
152 7
367 2
402 2
551 3
434 2
336 4
724 3
374 1
767 4
129 4
281 3
27 4
744 1
157 3
603 2
490 2
584 2
230 2
137 4
184 4
659 2
527 6
47 3
2 2
289 4
48 4
277 4
671 2
713 3
588 1
66 5
263 3
337 2
265 2
109 1
165 2
484 1
188 2
720 2
331 1
296 3
653 4
37 3
322 4
229 1
451 4
567 2
612 2
302 3
407 4
525 2
456 3
766 3
661 3
114 1
6 2
329 1
216 4
538 3
278 2
219 3
328 3
471 4
656 2
614 2
475 3
514 2
63 3
665 3
647 1
383 5
557 5
510 2
449 4
314 5
640 4
293 1
711 2
535 5
316 3
585 2
586 3
470 2
765 4
224 2
666 2
225 1
752 3
421 4
516 3
234 5
447 2
780 2
338 2
761 2
36 3
629 2
309 5
467 1
529 1
340 3
201 4
35 2
197 1
177 2
226 1
701 1
376 2
94 2
684 4
581 3
305 4
455 3
91 4
446 3
792 2
310 3
61 3
689 2
71 2
288 3
287 2
405 1
436 1
548 1
347 3
168 4
441 2
370 3
669 3
692 2
680 2
256 2
345 1
40 1
82 1
238 2
381 3
87 4
466 1
357 1
420 2
111 2
571 3
404 3
450 4
255 2
573 1
362 3
283 6
172 1
387 5
618 2
740 2
59 4
702 1
386 4
297 2
718 3
458 2
280 3
88 2
650 2
319 2
295 2
199 2
211 2
679 2
488 2
191 4
463 2
478 4
203 1
605 1
634 4
743 2
204 2
750 4
150 3
673 1
632 2
9 1
123 1
130 1
126 1
372 2
658 1
143 1
563 1
617 2
353 4
292 2
643 2
676 1
492 1
625 2
311 1
664 3
14 1
200 1
457 2
627 3
532 2
273 3
73 2
606 2
160 2
695 2
742 1
159 1
368 2
373 3
34 2
56 2
503 2
735 2
546 2
294 2
690 2
517 2
7 1
19 1
339 3
773 1
284 3
654 2
642 2
257 1
366 3
62 1
270 1
247 2
406 2
112 3
151 1
775 1
677 2
323 1
208 2
17 3
693 1
608 2
79 3
408 1
440 2
555 2
119 1
496 3
74 3
733 2
251 1
154 3
418 1
120 1
194 2
426 1
512 2
243 3
710 1
384 1
85 2
591 2
272 2
128 1
785 1
46 1
528 1
308 2
253 1
691 1
481 2
498 1
663 1
648 2
582 1
58 2
202 1
497 1
483 1
396 1
214 1
425 1
304 1
122 1
147 1
568 1
770 2
500 1
771 1
604 1
435 2
682 1
54 1
258 1
260 2
50 1
738 1
187 1
524 1
81 1
598 1
472 1
480 1
722 1
102 1
303 1
163 1
271 1
755 1
205 1
57 2
725 1
728 1
285 1
523 1
player: 9 Competitive
700 3
777 3
388 5
521 3
542 3
33 4
64 3
536 2
764 6
56 1
289 4
52 3
669 3
147 2
315 4
498 2
546 3
602 2
242 3
391 4
411 3
662 2
258 5
276 4
94 4
73 4
346 4
380 3
53 2
31 4
431 4
47 7
665 5
695 3
210 4
344 5
504 8
626 5
165 1
356 5
159 4
585 4
273 2
176 5
71 8
7 6
661 6
279 6
666 1
515 2
66 4
368 4
382 2
189 4
453 4
104 4
174 1
427 5
793 2
689 3
334 5
677 2
199 5
796 4
408 1
785 2
243 3
748 5
217 2
460 4
79 2
779 4
763 3
745 3
492 4
146 3
459 3
691 2
184 1
554 6
48 2
724 2
372 2
601 4
529 5
627 2
606 2
140 7
532 5
549 5
280 1
339 3
420 2
595 2
63 5
77 2
326 3
404 4
233 3
255 5
299 4
32 3
83 3
473 2
163 3
251 3
400 2
655 3
25 2
220 5
213 4
72 3
690 5
776 3
240 3
644 2
3 5
754 3
791 2
732 3
722 3
68 2
148 2
435 2
440 4
481 4
617 2
635 4
557 3
195 3
219 4
699 2
91 2
516 3
789 3
120 2
249 4
620 7
167 5
181 6
622 3
452 6
596 3
775 3
281 2
398 2
558 2
415 2
753 4
152 7
17 3
324 1
82 2
139 5
605 3
95 1
706 6
374 3
12 2
157 1
555 4
591 4
86 2
331 5
365 2
470 2
780 4
385 6
311 4
124 3
22 2
292 1
426 3
384 5
447 5
738 6
621 6
136 3
254 2
65 2
723 6
667 3
499 3
417 2
522 1
153 4
489 3
321 2
518 4
296 4
766 4
668 3
183 4
510 2
534 3
23 2
716 3
237 5
127 4
563 2
198 4
773 2
486 2
287 1
642 5
502 3
350 6
396 3
115 7
797 5
62 3
711 7
628 4
770 4
648 5
477 4
360 3
727 3
681 4
301 5
6 2
410 4
227 6
9 2
462 2
307 4
629 3
683 3
269 2
244 4
263 2
475 2
54 3
208 6
241 2
503 4
658 5
577 1
223 6
188 4
342 2
583 6
480 4
16 2
260 2
501 6
523 2
206 7
719 3
758 4
367 1
49 2
654 3
633 4
293 1
500 4
469 4
132 2
751 3
701 4
270 1
36 4
110 2
89 3
467 2
731 3
750 6
456 4
636 2
332 2
231 2
371 2
632 3
543 3
579 2
272 3
752 1
442 2
166 3
305 2
141 5
362 5
177 2
679 4
787 6
506 6
375 2
455 3
712 6
359 6
445 2
335 1
594 7
96 4
103 1
715 4
333 3
483 1
30 2
441 8
386 3
161 3
457 4
373 2
696 3
472 4
772 3
78 3
57 4
109 3
303 1
729 2
209 5
186 1
759 3
284 3
535 2
288 5
131 2
476 3
698 5
121 1
556 5
45 1
306 2
369 5
414 4
740 5
569 2
778 5
402 2
703 3
430 2
647 2
603 4
234 2
769 2
531 5
19 3
702 1
615 3
561 4
623 5
101 2
539 2
444 3
116 2
230 2
376 4
631 6
137 3
123 2
340 3
383 1
416 3
43 5
203 3
634 7
155 3
229 3
433 2
322 2
343 1
278 3
5 4
337 2
645 3
169 2
364 3
708 2
625 2
589 1
397 3
325 1
771 3
27 2
341 3
215 3
413 3
8 2
55 5
608 3
34 1
211 2
422 4
592 3
44 2
236 3
478 3
406 1
725 5
685 2
329 3
247 1
640 3
282 1
113 1
774 4
202 5
597 4
664 2
351 3
508 4
747 4
394 4
171 2
283 3
530 3
41 3
214 3
730 2
37 4
425 1
663 3
517 4
704 1
355 2
150 3
643 2
98 3
357 1
588 2
347 3
792 5
599 2
464 2
149 1
728 1
125 1
224 3
576 3
519 2
407 2
194 2
656 2
709 2
485 4
790 1
450 2
13 3
179 3
465 4
548 3
757 2
378 3
768 2
412 2
117 2
421 2
544 5
436 3
387 1
197 2
587 3
458 5
336 4
349 1
755 2
482 1
614 1
87 3
673 2
200 2
598 2
59 5
567 1
429 5
736 3
484 1
156 5
42 4
216 3
100 3
488 4
446 2
297 7
742 2
235 1
395 1
600 3
612 1
653 1
58 2
541 2
172 1
320 3
259 2
268 4
180 2
761 2
154 4
487 5
228 1
611 4
454 3
641 2
265 2
122 3
93 3
538 1
726 4
261 1
471 2
573 1
688 2
28 1
590 5
257 1
744 1
319 1
749 2
201 3
84 3
300 3
505 4
218 2
366 2
88 2
173 2
151 3
314 2
232 3
527 1
253 2
142 2
720 3
630 7
419 4
106 7
18 2
512 3
102 1
164 4
129 1
135 2
119 2
403 3
61 1
424 2
50 1
479 3
81 3
565 4
734 3
207 3
158 3
737 4
144 2
143 1
652 3
304 1
252 2
657 1
733 2
443 1
466 2
14 1
274 4
461 3
760 1
226 1
765 2
586 2
245 5
168 3
295 1
370 2
638 4
187 2
686 3
568 2
277 2
533 1
222 1
190 3
185 3
786 3
572 1
717 2
639 2
524 1
118 3
312 3
38 3
290 2
624 5
660 1
379 4
468 2
97 1
650 2
575 1
491 1
399 3
692 4
107 1
246 2
405 2
559 1
418 1
509 1
493 4
193 2
756 1
741 1
266 3
401 2
659 3
619 2
298 1
564 1
377 2
182 1
389 1
545 2
562 2
781 1
547 1
675 2
438 2
317 2
138 3
582 2
318 2
649 2
607 3
609 1
782 3
285 2
710 2
294 1
108 4
310 1
463 2
618 1
275 2
381 1
2 2
693 2
10 4
746 1
111 2
581 1
178 1
15 1
580 2
85 1
60 1
328 1
205 1
24 2
474 2
494 1
390 1
308 2
520 2
248 2
507 1
134 2
497 1
221 1
767 1
26 1
694 1
566 2
126 3
604 1
646 3
330 2
302 1
613 1
35 1
718 1
784 2
490 1
610 1
256 3
671 2
358 1
51 1
80 2
511 1
439 1
584 2
338 1
705 1
323 1
212 1
551 2
225 1
496 3
145 1
788 1
162 1
175 2
578 1
128 2
713 1
327 1
540 1
39 1
682 1
363 1
449 2
313 1
651 2
160 1
526 1
448 1
74 1
739 2
513 1
550 2
75 1
204 1
560 1
783 1
697 1
29 1
552 1
114 2
714 1
437 1
680 1
684 2
637 1
67 1
361 1
133 1
432 1
46 1
player: 2 Altruist
259 3
49 2
251 4
231 3
101 6
554 1
20 7
777 7
765 3
143 2
207 2
308 4
452 4
58 7
45 5
477 4
292 2
594 6
331 4
688 3
291 1
648 7
38 8
703 3
569 4
388 7
53 2
509 2
87 4
322 1
725 4
740 3
21 4
499 2
385 1
335 6
109 5
242 3
498 4
57 3
667 3
74 1
360 2
639 5
408 4
593 3
608 5
558 6
712 3
505 2
73 4
660 4
435 5
523 3
121 6
464 4
790 4
239 5
761 1
443 4
85 6
167 2
290 3
355 3
732 4
265 2
449 4
571 4
772 1
474 3
578 4
262 3
144 4
750 8
183 4
741 3
182 3
32 3
704 4
588 2
357 3
379 1
417 2
114 4
373 1
130 2
445 2
216 3
481 2
678 3
699 2
656 2
450 4
485 3
493 2
734 2
80 2
107 2
420 4
37 6
483 4
240 3
146 5
252 5
237 8
781 3
209 7
671 1
280 6
372 2
525 1
654 1
566 4
286 3
375 3
427 3
517 7
112 4
547 1
793 2
377 5
409 2
426 4
105 2
148 5
567 2
246 5
298 2
681 2
314 2
631 5
745 1
98 2
559 1
479 2
508 1
422 3
289 4
436 6
288 5
186 5
486 2
48 3
476 4
779 2
359 4
451 3
210 4
284 8
463 6
736 3
24 2
739 2
603 2
602 4
396 3
226 9
672 3
744 5
515 4
202 3
394 3
780 5
354 3
658 2
458 4
497 4
636 4
301 3
356 3
753 3
705 1
549 5
325 3
457 3
170 5
270 6
264 3
328 3
386 5
677 3
306 2
93 4
14 3
410 2
465 2
257 3
313 4
272 5
125 3
245 3
721 1
4 2
625 3
250 3
295 2
405 2
61 4
26 3
469 5
542 5
191 3
92 4
759 3
7 6
628 1
622 1
329 3
261 3
538 2
612 2
585 2
229 2
219 4
213 2
686 3
695 3
527 4
312 7
382 3
283 4
82 4
309 1
211 1
516 3
190 3
254 1
140 4
67 8
324 3
663 4
204 4
599 4
368 3
543 4
27 3
792 3
164 1
321 2
106 2
253 4
296 4
506 3
546 4
47 8
199 1
487 5
568 6
220 4
614 2
754 3
145 7
137 5
23 3
697 2
119 3
200 1
430 7
365 1
441 4
243 7
384 2
171 4
397 3
760 4
446 6
675 2
434 4
380 1
510 7
389 3
642 3
444 2
65 4
751 3
370 3
655 4
152 3
797 6
300 3
281 3
133 6
255 3
39 1
390 3
367 1
221 2
136 3
687 4
88 2
147 3
646 8
50 3
195 2
763 2
2 1
604 3
484 2
333 2
344 3
535 2
570 5
102 2
347 2
596 1
526 8
590 2
573 4
788 3
274 2
72 2
99 1
134 5
680 3
358 4
185 7
634 2
584 2
694 1
480 4
782 3
374 3
722 2
168 1
752 2
361 4
693 3
511 2
724 2
709 4
3 2
189 3
115 2
179 2
411 4
224 4
327 3
513 5
165 6
470 3
94 3
572 3
403 1
150 2
519 2
35 1
638 5
34 2
51 2
415 2
545 3
84 3
330 3
539 1
31 2
18 3
22 3
607 3
589 1
319 2
494 3
412 1
787 3
769 2
97 3
69 1
439 1
172 6
218 3
364 2
293 3
624 3
303 1
159 3
376 6
95 2
79 1
747 5
657 1
562 5
16 1
504 4
139 3
193 3
198 2
29 3
738 1
714 3
241 4
438 3
574 2
696 1
89 1
282 3
30 3
418 3
791 1
13 2
393 1
633 3
701 2
113 3
318 3
401 2
381 2
796 2
222 2
395 1
698 4
197 4
651 3
478 2
676 5
778 3
267 4
70 5
17 1
117 4
127 2
488 3
138 7
440 3
227 5
581 1
605 1
233 3
502 1
307 2
42 3
762 2
518 5
423 2
276 3
552 2
775 2
489 2
729 2
196 2
437 1
225 3
122 4
46 3
471 1
579 2
644 2
247 2
563 1
212 1
232 4
454 6
273 1
795 3
103 1
460 3
336 1
785 3
421 4
424 1
151 5
749 4
154 2
799 3
404 6
41 1
378 3
718 4
406 4
342 4
104 4
248 2
96 4
453 2
637 4
43 1
260 4
702 2
78 4
643 5
238 2
28 2
36 5
468 2
723 4
304 2
59 1
349 5
766 1
208 1
402 2
532 4
86 2
120 3
15 3
773 2
774 2
111 6
456 3
700 3
783 2
12 3
530 3
188 3
560 2
263 2
720 1
771 3
691 1
600 3
157 3
495 2
503 4
490 1
71 3
626 2
177 2
155 3
129 1
640 4
287 1
659 1
537 3
234 3
610 1
5 3
194 1
467 2
317 1
592 1
348 1
269 3
201 1
142 3
719 1
174 1
249 4
268 3
617 3
156 1
160 2
266 2
472 3
407 2
496 2
425 3
717 1
500 3
553 4
459 1
25 1
345 3
66 2
627 2
442 4
110 1
128 1
346 2
737 4
623 1
275 2
544 1
514 5
215 1
520 2
311 2
611 4
794 6
178 3
163 3
635 1
1 3
153 3
755 3
52 3
135 2
606 1
123 1
320 3
706 1
735 2
711 2
713 3
19 5
708 1
653 3
629 3
371 3
730 1
492 3
44 2
278 2
258 6
746 2
512 1
305 2
429 4
419 2
206 1
550 2
690 3
473 2
726 3
351 3
529 3
366 2
528 4
223 1
462 4
733 2
338 1
214 1
507 1
149 1
731 2
181 4
748 3
337 1
62 2
315 2
118 1
641 2
619 2
323 1
576 3
776 3
332 2
285 1
64 2
414 1
447 4
175 3
60 2
679 2
334 1
83 2
770 1
613 2
228 2
362 1
533 1
743 2
555 2
428 1
673 2
391 2
534 2
764 2
55 1
536 2
620 1
758 1
461 1
564 3
621 1
757 1
398 3
81 2
392 2
630 1
522 1
649 1
352 2
184 1
431 1
689 1
583 1
192 1
595 2
768 2
230 3
302 1
742 2
369 1
299 2
786 2
615 1
126 2
132 1
116 1
326 1
416 1
294 1
217 2
662 1
341 1
363 2
670 1
598 1
597 1
6 1
767 1
205 1
666 1
76 1
8 2
297 1
124 2
54 1
541 2
271 1
577 2
798 1
647 1
652 2
11 1
176 2
203 1
707 1
716 1
256 2
413 1
161 1
727 1
664 1
56 1
10 1
756 1
524 1
279 1
433 1
340 1
674 1
173 1
665 1
616 1
player: 0 Altruist
748 1
704 5
772 4
226 2
519 5
370 5
278 5
471 6
422 4
183 5
237 5
598 3
74 5
433 7
480 5
711 4
782 4
744 5
47 6
178 3
738 1
588 1
554 2
563 3
252 3
354 4
280 4
104 3
267 2
48 5
684 3
15 2
757 3
316 5
507 4
536 3
693 1
152 4
204 4
565 1
254 5
304 2
524 1
548 5
209 3
333 3
114 5
539 4
726 4
718 1
599 2
161 5
206 3
242 5
388 3
99 6
487 9
202 2
732 3
126 4
794 3
526 4
413 5
106 4
210 2
133 1
694 7
425 5
403 5
287 2
391 5
332 7
692 5
734 2
205 4
157 1
164 1
225 3
194 3
657 2
664 1
238 2
574 4
496 2
551 1
556 2
258 2
351 3
82 7
456 6
797 6
528 2
59 3
248 3
633 2
522 3
87 4
426 3
416 4
451 2
33 2
212 3
45 3
273 2
600 2
394 2
642 1
6 3
26 4
412 2
567 3
438 5
3 5
2 3
503 2
670 2
514 3
56 2
265 2
441 3
368 4
72 3
712 1
515 1
365 4
654 2
455 3
97 3
553 6
66 2
145 3
636 1
41 2
575 4
773 2
146 2
68 5
14 1
498 4
713 4
649 2
440 4
786 4
478 4
674 3
91 1
4 4
340 1
779 3
294 5
691 5
399 1
103 3
591 3
402 3
49 6
401 3
282 1
188 2
297 3
16 10
364 4
307 3
490 5
125 2
334 3
506 4
557 2
325 4
191 8
796 5
577 6
466 3
31 2
407 1
434 2
312 1
107 6
746 3
250 3
158 5
603 1
143 4
442 2
676 3
652 1
85 1
596 5
735 1
167 4
373 6
530 3
723 4
644 3
296 4
198 3
622 2
585 4
223 5
288 6
245 2
239 2
136 5
295 1
520 2
128 3
545 1
780 5
219 3
286 3
719 2
721 2
289 5
235 1
627 3
80 3
71 4
727 4
62 3
443 4
255 2
376 3
518 4
58 3
380 5
682 2
741 4
337 1
499 3
279 4
494 3
637 3
453 1
695 4
743 4
509 4
9 2
701 4
382 4
505 2
578 1
473 4
147 5
290 5
504 4
120 4
154 2
476 4
160 5
525 6
124 4
224 3
5 2
607 5
774 3
461 5
193 5
319 6
759 5
270 1
745 5
714 2
523 1
156 2
305 3
648 4
228 1
199 5
537 3
173 4
624 2
12 2
63 3
798 1
266 1
513 3
595 3
222 3
253 5
580 1
608 2
366 5
13 2
477 5
42 3
372 2
468 4
590 1
724 2
550 5
597 1
680 3
271 3
201 4
308 4
420 5
492 5
559 3
446 5
54 3
776 2
284 2
755 2
89 5
424 6
310 3
389 1
758 2
616 2
435 5
787 7
604 3
470 1
491 3
619 3
299 2
246 2
32 2
452 4
100 3
450 3
269 1
502 3
52 4
118 3
517 4
500 5
317 4
650 2
716 3
176 2
189 4
153 2
579 2
129 2
168 3
390 4
570 1
516 4
30 3
327 2
431 1
75 3
149 3
233 4
417 6
495 2
323 2
429 6
44 6
356 2
764 4
218 4
309 1
37 4
771 3
547 2
177 4
683 2
345 5
484 3
320 2
135 3
186 1
564 2
221 2
428 2
11 2
464 4
686 3
462 3
777 3
369 1
40 1
521 2
150 3
722 1
144 6
460 3
710 4
754 1
678 2
400 6
215 2
371 3
293 5
393 3
747 4
621 2
540 7
669 1
404 3
236 4
467 2
799 2
510 2
92 3
301 2
196 2
533 3
398 2
182 3
53 2
396 3
387 5
25 1
457 3
584 1
1 2
542 3
243 3
534 3
497 1
343 2
119 1
415 4
165 2
729 4
195 3
705 3
348 5
357 5
131 1
589 3
229 6
272 6
203 2
50 3
629 3
76 3
163 2
488 1
346 1
84 3
742 2
566 2
94 4
170 3
122 2
38 2
594 4
132 1
602 3
329 4
169 2
592 1
667 3
632 2
88 2
64 3
651 1
123 5
739 2
606 1
67 3
175 6
86 6
639 2
689 1
251 2
423 3
793 1
277 1
214 2
445 1
306 3
699 2
181 2
752 2
247 2
430 1
483 4
116 3
321 3
115 1
349 2
576 1
232 4
568 2
256 2
344 2
36 3
535 3
458 3
28 3
646 2
397 3
756 2
736 2
7 4
350 3
83 4
671 1
121 3
162 2
508 1
733 3
220 4
532 2
730 1
216 3
35 2
274 4
784 1
21 2
130 3
314 3
626 2
276 2
207 4
720 1
22 3
448 1
377 3
336 1
187 2
543 3
645 4
96 2
715 1
264 5
541 3
230 2
231 3
260 1
421 2
634 1
427 1
395 1
298 2
765 1
662 3
681 4
687 3
24 3
549 3
679 2
611 3
57 4
737 3
677 2
673 4
379 1
708 5
609 3
623 2
262 1
322 2
482 1
725 2
552 3
408 6
659 1
359 1
436 1
573 1
361 2
696 1
111 3
449 5
259 2
378 1
29 2
142 1
569 3
347 4
465 2
618 2
643 1
227 1
437 3
211 2
474 1
655 1
635 1
769 1
39 1
459 3
544 1
562 1
531 1
750 2
561 1
110 2
432 1
180 4
582 1
61 2
60 1
638 1
151 4
137 2
302 2
339 1
275 2
778 2
311 2
792 1
583 2
406 2
538 3
375 2
785 1
783 2
79 5
789 2
766 1
706 1
292 2
411 2
335 1
200 1
326 2
700 3
610 1
605 2
653 1
324 2
352 2
640 4
51 2
55 2
65 1
775 2
23 3
660 1
358 1
707 2
511 6
587 3
631 1
179 1
208 2
159 1
753 1
303 2
493 1
190 1
571 3
185 3
501 4
409 2
740 2
444 2
27 3
197 3
355 2
300 1
134 1
367 2
98 2
385 2
672 2
360 2
261 2
405 1
17 5
20 2
439 1
101 1
529 1
363 3
192 4
479 4
383 1
285 1
381 3
558 1
770 3
263 1
240 3
751 1
34 1
141 1
763 1
384 1
615 1
788 1
666 1
625 1
166 2
489 2
8 1
661 2
281 2
620 2
795 2
315 2
331 1
581 1
475 1
717 1
338 2
472 2
362 2
481 2
760 2
685 2
95 2
78 1
617 1
419 1
593 1
612 2
761 1
572 1
117 1
392 1
184 1
675 1
731 1
257 1
791 2
601 1
268 1
330 1
555 1
486 1
790 3
244 1
139 1
767 1
46 1
546 1
485 1
628 1
108 1
174 1
249 2
447 1
641 1
93 1
69 1
43 3
155 1
140 1
313 1
283 1
172 1
18 1
70 1
171 1
690 1
19 1
374 1
217 1
386 1
player: 10 Competitive
620 3
241 4
543 2
615 3
336 3
736 8
679 4
757 3
390 3
349 1
198 1
238 3
582 7
57 5
571 4
324 1
297 6
630 1
583 4
456 5
282 3
218 2
407 4
126 4
319 3
110 1
329 5
395 3
486 4
179 6
602 2
438 5
590 3
447 1
27 2
76 3
542 2
688 6
694 3
658 4
255 4
74 8
734 1
132 5
118 3
67 1
51 2
380 5
139 4
280 2
170 3
155 4
771 2
410 2
70 5
573 6
274 2
477 2
351 3
428 3
633 3
720 4
434 2
519 1
713 3
625 5
333 6
224 3
680 5
348 2
400 3
256 2
716 3
406 3
411 3
287 3
496 3
599 3
779 4
557 2
705 5
11 4
53 2
453 4
119 8
14 1
624 2
165 1
565 4
502 2
758 3
202 2
553 2
370 2
632 6
689 2
651 3
195 4
357 2
535 5
135 3
298 3
332 4
30 6
669 2
676 2
171 2
660 2
483 3
596 3
15 2
384 6
498 3
584 3
101 5
209 2
508 3
148 5
83 2
167 1
187 4
345 4
412 3
509 4
721 3
755 7
1 2
32 3
608 4
69 4
793 2
613 6
629 3
661 1
469 5
443 1
338 3
652 3
558 4
471 1
533 3
235 3
604 4
203 6
718 3
772 5
441 4
52 2
641 2
621 3
745 5
107 3
147 3
703 1
378 5
77 4
393 4
649 3
40 1
217 5
759 3
733 3
214 4
426 4
450 4
289 3
487 3
665 3
561 3
685 6
112 5
365 3
315 3
391 5
136 3
627 2
312 1
331 4
569 3
264 3
162 3
128 4
744 5
609 4
172 3
317 2
760 4
18 4
199 4
265 1
281 3
446 4
232 3
470 2
233 4
731 2
262 6
39 3
123 5
592 3
19 2
212 5
489 6
81 4
525 6
152 4
556 4
701 3
3 6
666 3
4 2
169 3
659 4
457 6
585 7
137 3
105 2
748 4
352 3
664 5
563 3
729 3
420 1
291 4
614 3
125 2
47 1
538 2
700 1
369 3
528 4
381 3
764 5
491 3
149 2
223 3
404 2
327 3
268 4
474 3
460 2
735 1
707 2
16 2
517 3
424 4
640 3
778 6
537 4
271 3
160 3
302 4
397 4
423 1
316 2
226 2
673 3
541 1
37 4
398 3
670 2
186 1
534 4
427 2
644 3
87 4
677 6
366 2
515 2
600 2
637 2
239 4
523 2
62 4
80 1
213 4
92 5
437 1
480 1
362 2
185 2
150 3
245 1
106 4
292 3
82 4
371 5
341 4
20 3
546 5
605 7
309 3
100 4
278 4
225 1
545 1
293 2
85 1
330 1
257 2
580 5
739 5
667 2
574 4
708 2
762 1
686 3
610 5
358 2
536 3
103 5
464 1
790 1
114 4
532 2
322 3
382 3
306 2
109 4
439 2
564 3
143 1
68 2
360 5
435 2
259 2
650 4
335 1
747 3
206 2
142 4
567 2
631 7
99 4
219 8
791 3
416 2
499 5
432 4
415 3
36 4
144 1
108 2
88 4
140 3
699 2
201 5
539 2
695 6
425 3
449 4
501 4
448 2
657 4
222 1
396 3
572 2
492 3
581 3
248 3
75 3
394 3
504 4
65 7
320 3
7 4
249 4
775 2
344 1
210 4
111 1
130 5
753 4
115 3
763 4
311 1
90 4
529 3
151 6
122 3
244 2
373 2
591 2
675 3
49 1
484 2
279 1
337 5
159 3
204 3
704 1
687 1
672 2
717 6
488 1
191 6
72 1
253 2
409 2
783 3
682 6
326 2
41 2
296 2
334 1
421 3
161 4
48 2
722 5
260 3
795 2
192 1
234 2
163 4
797 5
392 3
451 2
28 2
323 1
386 4
645 4
50 3
635 1
626 3
598 2
552 3
61 2
175 3
22 4
479 3
662 4
44 2
616 1
215 2
527 2
237 1
611 5
220 5
59 2
638 3
364 1
678 2
200 3
559 4
785 4
503 4
73 2
555 2
321 3
485 3
622 3
243 3
765 3
548 1
618 1
794 2
9 3
493 3
549 3
56 1
788 5
180 2
64 3
308 1
445 2
522 1
356 5
796 2
156 1
216 1
403 2
671 4
261 3
266 2
46 3
467 4
304 5
461 4
166 4
587 2
751 2
560 4
269 3
363 5
473 5
176 1
690 1
168 3
513 1
655 4
247 3
777 2
35 3
284 3
236 2
524 3
646 4
738 1
355 2
24 1
23 2
654 4
418 4
157 3
294 2
593 2
521 2
193 1
619 1
54 1
727 3
510 3
511 4
512 2
353 2
343 6
307 1
402 3
413 2
375 1
741 2
740 2
251 3
481 5
146 2
328 3
601 2
709 3
576 3
617 1
419 1
38 2
350 7
668 1
354 5
273 1
737 1
663 4
586 2
389 1
34 1
774 4
208 1
340 1
197 2
133 2
21 4
798 4
642 1
121 3
454 4
693 2
275 5
507 1
299 6
8 1
127 4
318 3
514 2
79 1
792 5
211 3
684 2
227 4
177 1
205 3
455 4
440 3
43 3
500 1
55 4
710 2
97 4
750 1
58 4
544 2
388 4
183 3
475 5
436 2
482 3
732 3
639 1
570 1
359 3
430 1
647 2
466 2
173 1
540 2
579 2
325 2
518 1
789 1
575 2
25 3
131 1
367 1
42 1
228 1
719 1
594 2
768 1
691 1
342 5
89 1
377 2
33 3
782 5
433 1
117 1
286 1
285 2
766 2
94 1
459 1
301 2
270 3
283 2
728 3
93 2
303 3
643 2
767 1
231 4
240 4
246 1
603 1
78 1
145 2
568 3
607 1
692 1
189 1
98 3
2 1
628 1
494 2
550 1
743 2
13 1
623 1
463 1
124 2
776 1
723 2
773 1
465 2
129 1
71 3
29 1
399 1
648 3
754 2
595 2
158 2
250 2
339 3
674 3
164 4
290 2
749 1
5 1
104 1
385 1
376 1
577 2
252 1
86 2
221 1
530 1
305 2
141 1
458 1
725 2
134 2
698 1
702 1
588 2
229 2
120 2
531 1
472 1
612 1
417 2
742 1
188 3
276 1
422 1
712 2
726 1
476 1
505 1
267 1
526 1
724 1
314 1
91 1
787 1
589 1
442 1
372 1
178 3
478 1
26 2
102 1
752 1
31 3
656 1
383 2
697 1
462 1
683 1
95 1
347 1
374 1
414 1
10 1
429 2
761 1
379 1
547 1
497 2
634 1
300 1
194 1
258 1
181 1
player: 11 Competitive
594 6
640 3
659 5
172 3
655 3
521 7
112 2
118 4
299 5
131 1
491 2
376 4
559 5
247 4
510 3
639 7
529 3
282 6
141 5
454 3
127 2
572 6
93 2
47 2
417 7
677 3
347 2
343 3
438 2
535 3
794 1
780 6
747 5
784 4
388 1
765 5
13 2
517 4
563 3
431 4
184 3
239 5
145 3
241 7
153 3
751 5
222 3
768 3
306 4
618 2
532 4
277 4
711 3
629 1
377 5
83 6
149 6
154 3
260 4
7 2
223 6
111 4
617 2
136 6
218 2
718 7
150 3
486 7
342 4
80 3
497 4
772 8
666 5
88 5
584 3
357 4
372 3
50 6
448 1
200 2
756 5
463 4
627 3
363 2
538 3
430 2
19 3
531 6
540 4
72 2
368 2
22 2
275 2
442 3
164 5
499 4
690 1
81 5
706 1
492 4
733 6
123 2
313 2
514 3
404 5
757 2
636 5
422 1
544 6
307 4
389 3
204 2
769 4
795 2
685 3
67 4
341 5
166 4
369 2
100 4
550 1
525 4
353 6
721 4
752 4
301 1
57 3
308 3
310 3
257 1
541 3
748 4
276 3
169 6
694 4
579 1
713 6
39 1
309 4
333 1
104 1
321 1
402 2
606 3
328 2
645 4
207 3
536 2
128 4
250 4
10 2
797 4
281 8
380 4
534 4
440 4
453 5
130 1
777 4
271 5
700 4
407 4
294 4
450 2
714 2
387 4
238 2
180 4
348 1
3 4
734 3
623 2
593 2
693 3
38 2
590 4
227 3
465 2
211 2
719 2
770 2
437 3
771 4
51 1
740 2
582 2
345 4
508 2
473 3
766 5
649 3
203 2
427 2
496 1
724 2
148 2
383 3
378 4
743 4
205 4
505 4
595 4
106 4
105 2
443 1
229 7
421 2
577 1
101 3
598 4
386 4
573 2
413 2
575 1
267 6
359 4
624 4
160 4
716 3
474 6
102 3
625 4
1 1
142 3
110 3
362 3
240 2
749 1
592 3
545 6
736 3
620 2
290 2
789 3
20 3
481 2
135 2
385 3
644 2
337 3
249 3
373 5
408 1
138 4
262 3
119 3
737 5
158 3
242 1
352 2
621 4
216 1
787 1
785 4
715 3
87 1
272 3
305 2
513 2
503 5
750 3
32 8
208 2
702 4
270 4
781 4
509 3
365 3
480 1
735 4
652 2
586 2
458 3
760 2
580 2
21 6
163 3
356 4
576 3
187 2
33 2
76 3
265 1
720 2
291 8
251 5
215 1
596 5
120 2
245 5
78 5
564 2
609 3
656 1
705 2
560 1
52 5
331 3
28 2
651 3
759 1
336 3
201 2
633 5
587 4
589 2
435 6
354 5
152 5
519 3
316 4
788 3
68 3
292 3
319 3
516 5
709 3
670 4
699 2
217 3
646 1
635 3
48 2
53 4
225 2
191 4
467 3
628 6
12 2
703 3
2 4
405 2
445 4
58 2
95 2
485 2
591 4
56 3
439 2
527 3
726 2
70 2
626 4
605 4
731 4
287 2
79 3
414 2
477 3
488 3
665 4
600 3
425 3
468 4
189 5
170 2
423 5
97 2
738 7
40 4
181 3
588 3
406 4
91 5
669 2
755 1
146 2
162 2
398 2
392 2
411 1
455 1
351 4
293 4
660 3
263 1
482 4
647 4
418 1
727 3
688 2
174 1
581 2
728 2
243 4
366 4
393 3
49 3
515 3
194 5
55 2
255 3
279 2
661 2
507 3
198 1
329 3
672 3
370 3
566 2
553 3
230 2
547 3
144 2
182 3
4 2
611 3
285 5
188 1
303 2
432 3
775 3
346 1
190 1
175 4
322 3
469 3
375 3
318 3
54 3
261 2
786 3
543 2
390 2
300 6
444 2
9 6
246 5
115 4
296 3
742 2
754 1
607 2
429 1
394 3
578 4
761 2
27 4
667 2
147 2
549 2
565 3
44 2
74 2
571 2
63 5
689 3
151 1
289 2
371 3
235 2
397 1
45 3
464 1
739 1
675 4
126 1
533 4
484 3
332 7
11 4
232 1
94 5
185 2
252 2
280 1
511 4
631 2
224 2
698 2
764 3
399 3
403 3
570 4
763 2
364 3
6 2
124 3
192 2
167 3
96 1
134 1
612 2
196 2
186 2
637 4
140 5
555 1
34 2
286 4
325 4
678 4
449 2
478 2
344 3
530 1
340 3
107 3
783 4
551 2
326 3
416 2
214 1
36 1
269 3
231 2
339 1
73 5
657 1
412 2
790 5
358 5
65 3
253 3
479 1
762 1
522 6
681 3
183 4
98 2
487 1
43 3
297 1
236 4
722 1
567 1
426 1
114 1
548 2
195 1
409 2
197 3
25 2
782 2
90 8
614 2
634 5
121 3
60 1
599 3
206 2
99 3
658 1
710 1
221 2
451 3
603 2
524 1
723 4
178 2
173 2
470 2
523 1
355 2
717 2
493 1
504 1
642 3
259 2
219 1
155 2
367 2
471 2
476 1
381 1
117 3
446 1
324 4
433 3
86 1
552 2
302 3
638 2
691 2
778 2
574 1
156 2
179 3
209 4
244 1
604 2
537 2
420 1
14 2
556 1
157 1
320 1
226 1
254 4
501 2
632 2
350 4
401 1
258 2
213 2
462 3
428 1
129 1
338 2
264 2
177 3
92 4
696 1
360 2
143 1
520 1
335 2
680 1
758 2
616 1
415 2
494 2
730 3
729 2
23 2
622 2
653 2
528 3
220 1
643 1
539 2
597 2
557 1
663 2
641 1
327 1
673 2
24 3
773 2
62 3
741 2
234 1
776 3
103 5
506 3
66 2
518 2
237 3
495 2
630 2
274 1
37 1
569 3
133 2
349 1
139 2
472 1
193 2
304 1
312 1
69 1
382 3
456 3
745 2
361 2
475 2
648 1
668 2
674 1
704 1
526 4
707 2
8 2
676 2
684 2
396 2
792 2
137 2
15 1
109 3
460 2
461 1
266 1
585 1
202 1
452 3
686 4
323 1
165 1
233 2
30 1
692 1
116 3
796 1
75 1
108 3
753 2
490 2
311 1
18 1
436 3
384 2
498 1
615 2
447 1
284 1
410 1
767 2
732 1
395 1
85 1
687 1
546 1
695 1
664 2
746 2
31 1
682 1
601 2
562 1
273 2
712 1
650 1
583 1
122 1
489 1
374 1
17 1
725 2
744 1
561 1
679 1
554 1
419 1
228 2
159 1
210 1
64 1
701 1
334 1
298 1
212 1
29 1
379 1
35 1
132 1
483 1
player: 1 Altruist
38 7
327 6
83 2
765 1
317 5
167 1
692 5
109 4
552 4
792 2
645 5
172 3
636 3
348 4
22 2
442 4
279 4
271 4
176 6
228 2
344 2
454 3
303 3
95 1
564 2
742 4
157 3
110 2
253 5
241 3
81 4
388 5
492 7
726 3
235 2
537 1
52 4
456 6
379 5
776 3
199 1
164 3
616 1
82 5
578 5
334 1
193 4
793 4
435 2
699 2
725 3
627 7
99 7
201 3
137 4
1 4
685 2
799 6
273 8
396 5
209 7
78 3
440 1
464 10
654 3
153 3
404 6
366 3
585 6
580 5
428 4
126 6
322 3
200 4
260 2
187 1
458 3
84 4
791 3
350 2
280 3
124 7
614 2
292 3
686 3
283 4
553 4
693 3
504 3
93 5
712 3
104 6
255 5
596 5
494 3
398 1
557 4
217 3
411 2
274 2
237 7
488 6
497 4
299 4
100 3
342 3
780 5
476 4
743 6
740 3
694 3
778 5
486 4
91 6
76 5
768 3
174 3
551 2
208 1
32 5
716 5
501 2
67 2
221 3
755 2
567 3
184 8
148 2
333 3
248 3
195 4
332 4
179 3
304 7
266 7
231 2
487 2
146 2
570 1
133 4
254 2
696 4
275 3
349 4
320 3
687 4
77 3
119 5
512 1
522 3
467 2
277 5
114 4
162 3
667 3
134 1
507 6
4 5
63 2
339 2
705 3
400 1
289 6
593 3
152 4
290 2
71 2
44 2
689 2
721 2
605 3
787 4
747 3
108 6
296 8
286 3
573 2
588 3
171 5
518 4
269 2
394 3
583 1
219 4
8 2
760 6
423 2
749 1
297 3
698 1
35 1
690 5
480 3
106 1
657 4
511 1
361 3
767 2
455 2
263 2
529 7
461 5
89 4
69 1
599 2
609 4
284 3
257 4
122 4
341 3
87 5
5 2
226 4
24 2
120 4
282 2
395 2
202 2
139 3
406 2
419 2
634 2
308 3
191 4
287 4
382 2
129 1
753 5
546 2
465 4
343 5
131 3
102 1
46 4
558 4
138 2
173 2
758 4
378 3
545 2
305 4
449 5
401 3
233 3
752 3
136 5
762 2
718 3
526 6
177 3
391 4
393 2
773 3
90 4
218 6
779 2
310 2
270 4
222 4
204 4
28 5
370 4
653 4
161 2
719 2
151 5
188 4
678 1
443 4
27 5
141 2
543 1
47 2
714 2
414 3
403 1
500 2
560 2
789 3
683 1
457 1
272 2
549 4
165 2
764 3
729 1
295 3
766 2
459 3
642 2
441 2
761 2
352 1
118 2
374 3
672 3
738 3
358 2
206 3
355 2
356 3
720 3
10 3
577 2
247 3
278 2
252 1
592 3
302 1
375 2
561 6
256 1
319 5
539 5
691 1
554 3
149 1
182 4
652 2
730 2
617 3
517 3
410 2
377 4
185 6
754 2
584 1
242 4
745 4
326 2
763 2
220 5
365 1
739 1
180 3
556 2
548 2
587 4
535 6
466 3
479 4
638 4
495 4
619 4
33 2
795 1
340 5
514 4
405 1
50 5
510 4
61 5
417 4
166 4
229 4
285 3
346 2
611 6
650 3
416 1
448 3
713 1
523 3
717 1
359 2
491 4
630 3
125 1
291 2
175 4
31 3
154 5
562 4
534 2
563 2
259 3
483 2
354 3
345 2
432 3
446 3
447 3
281 2
622 3
631 3
612 1
203 3
664 4
566 4
57 3
316 3
575 2
586 1
702 3
170 7
402 4
408 3
469 1
538 3
16 2
385 2
662 4
381 2
513 6
735 1
796 4
197 6
666 2
113 2
42 2
788 5
671 4
244 3
307 4
648 1
251 1
103 3
451 2
797 5
477 1
572 2
656 3
618 3
249 2
288 6
644 5
620 1
771 3
230 4
306 3
80 2
673 2
670 1
392 5
470 4
422 3
268 3
168 5
453 2
74 2
468 1
490 5
700 2
313 3
499 1
364 3
463 2
478 3
420 5
676 3
196 4
40 5
582 3
240 5
785 1
121 1
530 6
757 1
639 5
13 2
353 3
706 3
498 2
734 3
238 3
368 2
741 3
576 1
438 1
505 3
189 2
751 2
105 2
629 2
581 1
474 2
198 4
26 2
460 4
665 1
674 2
155 2
300 3
663 3
472 4
351 3
30 3
727 2
784 3
521 1
216 2
369 3
625 2
36 5
594 1
19 1
651 1
192 3
243 2
116 4
262 2
101 5
697 1
183 1
597 1
536 5
397 2
540 4
62 2
640 3
58 6
715 1
756 3
655 4
142 2
68 5
15 2
695 2
589 2
684 1
373 1
643 3
39 3
29 4
55 2
94 3
610 1
363 1
704 4
144 4
748 3
225 1
213 1
703 3
389 4
158 1
485 1
412 3
73 1
96 1
324 1
301 3
503 3
777 3
41 1
481 3
43 2
337 1
205 1
732 1
603 2
710 2
496 3
14 3
569 3
484 4
431 6
293 4
390 2
321 2
246 2
641 1
723 1
624 3
210 3
565 1
258 3
437 2
3 2
544 3
429 1
147 2
112 2
111 2
430 2
415 1
541 3
117 6
25 2
493 3
130 2
45 1
376 3
471 2
646 2
123 1
615 4
315 2
159 2
781 2
439 1
547 2
433 1
798 3
224 1
637 1
707 2
72 4
6 5
107 2
115 2
18 1
380 3
371 4
509 2
236 1
49 2
524 2
181 1
601 2
746 3
508 3
239 3
516 1
399 2
724 1
135 2
2 2
482 1
489 3
733 1
85 1
34 3
383 2
23 1
770 3
613 1
604 2
212 1
367 1
462 3
264 2
413 2
265 3
533 3
750 2
186 1
54 2
606 1
436 1
88 5
386 1
633 4
21 4
328 2
65 1
418 1
591 1
602 2
661 1
682 1
56 3
276 1
318 1
632 2
425 2
261 1
17 1
571 1
372 4
86 1
709 1
635 2
92 1
336 2
515 1
623 1
311 1
532 1
550 1
424 1
542 1
267 1
98 1
783 1
331 3
786 1
309 2
660 1
669 2
407 1
51 1
9 2
294 1
143 3
232 1
647 1
163 1
360 2
794 3
677 1
48 2
728 1
595 1
708 1
621 1
66 1
668 1
75 1
37 1
53 2
20 1
128 1
64 1
329 1
579 2
701 1
325 2
214 1
150 1
559 1
12 1
608 1
568 1
60 1
298 1
680 1
312 1
531 1
79 1
rank player: 4 Altruist
5 183
11 156
6 178
7 179
8 170
1 162
3 154
10 149
4 172
2 176
12 168
9 153
rank player: 5 Altruist
3 177
11 157
1 160
12 151
5 174
6 157
2 180
10 162
8 173
4 160
7 186
9 163
rank player: 6 Competitive
6 168
10 164
9 195
3 164
1 145
5 158
11 182
2 172
4 169
12 163
8 158
7 162
rank player: 7 Competitive
2 157
6 180
11 169
8 196
9 174
3 154
1 176
4 151
5 148
7 151
10 181
12 163
rank player: 3 Altruist
10 155
7 165
1 168
6 166
2 159
3 193
4 178
12 165
11 168
9 162
8 153
5 168
rank player: 8 Competitive
9 180
2 165
8 180
12 159
5 149
4 172
6 178
10 176
1 175
11 158
3 149
7 159
rank player: 9 Competitive
11 208
12 165
5 171
8 183
10 171
2 145
1 157
3 152
6 155
7 158
9 170
4 165
rank player: 2 Altruist
4 182
1 177
5 166
10 164
12 185
11 132
2 167
7 167
9 158
6 167
8 162
3 173
rank player: 0 Altruist
12 171
9 153
4 170
7 178
6 174
5 156
10 147
2 189
8 171
1 175
3 162
11 154
rank player: 10 Competitive
8 160
4 151
7 163
9 168
11 156
10 199
3 185
1 163
6 166
5 161
2 153
12 175
rank player: 11 Competitive
7 164
8 145
10 182
2 150
12 172
9 169
5 176
4 164
11 189
6 162
1 175
3 152
rank player: 1 Altruist
1 167
5 190
3 185
10 150
4 166
11 171
7 168
12 163
8 149
6 149
2 187
9 155
