# num_threads, maze_size, num_players, num_it, p1, p2 ,p3 , num_Altruist, num_Ind, num_Competitive
# only competitive
# 20 20 5 100 0 0 0 0 0 5
# 20 20 10 100 0 0 0 0 0 10
# # 20 20 15 100 0 0 0 0 0 15
# # 20 20 20 100 0 0 0 0 0 20
# 20 30 5 100 0 0 0 0 0 5
# 20 30 10 100 0 0 0 0 0 10
20 30 15 100 0 0 0 0 0 15
# 20 40 5 100 0 0 0 0 0 5
# 20 40 10 100 0 0 0 0 0 1
# 20 40 15 100 0 0 0 0 0 1
# one third each mix
# 20 20 6 100 0 0 0 2 2 2
20 20 12 100 0 0 0 4 4 4
20 20 15 100 0 0 0 5 5 5
20 20 21 100 0 0 0 7 7 7
# 20 30 6 100 0 0 0 2 2 2
20 30 12 100 0 0 0 4 4 4
20 30 15 100 0 0 0 5 5 5
# 20 40 6 100 0 0 0 2 2 2