player: 3 Altruist
516 5
244 5
216 1
248 4
439 2
751 6
509 4
650 2
563 4
790 3
694 2
313 5
633 2
452 4
777 3
440 3
218 6
778 3
419 3
50 2
233 1
542 2
25 3
642 3
388 2
681 1
119 2
326 3
94 5
137 5
241 3
441 3
433 7
75 4
355 5
82 3
275 4
176 3
725 1
60 5
570 2
443 3
531 2
201 2
88 6
162 2
641 2
274 2
40 3
394 4
507 2
402 5
89 5
172 5
768 2
488 4
337 3
3 2
418 4
330 4
657 2
284 5
222 5
741 2
33 4
567 2
17 3
626 1
620 2
617 4
367 7
167 3
532 2
230 3
748 2
599 5
194 2
508 3
560 2
232 4
59 4
361 4
220 4
348 5
552 3
293 3
141 1
393 4
314 4
596 5
775 4
583 3
787 4
409 2
14 5
145 4
715 2
550 4
799 7
489 2
387 1
9 4
31 4
142 3
279 1
72 5
285 2
359 3
229 4
308 6
83 4
100 1
273 3
28 2
769 2
298 4
381 6
197 6
545 6
115 4
129 2
749 2
341 3
79 5
670 2
796 3
278 4
55 3
706 2
469 2
192 3
104 4
571 5
598 5
619 3
124 3
602 3
256 3
525 5
558 2
252 5
487 4
762 5
294 3
690 1
559 4
46 6
189 1
340 2
64 3
92 7
555 4
785 3
504 5
267 4
607 3
677 3
107 2
295 5
669 3
206 4
461 2
668 3
518 3
593 4
547 2
202 3
251 3
574 5
254 2
705 3
742 1
324 3
321 1
109 4
437 5
562 3
266 1
621 3
678 4
143 3
399 2
685 5
718 3
649 1
697 4
611 4
7 3
417 6
635 5
175 2
474 3
74 5
450 4
87 4
271 4
476 3
689 4
363 4
43 3
161 2
468 5
505 3
171 3
242 3
413 3
445 3
587 2
581 4
534 1
240 1
423 2
691 3
411 2
210 2
407 2
713 3
320 2
431 4
731 3
49 2
85 2
695 1
156 3
711 2
108 2
190 3
237 4
645 2
519 2
26 2
166 5
447 8
662 3
238 6
105 4
150 5
760 4
138 4
448 4
451 5
501 2
214 2
159 2
11 4
10 4
62 6
667 3
125 2
61 4
106 2
575 4
763 3
112 5
185 1
630 9
404 1
182 5
442 5
8 4
260 3
118 4
600 5
493 2
231 1
494 2
601 4
472 3
746 3
322 3
465 5
428 2
609 1
614 1
625 2
270 1
110 3
42 2
580 6
357 6
44 4
556 2
164 3
390 6
533 5
548 6
692 2
588 3
395 4
497 1
283 3
584 3
397 2
503 4
767 3
102 5
765 2
485 3
521 3
47 2
73 1
728 2
96 1
71 4
39 2
191 5
761 3
255 5
458 3
780 4
486 1
67 1
435 2
427 2
247 1
288 1
144 4
179 2
714 1
80 4
51 4
656 7
350 2
27 4
378 5
615 5
538 3
591 2
462 4
467 3
712 3
549 3
193 3
403 5
783 3
371 2
292 2
424 2
41 4
290 2
312 3
652 3
269 2
32 4
18 2
385 5
698 1
331 5
585 4
755 5
595 2
310 4
365 4
334 1
281 3
336 4
154 2
101 3
710 2
675 3
45 2
122 1
416 4
693 4
120 1
398 2
66 3
726 2
54 5
91 3
239 2
734 4
383 1
638 1
727 2
750 2
6 4
261 4
429 4
209 4
342 4
495 3
644 2
147 4
757 3
578 2
276 2
648 1
540 5
34 5
572 2
779 3
215 2
70 2
375 3
408 6
29 5
622 1
114 3
300 1
659 1
126 3
430 6
510 2
376 2
349 4
217 2
613 2
327 4
480 3
243 2
205 1
643 2
68 2
743 3
160 3
146 4
58 1
69 4
4 7
226 3
264 4
478 5
117 5
263 3
530 4
444 3
130 4
30 1
786 2
391 2
198 3
219 5
128 2
514 3
384 2
332 3
506 2
561 3
576 5
86 4
766 3
366 2
163 6
529 3
225 2
729 2
362 3
623 2
653 1
368 3
789 2
180 1
1 1
236 4
184 2
502 5
372 2
709 3
752 3
569 5
113 2
169 3
319 1
132 3
272 2
603 2
438 2
655 1
793 4
673 1
93 5
453 4
253 1
658 3
338 1
318 3
422 5
228 2
520 1
328 2
158 1
522 4
426 2
12 2
647 1
618 3
523 2
257 3
131 2
280 2
586 6
491 2
386 2
287 3
153 2
792 3
282 2
379 2
297 2
608 4
382 4
791 4
420 2
475 3
317 2
246 3
151 1
551 3
235 4
605 4
410 4
592 3
22 4
477 6
339 2
566 2
19 2
459 4
541 4
739 1
702 2
21 3
717 2
737 2
20 3
221 5
412 4
460 4
155 4
512 2
188 2
15 4
258 3
446 1
663 1
421 2
374 4
564 5
315 2
373 3
590 1
24 2
573 6
639 2
756 1
597 1
316 3
335 3
577 2
208 1
463 2
554 3
165 4
490 1
784 1
414 3
466 1
696 1
389 2
199 2
223 1
97 1
187 3
48 2
211 2
224 2
557 1
265 3
354 3
425 1
436 1
579 2
735 2
286 3
612 1
245 1
401 6
16 2
610 3
121 1
77 3
299 2
582 2
699 1
637 2
708 1
499 5
148 4
484 1
56 3
356 2
589 2
195 2
168 1
345 1
654 1
346 1
788 1
537 3
196 2
481 2
186 3
227 3
774 1
771 3
149 2
479 3
492 3
5 1
415 2
301 1
473 3
203 2
152 1
628 2
665 2
770 3
634 3
754 1
798 2
358 3
134 3
98 2
449 1
173 2
624 1
352 1
651 2
377 2
90 1
471 5
344 4
543 2
181 1
53 3
660 2
483 1
511 3
513 2
546 2
568 1
764 1
500 1
291 1
400 1
65 1
736 2
464 1
664 1
536 2
116 1
527 3
674 2
455 1
178 2
606 2
627 1
380 2
515 1
303 2
76 2
170 1
250 2
738 1
78 1
325 1
57 1
277 1
524 2
396 2
406 1
782 1
704 1
722 1
309 2
535 1
212 1
553 1
259 1
687 2
13 2
526 1
528 2
758 2
95 1
454 3
482 1
720 1
636 1
305 1
174 1
289 1
795 1
604 1
343 1
262 2
716 1
351 1
353 3
700 2
744 2
364 3
707 1
369 1
683 1
701 1
565 1
671 1
99 1
629 1
207 1
249 1
306 1
329 1
36 1
347 1
140 1
127 1
63 1
player: 7 Altruist
249 2
473 4
664 3
776 3
337 7
535 3
588 5
521 3
120 2
130 2
210 6
57 5
667 2
502 5
275 3
705 1
122 5
226 3
525 6
154 4
283 4
225 4
475 6
123 5
641 5
116 1
100 2
552 4
155 1
145 3
433 4
243 3
264 3
455 6
151 1
484 2
492 7
545 4
443 2
405 4
389 2
271 4
256 3
788 4
642 3
55 3
51 2
164 3
88 3
603 2
237 3
63 4
523 5
37 2
701 3
11 2
571 3
444 4
755 2
339 2
163 4
602 5
673 2
609 6
152 6
276 2
153 5
74 3
187 1
622 5
330 3
778 3
68 5
150 3
18 3
764 2
167 3
205 2
590 3
684 1
67 4
313 1
553 2
160 2
353 3
607 1
392 3
697 1
798 2
732 9
84 4
369 3
98 3
247 5
366 3
584 2
79 7
292 3
181 2
655 1
371 5
396 3
105 3
586 4
773 1
402 3
227 4
565 4
361 6
142 1
508 3
6 1
704 3
76 1
519 5
528 5
580 3
478 3
242 2
356 1
520 8
161 6
209 6
4 8
38 6
220 5
33 4
117 2
495 1
254 6
307 2
232 5
267 3
240 3
515 2
357 2
698 3
537 2
96 5
75 4
80 2
613 2
387 2
669 2
749 1
302 4
625 1
26 3
215 5
490 3
575 3
351 4
477 6
452 5
583 4
183 6
304 2
494 2
315 4
348 5
92 3
195 3
725 3
382 5
617 2
341 2
157 3
288 5
499 5
417 5
760 3
480 7
41 3
612 3
149 3
172 6
281 2
510 5
671 3
97 3
62 4
411 4
554 3
650 2
378 3
352 4
608 5
560 3
297 3
101 4
468 3
677 2
730 1
336 4
710 2
327 5
316 2
233 3
159 2
551 3
331 4
146 4
326 3
296 2
458 3
454 1
599 6
775 4
391 1
301 6
577 5
500 5
213 5
118 4
593 1
368 3
144 2
721 2
737 3
25 2
217 4
7 3
633 3
546 2
42 1
757 3
282 1
592 7
666 4
72 1
526 2
219 2
347 7
547 4
496 2
373 3
412 2
165 5
265 2
113 4
24 2
422 3
314 1
230 3
408 4
70 3
595 4
148 4
753 2
428 3
325 5
714 1
623 5
169 5
8 1
793 2
143 3
636 2
628 2
679 2
91 3
81 3
85 4
90 4
50 3
317 2
200 5
223 2
513 6
615 4
231 5
3 1
29 3
86 2
87 2
77 5
648 3
532 4
431 4
558 3
177 1
460 2
471 5
404 2
377 3
489 3
250 2
106 4
364 3
379 4
729 2
447 3
134 2
589 1
295 2
672 4
190 4
388 1
266 2
52 6
695 2
16 1
726 3
66 3
107 2
746 3
601 3
481 7
556 5
270 3
245 1
796 4
103 1
425 1
462 1
115 2
539 3
694 2
766 3
493 5
476 2
53 2
359 2
228 4
390 3
741 2
147 3
429 1
193 3
214 3
783 1
380 5
578 1
630 1
777 3
656 1
472 3
284 2
652 3
229 4
139 4
1 1
693 3
17 2
212 2
736 2
555 3
126 1
285 3
415 4
370 2
512 5
346 3
566 3
112 1
747 3
430 2
255 2
522 5
125 2
469 5
505 1
14 1
527 4
73 1
251 4
141 6
639 3
381 3
83 5
632 3
541 3
140 3
610 4
397 1
64 4
40 4
503 3
465 4
203 2
45 5
435 5
722 2
423 1
199 2
621 1
354 4
738 4
182 1
10 4
218 5
36 3
563 6
785 4
559 4
479 3
196 2
562 2
69 3
420 6
448 3
685 2
487 3
216 2
668 2
244 2
663 1
779 2
156 4
324 2
110 2
434 4
279 3
700 1
728 4
708 2
618 3
290 3
416 1
620 2
133 2
692 5
660 6
573 1
23 1
206 2
322 1
676 3
784 5
374 3
647 2
459 2
111 2
482 2
305 2
542 2
89 4
71 4
711 3
795 2
769 2
188 5
293 2
162 7
658 4
419 3
342 3
185 1
235 1
683 2
158 2
707 1
257 1
93 2
221 3
770 2
506 1
557 1
792 1
333 3
536 1
550 3
723 5
321 1
393 1
604 1
269 4
678 2
572 1
309 2
524 4
262 3
790 1
767 2
567 4
94 5
464 3
629 3
294 2
717 1
385 3
509 4
47 4
395 5
762 1
564 2
34 2
260 4
497 3
600 3
168 3
12 3
750 4
637 3
449 1
102 6
702 2
654 5
457 2
713 1
191 3
450 2
561 4
320 2
739 2
344 2
756 2
310 3
470 2
409 2
99 3
616 3
131 3
180 2
596 2
651 3
192 3
414 4
32 3
328 2
794 5
197 5
463 3
517 3
627 1
534 4
363 2
372 5
531 2
446 1
138 2
745 2
504 1
406 1
467 5
570 3
136 2
345 3
765 1
742 2
759 4
56 2
436 3
606 2
441 4
289 2
426 3
724 3
367 5
688 1
21 2
675 1
754 3
189 5
59 3
645 1
614 1
442 2
786 1
48 2
127 2
781 2
207 2
410 3
211 3
611 1
771 3
438 2
734 1
619 1
530 2
574 1
335 3
238 1
474 1
485 3
239 1
82 2
204 1
306 1
413 2
424 3
635 3
176 3
731 3
340 2
278 3
236 2
752 2
386 2
308 1
179 2
445 3
703 1
644 1
119 1
451 1
319 2
108 3
334 2
634 4
507 3
22 1
323 3
298 2
421 1
224 5
248 1
498 2
2 1
376 3
511 2
716 1
751 2
518 3
715 1
318 1
597 2
483 3
772 3
576 1
124 4
674 1
400 2
643 1
121 2
384 4
394 3
549 3
300 4
54 4
132 3
170 2
437 2
202 2
709 1
274 5
273 3
516 3
591 1
39 4
661 1
129 2
311 2
401 2
690 1
198 1
272 2
303 1
332 1
398 1
286 2
291 2
241 2
329 1
358 1
166 3
744 2
222 2
20 2
501 2
733 1
439 3
418 1
761 1
768 1
727 1
488 1
758 2
486 3
568 4
670 2
646 1
174 4
585 1
680 1
782 1
46 1
605 2
681 2
104 1
799 1
538 2
175 1
582 2
261 2
657 2
19 2
28 1
31 2
653 1
540 1
687 2
594 1
128 2
548 1
30 1
173 1
312 1
581 2
787 1
338 2
432 1
58 2
49 1
569 2
383 1
9 1
208 1
649 1
598 1
748 1
689 2
407 1
95 1
78 2
743 1
178 2
587 1
35 1
194 1
696 1
440 1
375 1
61 1
299 2
699 1
491 1
461 1
780 1
665 1
662 1
player: 8 Altruist
310 3
46 3
113 1
480 2
264 3
277 6
585 5
135 3
521 4
519 5
447 2
421 3
108 3
549 6
771 2
271 5
196 1
345 6
365 5
528 4
253 1
325 5
254 3
505 2
11 2
617 4
719 1
773 3
68 1
772 2
79 2
754 4
137 1
329 6
58 2
390 3
184 5
30 3
442 6
458 10
783 7
299 7
257 5
388 1
787 4
465 5
201 5
234 4
195 6
444 1
482 5
668 2
231 5
780 3
464 2
753 1
314 3
588 7
763 2
460 1
362 5
636 2
191 2
507 3
157 3
188 6
330 4
400 3
97 6
80 4
535 6
260 2
239 5
493 4
206 4
618 2
674 1
141 2
102 3
332 3
348 2
99 3
751 4
652 1
418 3
717 1
216 1
71 3
659 3
488 5
169 1
537 5
443 5
227 5
479 2
483 9
220 3
647 4
197 3
327 4
569 1
221 3
469 1
168 4
665 2
333 3
599 2
660 2
252 3
391 1
313 3
209 3
733 1
145 3
376 5
398 1
379 7
448 4
86 4
31 5
240 5
396 5
642 2
162 3
127 3
347 3
311 3
596 4
16 3
775 5
595 1
667 2
225 3
389 3
677 5
499 10
430 1
210 4
181 1
90 6
658 2
274 4
126 3
171 8
731 4
645 2
35 3
614 2
114 4
160 5
663 1
185 6
59 4
404 3
261 2
472 4
565 5
781 2
495 2
340 5
33 4
361 6
794 3
782 1
373 5
551 2
4 2
438 4
508 6
619 5
489 1
568 2
356 3
279 3
42 4
147 5
749 3
403 5
69 2
633 2
570 3
471 3
372 3
526 3
651 1
641 4
273 2
440 3
148 5
524 3
54 3
374 3
139 3
122 2
172 4
682 1
20 2
156 2
341 1
631 3
386 5
509 6
512 3
513 4
611 3
18 2
680 2
503 3
790 3
655 3
696 1
339 2
791 4
283 4
774 4
350 4
61 1
525 4
648 2
198 2
673 1
468 5
399 5
211 4
355 2
89 4
278 5
321 4
128 3
15 3
381 4
450 3
666 5
582 2
627 3
76 6
577 2
542 7
183 3
715 2
730 4
714 3
132 3
621 1
426 2
17 3
288 3
280 3
112 3
205 1
66 5
552 2
628 2
644 1
496 5
575 2
352 5
543 4
268 6
12 1
371 2
597 4
425 3
486 4
242 4
306 1
742 2
587 6
75 6
186 1
457 6
224 2
100 4
9 2
265 2
419 3
55 3
713 2
428 5
96 3
688 4
286 4
456 4
103 1
92 3
746 2
94 1
153 4
187 3
291 4
433 6
219 3
603 2
123 2
500 4
634 2
170 7
757 5
203 4
331 1
580 3
675 4
643 5
53 2
344 1
474 2
461 1
303 1
786 5
649 2
473 3
555 2
143 2
91 3
47 4
83 5
249 6
383 2
149 5
320 4
616 2
574 2
229 4
70 3
422 1
504 5
510 4
250 3
592 3
41 4
173 3
110 6
207 5
305 3
612 2
578 3
312 3
287 2
387 1
150 6
533 1
284 4
529 4
799 4
434 2
768 2
700 2
101 3
478 3
34 3
353 7
159 3
579 2
706 3
146 3
49 5
194 5
451 2
420 3
796 1
72 3
624 4
307 2
115 2
164 4
766 1
182 3
470 4
243 5
777 2
302 5
5 3
36 2
26 5
558 3
238 4
175 6
653 4
266 2
382 2
572 2
538 3
241 2
412 3
199 2
354 3
304 1
23 1
21 1
778 2
532 3
359 6
760 5
129 4
728 3
212 4
328 3
324 1
342 4
8 3
759 3
762 2
343 3
104 7
346 5
523 3
704 2
626 2
593 4
200 2
177 5
222 2
218 1
429 4
475 3
560 2
498 5
405 2
491 3
459 2
294 5
244 4
657 1
544 3
718 1
297 2
217 3
235 4
335 3
193 5
553 4
445 1
25 2
251 5
282 2
401 1
517 1
13 3
189 1
163 2
758 4
262 4
233 5
2 2
349 3
455 1
27 2
65 2
392 1
711 4
318 2
363 4
541 1
37 3
476 3
165 1
740 2
795 1
639 1
779 1
48 3
485 2
785 4
709 2
256 1
581 4
228 1
604 1
364 2
358 2
6 2
60 1
272 4
548 7
698 1
707 3
687 1
573 3
637 3
121 2
722 2
712 4
608 2
467 3
752 4
737 2
414 1
214 1
622 5
571 1
494 2
247 1
452 1
463 4
78 3
397 2
764 3
584 3
670 2
230 3
721 2
564 3
52 2
793 2
527 2
520 3
547 1
285 2
51 2
402 3
435 5
454 5
323 2
417 3
368 3
1 3
466 2
511 2
290 3
142 5
322 5
798 3
133 1
309 1
351 1
562 2
550 3
246 1
144 5
380 2
77 3
699 1
134 1
116 5
300 1
63 1
190 3
98 2
120 1
44 2
540 2
174 2
424 3
409 2
598 1
720 1
671 2
408 3
298 2
292 1
594 2
662 1
270 2
602 3
638 3
248 5
546 4
375 1
29 1
441 3
179 4
370 2
319 2
739 1
586 4
295 5
630 3
792 2
384 4
481 3
646 3
130 3
62 2
64 1
453 3
492 1
727 2
281 2
690 2
623 1
423 3
591 2
111 2
202 2
50 2
336 2
497 3
556 2
745 2
590 2
462 2
789 1
85 2
45 1
28 1
308 1
490 2
531 2
395 1
369 3
154 3
259 1
702 2
620 1
554 2
583 3
334 2
710 1
166 4
14 2
769 4
410 2
176 4
267 1
22 1
39 2
74 2
81 1
394 1
269 2
684 2
161 4
477 2
747 2
607 2
105 2
192 2
158 2
180 3
138 1
88 1
681 1
449 4
679 1
678 3
226 3
635 1
84 1
19 2
625 1
676 1
151 2
117 3
539 3
357 1
93 2
232 1
437 3
118 3
755 1
56 1
289 1
726 1
406 1
689 1
484 2
87 1
7 1
561 5
82 3
167 1
724 1
557 1
716 1
124 2
566 1
545 1
767 1
650 1
615 1
534 6
57 1
723 1
276 1
125 2
38 1
204 3
685 1
770 1
315 1
536 1
761 1
654 1
10 1
725 1
316 2
152 3
756 2
632 1
432 2
589 1
656 1
797 2
43 1
237 1
326 2
708 2
223 2
431 1
95 1
275 2
502 1
516 1
522 1
393 1
317 1
338 1
301 1
506 1
705 1
664 1
744 1
703 1
686 1
734 1
73 1
439 1
530 1
213 1
515 1
784 1
736 1
player: 4 Altruist
602 4
149 4
666 3
581 4
71 6
610 4
589 4
670 8
502 4
484 5
497 2
276 1
113 4
478 3
75 5
487 6
297 4
197 6
592 3
734 4
712 4
19 2
195 6
577 4
662 3
721 2
573 1
60 4
591 2
45 1
745 4
377 3
791 4
59 3
192 3
446 5
527 4
179 5
584 1
17 4
198 6
537 1
11 1
390 2
172 2
513 2
440 6
722 4
285 4
769 6
521 3
153 6
378 2
614 3
406 5
780 3
247 4
535 2
495 7
258 3
788 1
221 4
4 3
90 5
175 5
263 3
706 2
653 3
158 3
243 3
275 4
682 1
580 5
324 6
773 3
430 4
720 1
683 6
523 7
309 2
107 3
751 4
587 6
125 2
350 3
231 3
727 2
69 3
252 3
139 7
269 6
299 5
538 4
137 3
695 5
395 1
559 3
322 6
76 1
598 3
121 5
746 3
510 2
111 6
414 4
636 3
216 3
114 3
475 2
486 5
183 3
138 4
110 2
159 1
458 1
42 2
392 5
165 4
542 3
563 4
156 3
578 5
438 2
425 4
715 3
72 3
163 3
668 2
237 6
6 3
284 3
30 4
647 1
73 2
586 2
420 3
688 3
511 1
461 5
667 8
116 6
397 3
145 1
607 2
771 2
449 1
312 4
296 2
747 3
575 4
555 6
262 4
354 4
474 1
556 2
418 5
94 3
568 2
21 4
786 4
606 4
457 3
278 2
360 2
525 6
768 3
482 4
493 2
579 2
54 6
529 2
253 4
210 5
229 4
20 1
186 3
654 1
608 4
582 6
74 2
257 7
650 3
91 4
330 5
362 4
196 4
735 1
415 5
236 2
405 4
595 3
635 3
303 3
718 4
506 3
619 3
576 4
547 5
562 3
532 6
65 2
224 3
684 1
148 4
566 2
753 5
132 8
124 4
22 3
641 2
39 3
424 2
157 4
756 3
147 3
625 1
70 4
233 4
342 4
265 4
626 1
136 5
230 3
353 5
423 5
557 1
792 2
574 4
248 1
404 5
481 4
85 2
509 3
540 3
140 3
214 5
642 2
385 4
764 2
64 4
480 3
627 1
51 3
341 3
401 4
744 4
143 3
467 4
612 5
380 3
184 3
128 2
93 2
526 3
272 5
219 4
189 4
79 5
739 2
512 4
500 2
188 1
376 6
169 2
117 1
246 4
332 4
692 1
134 1
498 2
504 4
369 1
16 1
629 4
292 4
226 4
173 6
572 3
400 3
95 3
605 8
789 4
384 3
27 3
795 3
77 2
208 4
133 2
779 3
552 4
742 5
494 3
61 5
671 2
155 3
168 2
613 2
365 3
728 4
334 2
757 4
518 3
337 5
794 1
459 2
58 3
490 3
689 2
249 3
515 3
288 3
593 1
97 1
787 5
81 3
437 2
760 1
82 3
55 1
310 4
343 3
471 3
724 1
503 5
583 2
327 5
311 3
217 1
10 3
469 4
776 1
549 3
326 2
599 2
564 6
774 2
648 3
167 2
393 3
396 2
620 2
725 1
52 2
669 2
199 3
207 4
663 2
419 2
256 4
473 3
604 4
295 2
702 2
544 2
225 5
48 1
491 1
665 4
344 2
206 5
697 3
618 1
220 6
553 3
203 2
454 4
131 4
364 5
548 4
732 1
594 2
426 4
181 3
719 1
141 9
46 1
41 1
479 5
558 3
282 3
372 3
616 3
306 1
89 4
740 5
328 3
761 3
561 1
204 3
448 3
382 4
274 3
164 5
283 2
359 2
80 2
361 4
530 1
763 2
34 3
417 2
453 4
374 2
533 4
402 4
335 6
590 4
758 2
200 2
302 2
733 1
531 4
517 6
516 1
185 2
460 1
281 2
96 3
631 1
223 6
242 2
489 5
622 6
466 4
279 2
373 1
645 2
266 3
187 4
178 2
703 2
259 2
50 3
318 4
450 2
370 1
31 2
92 2
201 5
244 2
408 2
130 3
399 2
176 5
251 2
433 1
778 4
161 3
119 1
100 2
83 4
496 5
685 3
570 2
524 4
291 4
363 2
190 2
368 3
628 1
708 3
381 2
345 2
261 3
349 1
660 1
567 3
398 4
444 4
409 3
280 2
115 2
286 2
166 3
78 2
43 3
726 1
12 4
421 2
255 2
541 1
232 2
429 3
333 4
690 1
451 1
499 4
33 1
273 6
463 2
174 2
554 5
84 2
407 3
651 2
601 2
783 1
657 3
193 2
767 1
686 2
387 3
445 2
67 2
656 3
609 4
462 3
633 2
483 1
447 2
142 3
28 1
621 3
615 1
522 2
439 2
13 2
250 4
170 4
241 5
68 2
765 1
470 2
514 2
673 1
748 1
9 2
476 3
624 1
8 1
597 2
455 3
270 2
508 5
793 2
146 2
798 2
596 4
240 1
123 2
271 3
106 4
762 2
534 2
781 4
57 1
340 4
434 2
464 2
25 3
86 4
213 1
371 4
699 1
711 4
639 1
150 2
736 2
782 2
227 2
441 1
672 1
585 1
383 2
422 2
766 3
239 1
15 1
336 3
796 7
375 1
731 1
569 2
160 3
24 2
112 4
352 2
308 1
63 4
600 2
687 2
347 3
53 1
267 1
126 2
410 2
468 1
658 4
32 1
29 4
630 1
358 1
317 4
348 4
752 2
737 2
413 1
588 1
325 2
319 1
488 4
234 3
35 3
260 2
103 3
151 1
546 1
320 3
785 1
560 2
428 2
545 1
351 3
571 2
346 3
118 3
49 2
339 1
465 1
389 2
528 2
709 4
388 2
519 2
212 3
304 1
3 1
87 2
316 3
436 2
674 1
416 1
238 1
313 1
329 4
301 4
411 2
209 1
218 2
743 3
180 2
677 1
750 1
211 2
505 1
729 1
254 1
379 3
289 2
105 1
321 2
539 3
268 3
122 3
714 1
551 1
492 1
435 1
485 1
287 1
129 2
127 4
290 1
507 2
710 1
191 1
162 1
427 1
644 1
36 1
784 1
26 2
717 1
38 1
300 3
678 1
770 1
228 1
102 1
799 2
98 1
307 1
99 2
357 1
2 1
640 2
432 1
754 1
356 2
501 3
23 2
264 1
759 1
680 1
617 1
235 2
205 1
565 1
611 1
637 1
520 1
643 1
443 1
40 1
331 1
202 1
144 1
661 1
693 1
472 1
775 2
66 2
704 1
366 1
536 1
696 1
412 1
171 1
120 1
101 1
755 1
315 1
215 1
700 1
649 1
646 1
player: 11 Competitive
360 2
753 2
212 3
342 1
717 4
523 5
392 4
192 2
76 1
733 4
497 3
708 4
756 5
748 1
369 1
590 4
526 3
468 4
553 6
62 3
23 4
299 2
24 4
772 4
521 3
118 3
217 5
671 2
494 3
670 5
579 5
288 5
576 2
361 4
239 2
180 3
654 4
372 4
529 4
541 4
55 3
675 2
475 3
422 4
429 3
143 2
611 2
317 5
605 3
341 4
401 2
25 5
388 3
406 1
499 1
629 3
751 3
525 5
210 2
365 3
588 2
718 1
557 6
81 7
172 5
729 4
378 3
503 4
570 5
41 4
720 2
116 4
228 7
94 2
427 1
673 5
567 4
684 5
480 6
327 5
691 4
638 5
268 5
787 4
676 2
385 4
465 2
339 1
558 6
147 5
440 5
382 3
58 1
615 4
354 3
399 1
333 2
206 4
572 7
632 2
149 3
389 8
308 4
139 7
126 3
220 3
330 3
403 4
407 5
568 1
715 3
489 1
648 3
548 3
516 2
363 5
96 4
444 3
513 4
123 10
413 3
735 2
623 2
4 3
222 4
233 7
782 2
555 4
791 4
21 3
22 3
252 4
293 3
151 5
666 1
490 9
696 2
604 4
173 6
274 4
533 3
592 2
436 4
721 3
111 2
759 3
620 3
550 2
559 4
284 5
95 3
209 2
376 6
485 4
702 1
599 5
515 1
762 3
310 1
127 1
712 2
481 2
510 1
38 2
649 5
271 4
438 2
78 4
472 4
52 2
223 3
278 3
32 4
628 1
314 5
397 3
1 4
87 3
201 4
455 2
130 5
746 2
609 3
325 4
375 3
97 2
54 2
613 4
161 2
102 1
190 2
706 2
672 4
20 2
229 2
677 3
355 3
690 2
364 3
608 4
724 1
580 1
396 6
560 4
162 2
51 2
462 3
186 4
674 2
532 3
659 2
298 1
662 2
506 2
771 2
61 5
312 4
240 3
269 3
203 2
366 2
534 5
501 1
420 6
464 3
398 3
784 9
207 6
793 5
70 3
651 2
103 2
297 6
144 1
99 3
433 3
242 2
335 2
57 2
614 2
476 2
124 2
597 4
566 1
387 3
477 4
277 5
117 1
730 3
799 5
547 2
479 2
543 5
205 2
160 1
89 3
184 3
305 3
542 3
573 1
686 4
164 4
695 3
246 4
7 3
775 3
607 2
86 3
216 1
531 4
685 5
511 4
678 4
589 3
518 3
2 3
728 4
241 3
402 2
505 2
760 2
73 2
616 2
546 1
692 2
656 2
279 1
234 1
703 1
146 4
700 5
296 1
371 4
467 2
107 3
65 4
722 2
624 2
373 3
653 4
693 3
381 1
758 3
527 2
581 1
631 3
347 4
35 3
778 2
681 2
446 4
441 4
157 2
129 4
303 2
67 3
307 2
744 6
71 4
452 7
680 4
5 1
367 2
428 4
466 3
785 2
88 2
657 2
281 3
148 4
68 4
709 2
639 3
535 4
199 3
113 4
498 3
551 2
34 4
135 2
322 2
683 2
254 3
142 5
106 2
136 1
260 1
356 1
627 2
187 2
122 2
31 2
742 3
350 3
30 3
320 4
291 4
59 2
368 2
6 2
569 5
711 5
701 3
626 2
104 5
153 2
740 4
732 3
137 2
400 2
664 4
66 4
266 2
225 2
195 2
196 3
138 1
781 2
504 4
585 1
75 4
197 1
598 4
483 5
571 1
470 2
431 4
451 3
174 1
13 2
64 2
181 2
578 3
710 3
767 3
18 4
110 4
48 4
575 2
351 5
92 1
537 3
188 2
141 5
404 4
698 4
257 3
789 4
776 3
601 3
768 5
69 1
405 3
169 3
637 6
456 2
725 6
383 2
439 1
764 1
358 1
435 3
270 4
777 2
131 6
486 2
738 2
315 2
286 3
72 5
316 2
514 5
457 3
640 2
10 5
788 1
495 2
319 5
332 4
460 2
765 4
719 5
596 2
273 2
425 2
120 1
159 6
302 2
487 1
449 2
255 3
419 5
699 4
84 2
230 4
565 3
530 3
259 3
265 1
79 3
132 1
156 4
586 1
154 4
665 2
189 4
561 7
741 1
424 1
393 2
193 3
450 2
112 1
343 2
471 6
496 4
47 2
584 4
430 3
647 1
386 1
697 1
410 4
282 5
8 6
418 2
625 2
650 3
645 1
384 3
370 2
214 2
289 4
636 3
408 4
491 2
634 3
182 2
158 1
714 3
244 2
519 1
219 3
340 2
757 2
739 3
202 2
705 3
618 2
167 4
539 2
621 1
591 4
105 3
306 2
264 2
595 3
780 3
29 5
49 2
493 2
688 2
17 3
134 1
237 1
544 3
754 8
743 3
769 5
224 1
238 5
538 1
304 3
60 1
536 3
798 2
46 1
630 2
488 1
204 3
235 2
641 1
352 3
689 4
379 5
101 3
508 2
40 2
63 2
334 4
218 3
125 3
642 4
83 2
574 2
411 2
459 3
331 1
416 2
731 1
245 1
552 3
658 3
248 2
761 1
45 2
294 1
200 3
619 3
492 4
582 1
345 3
509 1
275 2
215 3
736 4
448 2
280 2
221 2
770 3
643 2
713 1
267 3
258 1
669 3
251 4
261 3
694 3
90 3
484 5
115 2
227 5
145 2
50 2
478 2
380 2
391 1
208 1
522 3
500 2
236 2
635 4
633 2
362 1
353 1
716 5
285 1
593 1
564 2
663 5
763 1
91 2
15 4
177 2
755 1
247 3
562 1
577 2
682 2
262 2
56 1
93 2
454 3
395 1
243 3
100 1
349 1
797 1
82 1
328 2
44 2
168 1
301 2
253 3
11 1
679 3
133 1
194 1
249 3
98 2
348 2
326 3
155 2
517 1
19 2
434 2
783 2
445 3
27 1
337 2
442 3
16 2
432 1
707 3
773 2
668 1
128 4
85 2
37 1
774 2
737 2
458 1
263 1
140 2
723 1
587 2
540 1
171 1
377 2
80 2
447 1
329 1
178 1
745 2
610 1
507 1
150 1
33 1
545 1
660 1
583 2
309 1
752 2
272 3
482 2
165 1
786 2
655 3
453 1
603 1
796 1
423 1
512 2
463 2
563 1
426 1
39 1
295 1
794 1
290 2
250 1
213 1
612 2
152 1
667 1
9 2
520 2
437 1
77 1
183 1
318 1
313 1
3 1
473 1
336 2
321 1
704 1
766 2
300 1
417 1
421 1
109 2
461 1
727 1
53 1
287 1
749 1
276 1
790 1
43 1
170 1
283 1
player: 1 Altruist
741 3
22 3
364 2
25 8
594 6
405 1
424 4
670 2
294 1
299 4
356 5
350 3
686 1
648 1
480 1
109 3
215 2
779 2
656 2
675 3
415 4
342 3
367 3
200 6
248 4
788 2
436 4
708 4
776 2
303 6
624 2
442 5
544 4
296 3
481 4
701 5
256 2
517 4
505 6
697 4
695 1
118 8
597 6
770 4
489 4
768 3
581 2
798 2
255 4
121 2
688 4
140 3
91 3
637 5
548 5
685 5
353 2
360 2
535 2
753 1
30 2
682 6
477 2
162 3
41 4
740 6
116 4
744 7
241 3
703 2
629 2
310 6
226 5
576 5
404 3
503 4
50 4
498 5
262 6
617 3
156 5
225 2
647 3
530 5
459 2
205 6
508 4
502 6
504 5
417 5
307 2
579 2
414 5
219 3
210 9
245 2
36 6
120 4
411 6
38 8
33 4
472 6
62 3
293 3
584 3
53 5
304 2
619 4
153 3
747 7
418 7
672 2
696 6
231 6
20 2
32 6
187 3
736 1
690 2
129 3
190 6
168 3
428 3
421 5
282 2
67 3
443 5
387 1
719 2
441 2
291 2
507 5
596 4
691 2
664 3
580 1
71 2
170 2
587 6
460 5
322 5
340 3
482 4
274 2
4 4
665 1
82 4
117 1
512 6
161 2
115 2
391 1
218 4
257 6
139 2
613 1
555 4
361 3
63 2
87 3
427 3
545 5
766 5
206 1
23 3
223 2
551 4
483 4
748 5
284 5
540 4
16 2
163 2
185 4
85 3
679 1
204 4
29 2
58 1
351 4
464 4
263 1
758 1
787 4
645 3
321 2
174 2
487 2
56 2
636 2
371 4
566 3
440 2
366 3
201 3
628 2
338 1
316 2
177 2
72 1
230 2
334 2
479 5
783 4
376 3
134 3
343 3
602 3
265 2
457 1
632 3
574 4
31 2
6 4
692 4
750 3
111 4
754 6
311 4
745 5
374 2
773 2
755 4
388 4
209 7
258 1
756 2
437 5
181 1
188 2
444 5
137 4
554 3
499 2
254 1
199 6
761 2
454 4
794 1
238 4
769 3
158 2
368 2
542 3
28 3
88 3
106 3
327 1
60 2
213 2
640 2
202 3
522 2
644 2
777 2
380 3
430 2
193 3
778 4
182 5
513 3
44 4
314 5
69 1
341 7
352 5
600 5
492 2
713 2
315 1
48 2
122 2
495 4
541 1
550 3
432 2
526 3
335 3
739 1
630 3
1 2
425 2
650 6
138 3
169 2
313 3
406 5
195 2
658 2
309 4
375 1
702 1
164 2
520 3
239 1
563 3
348 2
224 2
475 4
305 2
621 2
772 2
511 5
196 1
144 7
267 5
183 1
717 1
130 2
478 6
792 3
171 3
710 1
192 4
39 4
345 2
277 4
103 2
721 1
757 3
509 6
652 3
131 2
197 2
737 5
287 2
222 2
110 5
172 3
253 6
606 3
119 4
21 4
176 2
681 1
552 3
259 3
570 1
198 1
9 3
179 3
474 5
214 2
791 3
546 3
319 3
232 4
81 4
233 4
491 5
533 4
8 4
403 1
49 1
586 1
43 2
501 1
389 2
292 5
78 5
467 3
568 3
385 3
638 3
402 6
173 3
419 2
734 2
266 5
578 1
323 1
68 1
379 1
186 2
339 1
765 1
438 3
108 3
90 6
15 3
447 3
625 2
651 3
623 2
146 1
738 2
382 1
667 5
420 2
203 2
221 1
136 4
797 2
559 3
300 3
251 2
486 5
289 4
485 1
674 3
89 2
12 1
94 3
393 1
386 2
268 2
409 2
471 4
269 3
394 1
264 7
733 1
349 5
426 2
466 2
92 4
34 2
601 2
627 1
560 3
288 2
155 2
730 1
649 2
752 1
216 7
142 1
102 3
125 5
786 2
127 2
549 3
518 4
73 2
400 2
592 3
490 3
329 1
145 1
539 5
704 1
659 2
331 1
260 1
123 4
469 3
333 2
212 5
77 4
603 3
585 3
626 2
537 5
531 4
75 1
126 2
706 2
588 3
24 3
500 4
599 5
476 2
270 3
618 1
97 1
408 2
728 3
18 5
470 3
301 4
114 2
135 2
70 4
510 3
2 3
14 1
55 3
247 1
297 4
143 6
104 3
27 1
729 2
494 3
767 3
86 2
61 6
365 2
445 2
359 4
35 2
54 3
178 2
455 3
373 3
194 2
217 5
37 2
760 3
184 3
105 3
166 4
281 1
725 1
572 5
562 3
671 2
616 3
378 1
410 3
133 2
714 2
666 4
463 2
242 1
98 1
764 1
249 1
506 4
687 4
635 2
726 1
661 2
237 1
66 1
383 1
298 4
553 3
497 1
252 1
484 4
591 2
83 4
47 2
707 1
595 1
431 2
465 3
598 1
673 2
151 1
529 3
283 1
751 2
793 3
657 2
295 1
557 3
416 3
534 2
40 7
433 3
228 2
384 1
639 2
280 1
325 1
332 2
608 2
236 2
278 1
615 1
392 1
317 3
234 4
399 1
101 2
326 2
589 3
784 2
93 2
604 2
17 3
715 1
65 2
79 1
422 1
261 1
515 3
26 2
57 1
240 3
532 3
434 1
324 2
165 3
611 3
556 1
52 2
344 3
458 3
612 3
413 1
286 3
785 2
358 4
716 2
271 1
175 4
229 5
631 5
328 2
246 2
100 4
398 3
488 3
634 3
377 3
207 3
407 1
547 4
10 3
451 2
124 2
250 2
11 3
577 2
462 2
571 3
610 2
694 1
763 3
363 2
450 4
780 1
312 1
523 2
45 2
689 1
525 2
235 2
448 1
355 2
676 2
662 2
558 3
96 2
774 1
154 2
13 2
372 2
275 1
180 3
565 2
208 4
607 1
709 1
318 4
150 1
781 3
569 2
369 2
152 3
396 1
112 1
76 8
461 2
519 2
796 1
302 1
362 4
357 1
620 2
678 1
735 2
663 1
711 1
5 1
727 1
244 2
308 1
370 1
564 2
159 2
622 2
336 1
614 1
521 2
698 1
473 1
439 3
290 3
759 2
147 1
347 1
524 2
583 1
59 2
762 1
64 1
712 2
536 2
775 1
51 1
211 2
449 1
243 1
493 1
720 2
412 2
593 2
731 1
643 2
320 2
527 3
107 1
42 2
561 2
543 1
390 2
429 1
435 1
567 2
279 2
723 3
693 1
189 1
582 1
633 2
306 1
191 1
453 1
677 1
683 1
516 1
395 1
456 1
655 1
446 1
782 1
653 1
718 1
699 1
141 1
player: 9 Competitive
146 3
87 8
687 3
322 3
81 4
745 7
637 4
388 5
791 2
521 6
597 2
484 5
525 2
175 5
568 3
690 3
201 3
682 3
135 3
515 3
427 3
268 2
106 4
98 1
315 3
582 3
601 6
310 2
113 3
131 2
44 1
260 6
694 7
557 1
757 3
32 2
68 5
141 7
436 5
409 1
511 2
13 2
437 2
57 3
609 2
541 4
300 3
715 5
222 3
212 4
735 3
313 1
746 3
354 3
90 3
754 3
546 7
38 2
194 3
85 3
702 7
420 2
199 3
161 3
797 3
465 3
548 9
787 5
663 5
311 5
421 4
660 3
164 4
74 2
128 5
501 3
223 2
512 2
22 3
366 4
342 2
664 5
443 5
507 3
613 3
635 4
88 3
688 1
608 3
695 4
240 3
463 2
242 8
595 2
661 3
299 3
642 4
50 5
203 3
62 5
92 3
122 3
713 2
326 3
789 1
237 5
423 3
629 3
20 2
198 2
306 5
208 2
438 4
699 5
372 6
470 4
662 2
396 1
226 3
93 5
34 1
136 1
716 4
244 2
238 3
469 1
433 3
359 1
79 2
416 3
481 2
764 1
49 2
626 3
799 4
478 8
316 2
168 3
415 3
454 5
516 3
202 6
100 2
422 3
120 4
710 2
537 4
215 6
418 3
669 4
148 4
496 3
255 4
371 8
180 3
196 3
324 4
214 5
717 5
27 7
712 3
742 3
434 6
360 3
83 4
653 3
82 5
263 3
461 5
572 3
740 3
151 2
796 4
700 2
494 5
382 3
678 2
449 3
333 2
344 1
474 3
550 3
536 2
414 4
133 6
219 2
312 2
488 2
786 5
190 3
24 4
696 2
497 1
381 4
783 3
707 4
636 2
623 4
774 1
176 3
503 5
266 4
308 4
428 2
644 4
36 4
304 2
105 4
225 3
227 5
167 4
624 4
351 6
31 3
459 5
724 3
228 3
539 1
631 3
450 5
558 5
587 2
530 3
602 4
375 2
768 4
645 2
778 2
19 3
30 3
485 4
586 6
616 3
762 5
356 1
651 4
114 6
611 5
598 2
132 2
224 3
462 3
490 1
641 1
397 7
506 3
373 4
70 2
430 7
103 2
689 7
187 4
719 3
577 1
39 4
104 5
408 3
606 1
727 4
575 3
262 2
627 4
362 5
666 2
475 3
273 2
593 3
17 2
760 4
703 2
314 2
129 5
118 1
253 4
335 3
771 2
509 3
685 4
655 2
394 2
10 5
75 3
289 2
291 4
726 5
206 1
413 2
775 1
523 3
249 3
393 4
630 3
714 2
384 2
29 3
561 3
239 2
51 1
287 3
618 2
709 5
671 3
166 1
147 2
691 2
540 4
143 3
95 3
26 3
545 1
741 3
345 4
697 5
126 6
173 4
265 4
763 2
683 5
218 3
347 5
155 4
101 2
737 1
566 4
569 6
732 1
11 3
363 1
464 2
708 2
514 2
221 3
460 4
585 1
99 1
555 2
309 4
426 2
701 5
241 1
330 4
84 3
638 1
338 5
42 7
551 2
619 2
534 4
339 2
121 6
722 4
8 2
277 2
35 2
658 3
296 4
492 4
160 2
472 6
67 1
368 1
505 2
370 2
544 5
770 2
109 4
91 7
542 3
112 2
750 2
71 5
179 3
21 2
301 1
743 2
748 4
58 1
603 5
243 5
293 1
615 3
97 1
522 2
654 1
769 1
785 4
257 3
213 3
592 2
329 2
216 3
61 3
499 2
337 1
417 6
493 3
674 4
297 3
193 3
332 3
276 3
108 2
357 4
117 2
677 1
679 2
327 5
325 4
466 1
758 1
320 1
73 3
591 3
495 4
749 3
386 5
447 3
538 2
693 3
781 1
154 2
162 3
158 2
346 2
209 6
279 4
150 4
755 3
247 3
600 2
142 3
41 3
419 2
172 2
596 2
192 3
317 4
165 2
612 2
607 3
64 3
649 5
349 4
258 4
233 2
352 3
123 3
798 2
573 3
186 2
400 3
284 2
776 1
177 2
580 1
759 4
292 1
16 2
639 3
159 2
2 2
115 2
524 2
733 2
725 2
767 4
86 2
217 2
140 3
643 1
576 1
127 3
489 2
288 3
80 1
379 2
518 2
65 2
350 1
567 2
376 4
404 3
283 4
55 2
385 2
298 2
628 4
290 2
45 1
777 1
792 4
605 2
235 3
739 1
412 2
278 3
431 3
543 1
110 4
53 3
380 2
594 3
182 2
458 1
564 3
336 2
675 4
46 2
229 5
457 2
424 1
508 2
364 1
406 2
621 3
435 2
441 2
171 5
305 3
517 3
667 1
12 2
334 1
579 2
673 1
527 4
721 3
387 1
353 2
782 2
295 2
5 1
280 3
790 2
14 3
646 3
389 3
559 2
60 3
711 2
323 1
571 2
440 1
343 5
269 1
554 3
439 2
584 4
285 2
704 1
43 2
274 2
56 3
513 2
402 1
48 2
451 1
230 2
54 4
355 1
319 4
476 3
33 2
271 2
659 2
471 3
692 3
205 2
720 2
378 4
483 3
614 1
533 2
252 1
76 3
6 3
705 3
482 1
28 1
622 3
407 4
116 3
684 2
69 3
480 3
259 1
78 4
723 1
504 1
398 1
361 1
734 3
178 3
753 1
331 1
657 3
455 1
617 2
788 1
77 3
563 2
610 1
738 1
574 2
169 5
583 2
672 3
59 1
648 1
634 1
234 1
184 2
130 3
188 3
793 2
729 3
3 1
185 2
744 1
547 4
134 1
261 2
348 1
706 1
204 1
532 4
303 2
138 2
282 1
236 3
47 3
189 2
647 1
444 2
529 5
479 1
358 2
145 1
491 3
500 2
210 2
502 4
510 3
183 1
94 1
18 3
452 2
565 2
294 1
392 2
531 2
562 1
446 4
730 3
369 1
560 1
401 1
245 2
453 2
149 2
652 1
650 2
570 1
144 1
367 1
23 2
670 2
254 2
668 4
200 2
383 1
520 3
761 3
139 2
4 2
752 2
772 1
107 1
365 3
153 1
341 3
156 1
656 1
89 1
410 3
784 2
111 3
281 2
680 1
399 1
157 1
125 1
15 2
170 1
152 2
681 1
272 1
275 1
163 2
456 1
589 2
251 1
625 1
328 2
307 1
747 1
728 2
442 1
698 1
487 1
195 1
432 1
137 1
633 1
535 1
477 2
191 1
250 1
549 1
604 1
248 2
736 1
25 1
468 1
63 1
766 1
302 1
731 1
264 1
429 1
player: 0 Altruist
171 1
666 2
105 3
1 4
29 5
317 3
57 5
40 5
406 8
427 1
296 2
186 6
225 3
796 5
503 4
578 5
642 6
131 2
223 1
643 5
14 3
54 5
83 4
226 4
606 5
681 2
473 3
396 4
744 1
39 5
529 2
43 2
205 6
209 2
328 4
361 1
194 4
94 4
217 4
558 2
200 4
626 3
359 3
167 4
286 1
351 3
791 6
661 5
145 3
736 6
567 5
400 4
494 2
103 2
339 3
189 5
177 5
597 3
378 6
21 1
69 3
74 3
383 3
769 5
774 4
788 1
316 4
114 2
764 5
265 3
610 5
273 2
201 3
673 1
658 3
794 3
784 4
48 3
269 6
668 2
384 7
311 3
706 4
58 5
418 7
751 3
141 5
313 3
603 3
786 3
298 4
98 4
498 5
504 5
782 4
458 2
84 2
386 4
531 3
464 1
10 5
640 4
739 3
521 5
766 4
502 5
97 2
566 4
561 5
190 7
108 3
624 3
34 3
571 3
315 4
213 4
295 3
248 5
53 4
410 2
758 3
393 5
770 4
631 5
4 6
279 5
118 3
16 3
266 2
96 5
431 5
539 3
690 1
231 4
93 3
612 2
322 4
592 3
138 2
589 3
675 1
331 4
385 8
738 2
596 4
147 3
192 6
127 3
28 5
235 6
162 2
468 5
294 2
181 4
362 3
573 3
333 2
651 1
577 4
515 6
157 6
644 2
252 7
484 3
683 1
323 1
629 2
549 5
785 3
574 3
568 5
605 3
355 3
334 4
579 5
710 3
122 3
649 2
346 4
591 1
489 1
367 3
329 7
485 1
604 4
37 2
783 3
443 1
15 6
452 2
240 3
117 4
750 1
9 4
708 1
287 3
360 3
132 5
395 2
756 3
175 6
633 2
184 2
146 4
535 3
526 3
31 5
450 4
469 2
465 2
600 6
772 6
274 5
143 3
111 6
422 3
627 2
509 4
8 4
224 6
47 6
792 4
768 2
477 4
656 2
357 5
789 4
435 1
735 1
598 2
799 4
436 3
564 3
159 3
3 2
467 3
123 2
582 2
126 4
388 5
152 4
80 1
169 3
238 4
277 1
731 2
527 4
151 4
747 2
584 4
581 5
128 3
249 4
256 3
448 3
222 2
375 3
101 4
602 2
670 3
168 2
344 1
246 1
207 5
210 4
641 4
762 3
227 1
446 4
102 5
614 1
401 3
544 2
712 2
130 4
684 3
474 1
236 4
68 2
722 2
55 1
109 3
182 6
318 3
335 2
244 3
219 3
482 6
510 3
391 6
229 6
692 1
63 2
425 3
116 3
20 3
759 2
89 3
725 2
752 3
197 2
149 3
79 1
87 3
726 5
402 1
680 2
424 2
553 3
276 1
687 2
618 1
163 6
377 2
358 3
676 2
655 3
153 4
512 3
212 4
228 3
251 2
546 3
289 2
753 3
342 4
49 2
470 5
415 3
110 2
330 4
32 3
625 3
793 5
293 3
245 2
611 5
191 5
740 4
636 2
370 4
270 3
550 3
528 3
381 1
682 3
218 4
259 1
139 4
426 5
616 3
234 5
95 1
257 4
325 2
91 3
441 3
242 4
560 3
66 3
419 1
250 3
112 3
307 3
460 1
575 2
538 3
290 3
728 2
674 5
486 3
299 1
718 2
479 3
148 5
542 4
2 5
488 5
513 1
12 4
555 2
537 3
258 2
170 1
25 4
65 3
671 2
59 2
267 3
569 3
453 3
164 4
536 2
421 4
107 4
6 3
749 1
135 4
532 1
106 4
522 3
734 2
263 3
463 4
411 5
26 4
387 2
144 3
408 3
490 2
662 3
92 2
81 2
292 4
67 2
156 4
104 4
787 3
508 3
82 3
221 3
301 1
23 3
324 4
438 3
341 3
36 2
619 2
50 2
27 2
483 3
433 1
253 5
255 3
113 3
500 5
520 2
607 4
771 3
466 1
461 3
233 4
154 5
669 2
746 3
743 1
261 3
364 3
632 1
125 4
622 3
158 4
423 3
337 2
475 1
478 2
439 1
417 4
71 4
374 2
369 5
42 3
165 3
563 2
282 4
437 1
17 4
75 4
254 1
501 4
195 1
517 3
699 2
491 5
356 4
300 3
216 3
724 1
133 1
115 4
349 1
11 3
507 3
717 4
572 1
721 2
308 3
586 1
645 3
204 2
7 4
326 3
22 3
166 4
599 4
689 2
285 4
442 2
777 3
481 2
727 1
715 3
208 2
340 3
173 2
230 1
76 3
533 2
187 2
585 2
434 4
428 2
392 4
534 2
119 4
376 5
272 1
657 2
523 2
505 3
685 1
129 1
243 2
206 2
447 2
593 4
121 4
90 3
416 2
61 2
630 1
554 1
557 2
459 3
659 2
41 3
779 1
124 2
176 2
281 4
100 1
660 2
280 1
545 5
444 4
188 3
702 4
271 4
576 1
472 2
703 4
688 1
56 1
763 1
373 2
648 3
580 2
449 1
232 4
420 2
142 1
368 4
304 2
343 3
38 4
556 2
540 1
781 1
211 2
198 3
696 1
353 3
180 4
314 4
284 2
559 2
462 1
389 2
635 3
590 1
707 1
613 2
663 3
394 2
565 3
365 1
495 2
179 1
405 1
99 2
399 4
570 2
664 2
214 1
372 3
350 3
174 1
693 2
203 4
765 3
305 1
677 1
497 2
155 2
455 1
371 2
288 1
320 2
445 1
647 5
321 1
754 1
220 2
409 1
403 2
199 1
310 3
499 1
278 1
741 2
594 1
487 2
382 3
552 1
414 1
185 1
621 1
730 1
493 2
775 1
137 2
5 2
650 1
407 1
302 2
665 1
646 2
77 1
638 1
262 1
345 1
24 3
454 1
297 1
653 3
698 1
691 1
366 1
617 1
716 1
64 1
767 2
457 1
183 1
609 1
354 1
547 2
237 3
496 2
78 1
136 1
678 2
760 2
492 1
506 1
215 1
440 1
588 1
13 1
456 3
737 1
196 1
697 2
172 2
432 1
516 1
348 1
306 1
46 1
347 3
283 1
70 1
686 2
193 2
413 1
720 2
291 2
160 1
19 2
667 2
44 1
776 2
60 1
239 3
654 2
652 1
748 1
476 2
530 1
541 1
30 1
639 1
88 1
511 1
120 1
595 1
733 2
319 1
430 1
514 1
742 1
637 1
551 1
241 1
73 1
755 1
player: 10 Competitive
472 2
48 2
567 5
586 1
576 3
314 2
218 4
26 4
536 3
163 3
360 6
759 3
764 4
28 1
334 2
494 3
79 3
332 4
455 6
19 3
470 3
482 2
211 4
233 4
720 3
200 1
7 5
67 4
122 4
431 6
515 5
267 5
651 4
469 1
188 4
646 3
551 1
329 3
607 1
423 1
311 4
612 8
241 2
749 3
263 2
105 3
642 3
565 2
793 5
104 4
752 3
618 2
684 2
127 5
395 6
47 4
742 3
417 6
577 7
217 4
65 4
63 4
337 3
62 3
178 5
429 1
653 4
520 3
668 2
403 3
309 3
532 1
310 3
34 3
221 3
459 4
81 3
516 6
408 2
762 6
176 3
635 5
359 3
790 3
413 3
728 1
290 2
64 1
345 4
738 4
129 5
161 1
255 2
214 4
382 2
526 1
88 4
780 2
636 5
578 5
287 1
666 3
461 2
282 5
679 1
496 4
538 2
365 3
678 2
301 4
584 2
78 1
33 2
97 1
373 2
796 6
690 2
549 2
533 5
719 5
451 5
779 4
260 3
119 4
556 3
194 5
335 2
772 4
662 2
258 3
663 4
361 4
784 2
644 6
626 2
611 3
535 4
189 4
418 2
195 2
305 3
156 3
543 2
224 6
264 1
493 1
554 4
370 4
134 3
480 2
608 6
201 4
648 4
381 4
547 3
471 2
196 4
724 4
390 3
446 1
354 2
512 5
590 5
356 2
391 2
307 3
308 5
227 3
530 3
289 4
517 2
682 6
693 2
792 3
89 5
187 2
497 2
439 4
763 6
622 2
568 4
84 7
569 2
320 2
85 4
13 3
788 4
278 1
595 3
664 4
385 5
133 4
369 2
197 7
363 2
737 5
721 5
387 3
327 3
169 4
253 4
434 3
90 3
139 2
528 1
180 1
714 3
343 2
402 5
52 2
219 4
633 4
559 2
351 2
237 4
433 4
49 1
276 1
700 2
407 4
716 4
703 3
748 1
191 7
283 3
707 2
775 4
592 6
730 6
8 2
767 2
177 7
553 3
731 5
783 3
546 3
368 2
175 2
474 5
17 4
58 1
495 6
393 3
610 3
138 3
513 1
539 1
83 3
293 2
425 2
35 3
507 3
185 3
406 5
179 2
452 2
465 2
581 1
518 2
247 1
303 4
164 1
753 4
50 4
755 1
770 3
148 3
786 3
630 2
157 5
270 3
257 3
550 7
173 4
73 4
683 2
174 3
312 2
126 1
51 1
74 2
342 1
555 3
696 4
145 5
442 4
616 2
210 2
798 3
386 2
193 2
226 1
718 2
170 6
483 3
128 3
222 2
374 1
524 3
585 2
118 2
685 5
486 4
701 3
421 1
192 2
560 4
379 3
761 2
54 2
573 3
348 3
246 3
699 3
789 6
364 7
397 2
98 3
239 5
593 5
754 5
70 4
23 1
107 5
394 2
114 3
251 2
206 5
503 8
534 3
598 2
225 5
31 5
141 2
588 2
601 6
358 3
317 2
468 4
220 4
383 3
137 3
443 1
479 2
160 2
140 2
186 2
655 3
420 4
111 2
624 3
562 3
658 3
726 4
603 4
705 4
527 3
94 2
162 2
110 2
41 2
540 3
231 2
165 2
791 4
473 1
269 7
346 5
629 3
620 3
444 3
339 2
650 4
296 1
692 3
750 3
181 3
212 2
478 3
712 2
315 5
476 2
21 4
436 2
172 3
372 3
671 2
306 3
319 2
77 3
617 1
411 4
158 3
151 2
410 3
570 1
774 1
760 2
797 1
426 3
645 1
2 3
330 4
396 3
295 2
294 1
69 1
352 1
694 2
688 2
254 4
414 5
275 3
109 2
736 2
4 6
460 1
619 1
216 3
184 4
574 1
66 3
795 2
103 1
292 4
631 2
76 1
143 2
285 1
525 4
112 2
672 4
715 2
235 3
709 1
42 1
259 4
580 2
751 1
242 2
135 3
230 5
99 2
440 3
405 2
438 5
299 5
739 2
355 2
243 1
72 3
22 1
93 3
564 2
741 7
453 2
123 1
725 2
625 3
150 5
659 2
654 1
466 3
637 2
37 4
604 3
660 3
347 2
416 4
120 3
621 3
398 3
61 2
544 3
245 4
325 2
600 2
661 4
124 3
6 3
449 2
16 6
108 5
463 4
745 2
15 2
484 2
297 3
357 1
349 3
566 1
656 2
399 1
248 2
787 3
686 5
437 1
765 2
262 2
769 3
183 2
322 2
9 4
687 4
430 2
96 1
613 4
717 2
252 2
523 3
277 4
171 3
489 3
388 1
768 2
509 4
641 2
304 2
445 3
505 2
689 3
392 5
732 3
575 1
450 3
776 4
647 3
722 2
24 3
710 4
136 3
268 4
333 2
681 2
771 4
649 2
56 2
232 4
488 2
582 3
340 1
313 2
279 5
670 4
250 4
634 1
594 2
44 3
697 1
155 5
300 3
475 2
698 4
744 3
638 3
204 1
412 1
324 1
756 1
778 4
481 2
132 1
746 4
249 6
117 3
537 3
735 3
46 4
57 2
667 5
508 2
435 4
729 2
125 1
615 1
266 2
55 1
146 3
115 2
384 2
597 2
331 5
353 2
238 2
205 2
521 5
100 2
380 1
149 1
284 2
704 2
673 3
338 3
302 3
389 2
711 2
223 4
427 4
424 3
378 4
734 2
500 2
510 1
18 1
605 2
591 1
643 2
708 1
215 2
557 1
265 4
490 1
153 2
652 2
552 2
706 2
116 2
400 3
456 1
3 1
256 2
101 3
492 1
344 2
106 4
691 3
131 3
657 1
467 1
377 3
130 3
545 1
60 2
234 2
404 1
261 2
92 3
511 2
674 1
782 2
229 1
274 2
713 1
794 3
401 1
40 3
5 1
702 2
572 1
36 1
167 1
316 2
121 4
82 2
602 3
43 2
599 3
773 2
583 2
462 5
628 2
240 2
464 1
213 2
542 1
477 1
639 2
501 4
506 3
606 3
609 1
272 1
558 3
409 1
419 1
190 1
587 2
627 3
323 1
91 1
207 1
596 2
680 1
531 1
328 2
422 1
448 1
677 1
623 1
298 1
415 1
30 1
75 1
336 2
341 1
228 2
142 1
208 1
10 1
59 1
487 2
182 1
350 1
80 1
766 1
514 1
147 1
561 1
198 1
113 2
12 1
571 1
589 1
447 1
244 1
499 1
144 1
743 1
432 1
286 1
281 1
288 1
675 2
485 1
102 1
321 1
579 1
95 1
168 1
491 1
457 1
665 1
291 1
375 1
player: 2 Altruist
524 2
599 5
335 3
101 6
62 3
426 3
587 2
25 3
369 3
478 2
754 2
291 4
546 5
739 3
345 2
28 3
300 4
251 3
690 1
232 6
253 3
593 5
1 4
133 4
179 2
601 4
501 2
270 6
282 7
556 5
215 6
145 4
80 7
287 4
795 1
59 6
479 1
57 1
235 6
674 2
271 6
115 2
774 4
585 3
39 3
409 4
305 1
196 4
343 3
459 2
110 3
91 1
698 4
453 4
446 3
201 6
208 4
752 2
197 4
288 3
414 2
605 3
750 4
787 6
329 4
591 5
673 6
628 2
507 3
781 6
310 5
221 3
368 7
224 6
486 5
350 6
216 6
768 5
682 5
608 4
648 2
318 2
155 3
43 3
168 3
230 5
499 3
435 3
386 2
373 3
476 2
38 1
590 4
640 6
452 3
635 2
615 4
543 2
119 5
399 1
165 5
121 4
480 4
727 1
521 6
422 3
311 3
94 6
606 2
211 3
586 5
247 2
239 2
213 2
519 2
19 1
185 4
162 4
715 3
245 3
511 2
127 3
122 2
37 5
676 4
568 1
269 4
672 3
32 4
776 2
190 1
487 2
573 4
366 7
284 5
72 6
202 6
33 1
562 4
456 2
448 3
384 2
134 2
529 3
316 5
4 2
408 3
671 1
470 3
646 3
314 2
796 3
158 2
362 4
29 3
449 2
780 3
481 4
442 6
195 6
193 6
782 1
471 6
267 1
551 4
159 3
762 2
659 2
375 5
627 1
607 2
760 4
512 2
670 1
769 3
212 4
784 5
140 4
563 6
258 4
630 3
472 2
518 5
194 3
143 4
248 3
427 5
443 3
56 3
589 3
17 7
156 3
522 4
570 4
397 4
69 2
89 2
257 6
327 2
663 3
542 1
146 2
550 4
513 3
376 2
209 4
714 1
183 4
493 3
602 1
510 2
791 3
188 3
694 4
572 3
90 4
203 2
642 4
161 7
114 1
441 4
720 2
44 4
225 3
440 3
764 4
85 1
76 4
429 5
95 4
726 1
256 3
206 2
643 1
150 3
293 2
319 1
331 3
457 7
525 5
390 2
160 4
504 6
167 5
169 2
490 2
30 5
637 3
700 1
20 2
96 2
657 3
81 3
532 2
788 1
678 4
661 5
63 1
789 3
250 4
323 2
560 3
514 3
99 3
765 4
381 1
177 6
458 5
534 2
68 3
249 2
124 5
391 5
658 3
732 5
174 8
571 4
64 2
285 5
477 6
687 1
656 2
354 2
396 3
87 3
424 3
31 5
104 3
178 1
395 4
600 1
315 4
255 3
485 2
454 2
491 6
27 4
286 3
199 4
666 1
139 3
633 1
7 2
639 3
126 4
751 2
322 2
569 4
3 3
380 4
237 2
36 3
260 5
125 2
451 5
660 1
582 5
438 4
361 2
289 1
686 2
337 5
303 2
184 4
558 3
336 3
495 1
372 3
382 3
266 4
747 1
722 1
465 1
42 3
460 4
473 3
665 3
523 3
294 3
565 3
151 4
613 3
588 2
721 1
11 6
578 3
410 2
533 4
242 2
66 5
738 4
710 2
280 2
50 2
388 2
731 2
5 4
13 3
74 2
584 2
617 6
166 1
290 4
749 3
236 4
743 4
766 1
93 3
492 4
464 2
785 3
537 3
105 3
75 1
612 2
735 2
214 4
83 2
18 3
489 6
505 3
709 2
387 1
41 4
228 2
144 2
740 5
100 3
598 3
632 2
358 2
222 4
564 4
594 2
352 2
377 3
23 2
681 3
688 4
109 2
515 3
332 6
77 4
98 1
47 2
131 1
603 1
756 2
265 3
652 1
261 3
733 2
618 3
792 2
415 2
753 2
610 3
67 3
496 3
154 4
123 3
364 4
341 2
129 3
51 4
309 4
626 1
444 2
35 4
173 4
468 5
467 3
54 2
541 3
182 1
437 4
207 2
9 3
299 2
171 3
88 3
771 3
142 2
411 3
536 6
620 3
528 4
330 4
108 2
21 1
699 1
252 3
138 3
275 2
526 5
644 7
351 4
553 3
474 1
403 1
718 2
494 1
359 3
530 1
745 1
297 2
383 3
777 2
363 1
379 4
8 1
149 3
455 2
79 1
428 3
793 1
425 3
304 1
669 3
701 3
97 3
357 2
583 2
545 4
555 1
191 2
26 6
192 4
664 2
371 3
531 4
263 1
705 2
233 1
462 3
227 2
527 1
622 5
132 3
279 2
539 4
217 2
218 3
711 2
538 1
296 2
365 2
78 2
557 2
548 2
506 3
683 2
466 2
272 1
650 2
461 2
775 1
254 3
421 3
419 4
509 4
719 4
554 6
398 2
575 2
629 1
378 1
342 3
355 5
111 5
349 5
540 2
482 3
634 2
685 1
292 6
561 1
34 2
53 1
147 3
273 1
567 4
281 5
204 1
614 1
22 1
60 5
392 1
520 2
779 5
445 1
180 2
82 4
198 2
623 3
772 4
48 3
45 3
295 2
240 2
243 2
333 4
220 3
770 3
246 1
402 1
544 2
400 2
71 2
761 1
535 3
423 3
631 2
420 1
763 2
298 2
268 2
503 4
210 1
728 3
385 1
616 2
130 2
283 2
724 2
306 2
488 3
725 1
708 2
136 1
128 2
58 4
164 1
611 2
436 2
412 1
431 2
61 1
238 1
307 2
15 4
741 4
84 1
118 2
783 2
346 2
14 1
746 3
141 1
416 2
734 1
654 2
117 3
40 3
547 2
797 1
278 2
274 2
691 2
229 1
692 2
498 1
497 2
463 2
389 1
348 2
334 1
55 3
439 2
552 2
259 1
707 2
502 1
187 2
226 1
757 2
702 1
6 2
205 5
137 2
353 2
689 1
716 2
566 2
767 1
16 1
516 3
317 1
186 3
596 1
172 1
581 1
49 2
580 1
24 1
647 2
729 2
264 2
312 3
597 2
621 4
517 4
794 3
367 1
786 1
374 1
418 3
181 2
773 1
655 1
595 3
339 1
758 2
223 1
116 1
559 1
219 2
234 2
176 1
393 2
675 1
475 1
483 2
717 2
693 2
649 1
407 1
679 1
684 1
653 1
106 1
170 1
52 1
157 1
713 1
432 1
370 1
344 1
360 1
103 1
579 1
135 1
706 1
102 1
328 2
450 1
625 1
107 1
704 1
277 1
244 1
748 1
65 1
338 1
736 2
302 1
742 2
677 1
434 1
301 1
500 1
394 1
200 1
430 1
484 1
189 1
308 1
262 1
241 1
player: 5 Altruist
364 3
327 4
770 1
52 5
696 1
6 4
513 4
101 1
739 3
387 2
534 2
566 1
246 5
254 4
491 5
366 2
249 3
75 3
618 3
338 5
475 4
27 4
576 4
693 2
244 2
144 7
350 2
323 2
784 2
140 3
531 3
240 5
4 8
108 5
504 6
554 3
41 4
163 3
373 4
208 2
398 5
466 1
72 6
430 5
170 5
181 2
408 5
343 4
421 3
395 2
13 3
628 4
201 1
157 3
441 5
231 5
131 2
752 3
411 3
729 6
605 2
167 4
546 1
297 4
96 4
300 3
613 3
562 4
18 6
339 3
71 4
346 2
577 5
91 6
527 4
439 3
389 5
228 6
135 3
202 2
649 5
516 3
497 3
458 2
237 5
14 3
291 2
742 4
273 2
40 6
795 2
564 2
568 3
676 3
56 2
728 1
418 4
512 2
225 5
15 3
251 4
63 2
594 7
194 4
117 2
217 7
525 3
710 1
701 5
406 3
250 7
104 5
266 5
524 2
601 5
610 3
779 3
243 2
31 2
368 5
224 6
65 3
384 5
196 5
470 2
584 2
767 2
49 2
794 2
83 9
365 6
638 2
496 3
539 2
226 5
81 4
569 5
134 4
55 4
183 3
363 2
22 4
732 2
102 2
264 5
321 3
535 3
342 5
495 3
426 1
548 1
523 2
19 3
737 2
380 2
258 3
489 4
252 4
668 3
477 4
448 4
532 3
469 4
162 2
582 5
429 5
432 5
431 2
230 6
662 5
66 6
773 3
515 2
428 7
680 4
361 6
306 4
768 3
631 2
660 2
621 3
760 3
793 2
184 3
241 2
474 4
222 2
227 3
67 3
468 6
450 3
61 3
325 2
675 1
218 1
724 4
511 5
454 5
284 4
500 2
371 5
505 6
617 4
10 2
506 3
375 4
414 4
302 1
413 4
407 3
269 4
415 1
155 5
423 5
235 3
229 1
396 3
209 4
459 2
213 5
684 2
666 2
214 3
520 8
279 3
379 2
667 1
70 2
268 4
549 5
79 3
782 1
404 3
121 2
536 3
529 3
54 3
106 3
278 2
461 4
654 3
271 4
145 2
748 2
200 4
550 4
416 4
45 4
153 4
476 4
765 3
608 3
702 3
625 4
132 3
624 1
376 2
26 5
374 4
424 1
471 3
275 1
85 3
650 2
344 3
341 3
565 3
283 3
9 2
151 1
492 5
694 3
174 1
467 4
417 4
138 1
690 1
579 3
792 4
188 3
236 2
60 3
262 2
328 2
267 4
263 2
759 4
611 5
585 3
113 3
573 5
607 3
687 3
655 1
456 4
399 4
172 3
619 4
359 2
543 4
718 2
182 3
447 8
745 4
580 4
780 3
335 4
643 4
747 1
716 1
68 2
76 2
143 2
490 1
190 4
571 2
64 3
686 2
659 4
180 3
391 6
272 3
124 2
333 3
260 3
345 4
312 2
561 5
615 1
308 2
796 3
444 4
405 2
388 4
59 2
620 3
47 1
111 1
317 1
160 6
455 3
775 2
276 4
77 4
324 4
472 4
32 4
653 2
261 4
74 1
599 1
122 3
723 1
281 2
658 1
195 1
23 4
709 4
199 4
590 2
87 4
689 4
352 4
725 2
370 3
735 1
493 2
92 3
498 4
487 5
393 5
136 4
253 1
501 2
403 2
198 4
753 7
234 3
657 5
206 2
603 4
116 2
593 1
528 1
545 1
622 2
785 3
422 4
186 1
736 3
277 5
340 3
154 1
465 4
299 2
128 4
642 3
519 1
282 1
168 4
137 3
336 2
362 2
355 4
420 4
791 4
313 3
612 2
409 3
147 4
587 4
623 1
265 1
315 4
778 2
30 5
3 2
382 4
589 3
727 4
169 1
514 2
734 2
769 3
786 3
304 3
203 4
440 3
700 3
640 2
397 4
50 2
152 2
510 1
329 3
438 5
210 4
479 3
314 2
334 3
46 4
446 1
522 2
347 3
707 3
575 2
507 2
293 3
112 3
142 2
307 3
401 4
410 5
677 2
320 2
377 4
473 2
97 4
95 4
89 5
37 3
766 4
187 2
434 5
636 1
28 1
756 3
295 2
123 3
34 2
372 2
437 3
556 5
219 1
280 3
538 9
197 1
126 3
212 1
118 1
177 2
560 1
719 1
453 1
311 2
563 2
150 2
303 1
146 5
717 1
521 6
73 3
798 3
133 3
221 1
740 1
139 3
130 3
789 3
88 5
452 1
298 3
109 1
442 2
738 2
757 2
670 4
326 2
245 1
185 4
592 2
173 2
354 2
35 5
33 1
508 6
58 4
358 2
331 6
578 6
158 4
232 2
464 2
93 2
1 1
551 3
774 2
8 1
175 3
161 2
25 2
788 1
294 2
787 3
141 4
256 4
220 3
462 2
595 2
581 3
776 5
94 2
597 4
559 1
171 1
634 2
552 4
211 3
449 1
647 1
86 1
127 3
285 2
484 5
78 4
635 4
645 1
722 1
567 2
641 3
239 3
781 1
301 1
629 1
90 1
290 5
148 4
797 2
518 1
557 4
698 2
80 3
287 4
233 5
274 1
330 2
691 2
100 1
7 2
771 2
609 2
764 2
318 1
103 1
12 1
435 3
683 1
715 1
480 1
695 2
558 2
319 1
445 2
488 1
176 2
238 2
120 2
777 2
482 4
663 2
637 2
591 1
646 1
400 1
600 2
207 4
588 4
502 2
82 2
483 1
460 2
746 2
574 3
367 2
614 1
730 1
215 4
632 1
627 2
674 2
115 3
53 1
69 2
20 1
42 3
191 2
750 2
661 1
517 1
726 2
433 1
105 2
289 4
651 2
478 2
309 2
223 2
602 2
733 1
316 4
761 1
178 3
741 1
386 1
381 2
189 2
125 2
402 1
486 2
360 1
537 3
332 2
673 1
754 2
630 3
652 3
481 1
755 1
2 1
570 2
204 3
751 1
24 3
542 3
390 1
149 3
164 1
351 1
99 2
166 5
533 2
671 1
772 2
457 1
758 1
165 2
259 1
499 2
44 1
119 1
583 2
292 2
193 1
247 3
305 1
383 1
713 1
114 1
463 1
57 1
553 1
783 1
711 1
179 2
540 2
749 1
596 1
385 1
547 1
84 2
744 1
129 1
679 1
598 1
530 1
678 1
762 1
544 1
721 1
player: 6 Altruist
181 7
601 4
25 3
424 5
499 5
438 6
681 1
291 3
22 5
412 4
288 3
572 5
410 3
406 2
680 5
512 4
28 5
235 5
433 7
350 3
638 4
397 3
274 2
4 3
23 2
627 2
579 3
159 6
80 6
205 4
77 3
316 4
66 4
567 2
234 1
753 7
613 3
242 3
11 4
482 3
551 3
404 6
216 8
789 7
451 2
536 3
698 1
253 5
232 2
326 5
164 2
778 2
456 3
313 2
553 3
32 2
60 6
19 3
222 2
52 3
339 4
660 4
547 3
355 4
716 3
538 5
668 1
85 6
665 4
664 1
530 4
719 4
405 7
399 2
519 4
391 5
228 3
58 3
524 1
74 4
170 5
610 5
196 5
409 4
336 2
272 3
578 3
118 4
408 3
194 2
532 4
652 4
641 4
761 1
145 5
332 1
555 4
463 2
502 5
13 4
225 2
231 2
472 6
244 3
445 4
333 3
542 3
396 7
398 4
2 3
614 3
103 4
325 2
656 1
460 5
426 2
539 3
740 2
596 4
193 3
17 3
88 3
452 4
411 6
763 2
389 4
306 1
251 6
184 5
738 3
154 2
277 1
309 2
381 4
781 5
258 4
163 5
637 5
297 5
348 2
298 1
465 2
357 4
591 4
150 3
345 2
48 4
144 4
394 5
83 5
669 2
477 7
428 3
282 3
198 4
645 4
636 2
68 5
631 3
437 4
421 5
788 2
440 3
286 4
327 2
684 2
766 3
134 5
269 2
220 2
214 4
388 2
653 6
518 3
387 1
513 2
287 5
142 3
552 2
489 5
762 5
233 1
340 2
299 1
208 4
356 4
37 2
148 3
127 3
12 3
178 3
589 2
219 2
511 2
773 5
117 3
161 2
201 3
15 3
625 2
522 3
300 6
328 2
179 1
36 3
644 6
40 4
270 5
523 2
521 3
670 4
774 5
59 5
691 1
276 3
573 4
101 1
525 1
675 3
562 2
293 2
528 4
731 5
30 1
200 4
10 2
755 2
507 3
76 3
191 4
14 1
27 2
365 1
611 4
78 4
311 3
241 3
96 2
560 1
259 2
45 5
617 4
353 3
275 1
726 3
187 3
129 3
688 2
240 8
558 4
425 3
493 3
369 3
121 3
106 3
239 3
20 2
612 1
509 4
708 2
564 2
346 2
379 4
649 6
501 4
211 2
673 3
448 2
79 7
505 3
767 1
635 1
390 1
481 3
49 2
100 3
281 4
92 6
331 8
697 2
188 3
151 2
1 5
160 3
86 4
217 3
271 3
568 3
775 3
423 4
41 2
324 4
173 4
334 2
238 2
243 4
543 2
115 2
185 3
643 2
714 2
540 2
598 3
18 3
705 1
250 4
650 2
29 1
351 2
35 3
97 3
34 2
514 5
24 3
748 4
169 6
487 5
473 4
204 3
279 5
785 2
338 1
725 1
414 2
380 2
570 3
474 2
213 5
434 4
335 4
639 2
654 5
496 5
667 1
484 5
202 1
646 4
54 4
46 1
322 1
630 5
764 1
99 3
168 3
430 3
520 1
382 2
221 1
209 3
323 2
607 1
119 2
197 2
265 3
454 3
302 4
711 2
419 5
6 1
33 2
69 2
468 1
563 1
595 4
176 4
147 5
793 3
594 1
305 2
139 2
420 3
386 2
546 4
642 1
466 2
65 3
500 3
266 2
768 1
223 4
370 3
590 3
797 3
556 3
470 1
480 2
401 2
152 3
371 3
155 7
559 4
245 2
683 3
626 2
693 5
759 1
490 3
736 3
246 4
123 3
337 1
7 2
534 4
210 1
285 3
676 1
199 2
702 4
120 2
780 4
706 3
254 2
39 1
550 1
273 2
792 3
443 4
294 2
620 3
441 3
600 4
765 3
586 2
707 1
503 5
72 6
432 1
237 3
690 1
498 3
330 1
295 2
476 3
457 3
363 3
751 2
575 3
516 3
537 4
342 4
629 2
347 4
712 1
9 3
227 1
436 2
634 3
131 2
183 2
549 1
385 4
407 2
102 1
672 1
471 2
603 1
632 3
783 3
770 5
671 3
597 4
289 2
533 6
651 3
230 1
126 2
727 1
113 3
587 2
722 3
21 2
43 1
158 2
588 3
713 2
754 3
67 2
26 4
459 4
268 6
190 2
455 3
212 5
449 1
769 4
616 1
750 1
44 3
5 1
108 2
87 3
554 4
165 4
354 5
317 4
506 3
602 2
360 3
585 5
492 3
734 2
757 3
114 1
90 2
458 1
782 2
517 4
442 4
314 1
655 3
64 1
402 2
315 1
515 2
479 5
53 4
62 3
136 2
89 3
583 2
784 3
226 1
257 4
284 1
548 2
395 2
321 3
149 2
215 1
292 2
255 5
746 1
175 2
475 3
375 1
261 3
791 5
283 3
618 3
262 2
366 1
689 2
599 3
376 2
621 1
75 4
633 3
189 1
304 1
417 2
535 3
307 2
685 2
582 1
186 1
593 3
82 5
464 2
341 2
772 1
171 3
545 2
742 4
427 2
98 1
301 2
619 2
485 3
692 2
361 3
312 2
622 2
565 4
229 2
249 3
63 3
94 3
364 4
439 4
378 2
694 1
236 2
260 1
91 1
38 1
678 2
615 2
182 4
296 1
372 1
581 2
584 1
172 2
71 5
453 1
112 1
728 3
162 2
510 1
744 2
798 1
709 3
157 2
758 3
609 2
140 2
415 1
57 1
130 2
659 1
752 1
248 1
109 2
400 2
308 3
529 1
318 1
290 2
110 2
508 4
367 1
483 2
377 4
491 2
383 1
696 2
358 1
544 2
218 1
247 2
557 1
435 2
310 1
623 4
795 1
592 3
320 3
192 2
462 2
429 3
107 1
180 2
745 1
122 1
50 5
303 2
704 1
146 2
374 3
51 1
682 3
8 2
577 1
486 2
703 1
494 3
137 1
541 1
647 1
252 1
47 1
61 1
566 3
403 3
723 1
446 3
662 1
177 2
779 1
93 2
461 1
686 1
741 2
640 3
224 3
447 1
141 2
359 1
658 1
717 1
153 4
352 1
531 1
628 1
580 1
174 4
207 1
73 1
319 2
794 1
790 1
608 1
739 3
256 1
715 1
561 3
695 1
687 1
504 1
721 1
195 2
267 2
732 1
264 1
576 1
362 1
343 3
771 2
104 1
799 2
392 1
450 1
526 1
206 1
467 1
574 1
203 2
329 1
624 2
124 1
416 1
344 2
167 1
469 1
661 1
133 1
733 2
132 1
431 1
368 1
495 1
730 1
413 1
422 1
138 1
760 1
710 1
786 1
657 1
749 1
777 1
478 1
569 1
rank player: 3 Altruist
9 172
6 200
5 182
7 162
12 165
10 148
11 147
8 175
2 150
3 156
4 156
1 187
rank player: 7 Altruist
4 171
8 151
9 187
12 159
6 170
3 176
1 159
7 161
2 175
10 167
5 167
11 157
rank player: 8 Altruist
5 179
2 165
3 181
9 158
7 173
8 174
6 190
1 156
11 149
4 170
12 165
10 140
rank player: 4 Altruist
11 157
5 173
10 167
3 192
12 164
7 160
8 180
2 174
6 162
1 138
9 172
4 161
rank player: 11 Competitive
6 146
12 192
4 153
7 144
8 159
3 148
2 156
11 197
5 182
10 173
9 188
1 162
rank player: 1 Altruist
12 155
1 188
7 185
2 169
10 175
5 157
4 163
11 171
3 156
6 148
9 162
8 171
rank player: 9 Competitive
1 153
4 156
11 206
6 154
8 182
12 166
10 168
2 171
9 176
5 153
3 175
7 140
rank player: 0 Altruist
2 184
11 170
1 190
4 171
3 167
6 169
12 162
8 147
9 132
7 194
5 162
10 152
rank player: 10 Competitive
8 156
3 154
11 176
9 174
2 157
5 149
12 205
1 147
7 156
6 158
4 175
10 193
rank player: 2 Altruist
10 180
6 163
4 184
2 184
8 154
1 171
5 178
7 160
12 149
3 142
11 165
9 170
rank player: 5 Altruist
7 184
12 149
3 179
11 135
1 175
6 173
4 173
9 152
8 184
10 178
5 172
2 146
rank player: 6 Altruist
3 174
9 157
1 174
8 167
7 181
12 169
5 146
2 169
10 159
4 167
11 170
6 167
