# num_threads, maze_size, num_players, num_it, p1, p2 ,p3 , num_Altruist, num_Ind, num_Competitive
# type tests
# 20 10 12 100 0 0 0 4 4 4
# 20 20 12 100 0 0 0 4 4 4
# 20 10 12 100 0 0 0 12 0 0
# 20 20 12 100 0 0 0 12 0 0
# 20 10 12 100 0 0 0 0 12 0
# 20 20 12 100 0 0 0 0 12 0
# 20 10 12 100 0 0 0 0 0 12
# 20 20 12 100 0 0 0 0 0 12
# 20 10 12 100 0 0 0 6 6 0
# 20 20 12 100 0 0 0 6 6 0
# 20 10 12 100 0 0 0 0 6 6
# 20 20 12 100 0 0 0 0 6 6
# 20 10 12 100 0 0 0 6 0 6
# 20 20 12 100 0 0 0 6 0 6
# individual tests
# 20 10 1 500 0 0 0 1 0 0
# 20 20 1 500 0 0 0 1 0 0
# 20 30 1 500 0 0 0 1 0 0
# large tests
20 30 12 100 0 0 0 4 4 4
20 30 12 100 0 0 0 12 0 0
20 30 12 100 0 0 0 0 12 0
20 30 12 100 0 0 0 0 0 12
20 30 12 100 0 0 0 6 6 0
20 30 12 100 0 0 0 0 6 6
20 30 12 100 0 0 0 6 0 6