player: 0 Altruist
30 65
14 37
82 40
71 41
60 59
8 44
124 60
189 68
89 44
169 50
156 57
25 57
111 48
190 60
16 54
160 49
151 48
68 57
36 43
170 58
70 48
132 50
35 46
55 39
72 59
178 44
77 53
73 54
113 79
39 55
67 50
153 48
140 55
50 43
74 55
175 55
148 45
13 59
24 46
84 53
172 45
161 57
104 51
5 48
38 49
174 39
4 30
87 60
115 41
26 56
112 46
137 38
114 45
184 53
48 44
120 56
20 57
18 55
101 53
11 75
108 46
83 46
45 48
152 52
28 61
199 53
116 50
144 49
22 47
32 50
46 62
147 40
187 61
183 51
88 50
103 60
155 57
98 49
126 48
53 53
54 49
91 47
58 41
176 61
52 55
2 48
198 55
131 44
15 53
81 56
96 51
195 62
164 43
65 48
141 48
92 58
129 55
44 51
107 49
123 63
97 50
167 64
6 30
69 51
122 56
99 55
49 49
159 56
42 51
63 54
43 53
197 42
47 50
133 47
150 64
181 44
51 70
33 46
94 43
125 48
121 59
100 46
136 59
27 47
191 53
196 36
154 59
59 46
19 30
188 46
158 56
157 49
23 63
166 61
66 49
179 54
79 50
102 55
17 42
93 56
7 69
62 62
106 44
90 36
128 35
31 41
56 45
76 60
1 56
119 59
193 50
142 52
37 42
109 59
185 44
9 49
21 53
135 40
29 45
192 60
165 51
143 55
163 57
75 57
177 48
105 43
3 31
145 49
134 56
130 61
57 38
171 37
162 41
127 37
78 49
34 46
41 43
40 52
139 53
80 39
12 37
86 43
64 63
186 37
95 47
118 51
149 36
173 41
182 42
85 38
194 37
180 41
10 66
138 55
168 48
110 45
61 43
146 62
117 42
rank player: 0 Altruist
1 10000
