player: 0 Altruist
169 13
10 17
619 12
326 17
225 16
197 13
393 15
602 10
304 12
283 11
527 22
80 9
62 19
457 16
350 17
595 11
792 14
789 10
592 9
518 8
728 15
484 12
746 13
145 19
603 14
99 17
684 14
160 13
630 9
416 15
208 8
462 9
177 12
388 13
106 13
695 14
421 8
780 24
693 11
379 8
345 14
456 14
380 14
33 13
427 11
12 21
729 24
17 16
569 13
340 14
674 17
524 15
459 19
230 10
761 18
171 16
251 15
202 13
248 17
327 12
628 12
509 16
37 16
781 16
698 6
329 17
361 12
699 12
637 8
282 11
344 15
675 13
107 13
218 11
199 13
360 12
399 6
560 11
21 14
284 14
317 16
488 19
783 10
540 16
341 19
749 12
548 10
646 17
68 14
94 13
158 10
128 14
682 14
405 11
228 16
118 8
423 11
42 17
191 10
731 11
444 15
332 11
381 17
604 9
185 11
74 18
692 22
28 10
56 17
93 14
290 12
514 14
461 11
176 13
131 18
223 13
101 21
512 9
294 11
617 18
647 8
683 16
285 15
213 16
277 13
96 6
718 15
534 16
740 12
741 10
639 10
347 11
770 9
14 12
747 8
725 18
286 10
295 16
161 12
545 17
165 18
773 15
270 12
3 11
445 10
632 16
499 14
72 15
676 13
491 13
449 7
744 13
391 16
733 13
573 15
305 18
87 16
529 12
280 13
552 19
135 17
313 15
742 18
44 13
100 11
60 9
186 13
564 16
239 13
82 14
454 12
522 17
608 14
794 19
334 15
673 9
13 14
7 11
769 12
71 16
610 21
505 22
156 10
114 9
138 14
357 6
635 15
316 11
178 7
302 16
687 13
175 13
219 16
614 16
314 8
298 14
385 8
293 16
796 12
616 11
167 8
707 7
723 10
256 13
450 14
409 12
590 15
479 17
551 16
624 13
233 15
428 14
70 13
672 13
92 12
696 13
190 9
472 16
658 10
174 9
525 14
650 13
105 15
436 17
452 11
297 12
387 17
442 14
139 10
113 15
736 11
717 6
584 15
83 15
359 12
155 18
757 14
764 7
246 10
547 14
267 16
211 15
362 12
31 15
799 11
23 13
550 10
319 20
643 19
162 13
710 14
333 9
500 11
656 15
373 11
144 15
308 14
356 14
555 11
751 16
460 22
626 13
193 12
587 8
448 16
685 16
541 14
411 15
20 8
575 14
539 9
303 18
237 12
196 8
86 17
170 10
567 10
636 16
311 11
205 14
352 12
150 19
130 11
677 12
561 12
652 11
651 15
753 10
402 12
734 10
495 17
716 11
414 8
538 10
722 10
18 12
413 17
705 20
51 14
638 10
494 10
117 11
537 9
474 9
583 12
50 20
235 14
243 11
486 14
570 12
532 17
269 9
64 13
711 13
210 12
542 11
320 15
566 21
322 19
134 14
776 13
338 16
765 16
644 21
531 15
104 15
367 9
57 14
151 24
289 16
782 9
523 16
8 14
688 11
49 11
507 14
198 11
29 13
375 12
180 10
307 17
415 11
759 17
258 15
48 14
528 22
377 13
69 10
153 11
609 12
795 15
667 16
443 11
43 12
787 9
434 14
661 11
612 21
771 14
124 21
432 9
229 10
137 8
310 20
598 17
119 16
123 8
565 11
54 11
549 14
276 10
336 7
533 12
556 13
126 12
554 13
67 20
607 15
90 10
605 17
793 12
275 9
498 16
148 16
492 15
579 20
511 18
622 8
703 12
732 10
238 17
371 15
121 8
59 13
46 16
681 13
704 9
708 8
27 18
671 10
206 18
301 17
194 12
209 10
179 9
665 11
419 13
668 8
686 12
709 17
222 16
247 11
429 11
300 14
6 15
481 15
640 15
142 14
563 11
47 18
670 14
784 14
694 10
440 11
271 8
513 9
79 11
697 12
292 8
588 13
502 16
623 11
779 10
368 13
798 21
775 11
2 20
758 13
558 9
109 15
200 15
132 13
224 14
517 9
1 12
615 8
455 12
163 20
288 10
116 12
654 9
65 13
32 9
22 12
214 16
466 11
760 10
378 17
45 12
232 12
526 13
263 9
546 17
585 12
19 11
706 13
591 10
120 7
574 17
510 10
521 17
76 15
351 11
386 14
613 9
763 12
403 13
536 12
453 12
115 18
182 13
122 12
337 14
159 15
601 19
489 11
410 13
127 7
594 17
669 12
576 15
253 10
166 11
39 9
577 13
195 10
468 11
596 15
627 21
35 16
400 11
653 8
91 12
447 13
408 15
648 10
234 17
16 12
189 14
738 11
446 13
788 15
463 14
553 14
599 16
791 6
530 12
306 5
621 14
586 14
140 13
38 11
467 16
315 12
331 18
662 14
543 15
318 14
236 17
487 10
568 7
152 16
78 9
755 9
66 8
433 16
715 13
606 11
133 10
629 16
641 9
11 14
701 15
272 14
188 12
762 9
98 10
242 15
719 6
221 12
40 10
244 11
730 13
108 22
786 16
559 16
735 16
666 14
97 10
589 13
790 15
339 9
274 11
406 9
797 7
63 14
125 9
477 11
77 11
384 9
582 12
203 14
245 11
700 12
571 14
727 12
365 17
482 10
597 15
103 12
754 9
321 11
257 16
659 12
369 16
396 10
147 14
5 12
260 19
572 13
348 10
464 7
141 13
157 12
743 12
389 13
187 12
335 13
36 13
497 13
562 12
772 12
52 9
53 10
75 6
458 19
173 10
291 11
520 15
220 9
392 9
252 9
778 10
111 10
768 12
424 8
739 15
600 14
745 13
266 18
81 12
325 8
690 7
475 14
660 7
750 4
493 14
215 11
241 10
496 12
721 11
164 7
212 14
299 15
58 12
102 12
201 16
506 18
240 10
425 14
469 9
382 7
634 14
441 16
143 13
149 12
557 14
217 12
181 11
136 12
593 14
183 15
422 9
112 7
346 12
398 9
689 13
192 12
679 12
470 10
95 12
146 9
664 10
748 15
713 10
737 9
426 21
485 12
430 13
355 10
390 18
437 7
657 11
480 9
261 12
435 8
249 7
581 12
720 15
296 4
255 11
649 4
418 10
73 15
312 14
767 11
633 15
439 8
265 12
483 10
231 10
519 10
349 5
363 9
268 8
88 16
366 7
370 10
372 10
618 10
250 17
254 9
580 14
204 13
354 14
24 15
766 13
412 9
84 13
476 12
89 12
490 11
712 6
15 8
535 12
724 9
328 9
407 9
620 10
207 8
774 17
515 7
226 15
478 11
431 11
420 6
184 12
404 12
642 11
281 10
655 12
663 12
578 10
278 9
451 6
154 14
645 15
41 12
85 16
55 13
726 10
680 9
309 12
273 13
25 12
473 11
508 15
611 9
401 12
262 13
471 12
323 11
516 8
216 6
168 10
30 7
374 10
287 15
678 11
544 7
702 10
394 9
383 5
279 12
324 10
129 8
438 8
259 8
417 9
691 12
504 6
631 13
264 10
34 8
172 7
397 9
227 11
110 11
342 9
358 13
343 10
777 11
9 13
785 6
752 10
330 11
465 9
26 5
353 8
4 7
503 6
625 10
376 6
501 8
61 6
364 5
714 10
756 5
395 8
rank player: 0 Altruist
1 10000
