player: 0 Altruist
763 5
322 4
1473 3
13 7
1785 5
677 7
921 4
1068 7
894 6
389 2
1071 3
1609 7
619 6
1561 7
1026 2
475 8
280 10
1774 7
1076 5
204 5
1144 8
1211 10
258 4
659 8
1010 12
445 7
879 6
1246 5
1562 7
1723 5
1335 4
704 5
1355 4
857 8
149 3
63 7
117 9
913 5
383 6
825 8
483 4
332 5
1108 7
424 5
1530 5
1569 7
62 2
434 5
974 5
1226 6
138 4
116 5
344 6
224 8
1771 6
578 8
1394 4
74 5
442 5
712 9
392 7
420 7
21 9
1350 13
1479 8
1510 4
1221 5
1325 7
845 6
915 8
790 13
1572 4
1431 5
565 3
1505 5
451 8
1467 6
474 6
362 7
1224 9
836 4
30 5
803 7
249 10
1370 7
1053 10
1617 7
1242 9
348 9
387 5
31 5
220 6
639 5
1198 5
154 10
91 7
147 7
491 5
136 5
1019 5
463 10
1453 3
393 10
708 2
728 7
939 2
724 5
558 7
172 6
530 5
703 8
1353 7
1574 2
96 3
1323 4
1341 6
1134 3
586 5
1754 10
628 4
1417 7
382 5
1279 5
896 7
1388 5
623 5
118 5
1334 3
277 4
1287 12
631 4
1639 6
404 11
1441 4
900 8
683 5
1403 6
560 6
3 5
64 5
1606 5
1047 5
211 6
120 11
773 4
937 6
36 4
32 6
399 8
1486 10
1184 6
877 5
279 11
720 3
114 6
1356 4
740 5
551 6
1676 5
1440 6
438 7
1247 7
1009 5
157 9
1105 6
1658 5
1372 7
254 4
996 4
1172 13
219 6
1602 16
217 8
52 8
898 7
513 8
718 7
916 7
1077 7
11 8
1656 11
1319 7
607 10
1265 7
18 5
351 8
507 5
1578 5
272 6
1377 7
46 5
1650 6
525 3
1633 6
456 10
1462 6
1755 6
583 5
972 9
902 7
326 6
774 5
1767 7
1498 8
1063 2
1734 3
616 9
1750 7
579 3
417 4
508 5
202 7
1252 9
444 5
1748 5
622 7
432 11
180 11
1282 6
1052 7
629 8
785 6
561 11
1387 6
58 6
1753 6
227 9
754 8
1218 5
1516 8
666 7
1500 8
654 5
660 3
1484 7
228 4
1647 7
948 8
818 8
919 5
781 6
1083 7
539 4
423 3
1263 5
86 5
111 6
1428 9
411 5
1420 5
45 5
1168 6
1770 10
1784 5
143 7
798 10
1148 8
1446 9
1576 5
672 8
953 6
1386 5
1553 10
1684 9
1492 6
292 5
1531 5
321 11
248 9
955 6
946 5
729 8
8 8
28 7
1307 2
1007 6
593 9
606 6
1131 6
1552 8
1293 4
1043 8
187 5
457 7
975 4
1595 8
1651 10
747 7
1719 7
1427 8
1605 9
464 7
779 4
319 6
1096 5
359 6
85 3
80 7
1118 6
337 6
492 9
1466 6
266 5
1664 4
1322 5
1075 6
197 7
236 5
486 6
1472 4
1699 7
764 5
1711 11
490 7
1430 5
1343 7
282 8
79 11
892 7
1738 10
1790 15
522 6
343 8
1149 7
624 6
447 4
230 5
799 6
1445 11
443 10
694 4
1438 7
98 6
598 5
1751 5
1442 4
1379 5
1777 6
1474 5
194 9
1540 9
1678 9
758 4
1041 11
1589 13
1399 6
184 7
386 5
150 4
1644 6
548 8
1495 5
1603 4
801 6
960 3
882 6
1623 7
1290 5
722 4
990 4
1101 6
49 6
725 6
741 9
1482 11
1636 7
448 5
580 4
869 9
1292 6
153 8
891 9
1432 5
128 4
306 4
484 6
1050 17
853 12
53 7
1031 6
841 8
1169 8
1704 3
1308 4
529 7
1087 5
394 3
733 10
1769 9
1718 3
854 8
1025 8
573 6
1181 5
1276 5
429 7
431 7
942 5
1175 10
365 7
1137 5
1724 7
6 8
316 4
232 9
1761 6
59 6
363 7
352 8
1141 8
1655 8
198 4
872 4
1599 5
929 10
1385 3
430 3
1716 6
1139 15
454 3
759 5
1120 7
668 6
1515 8
665 4
547 7
1551 9
726 4
1000 9
1778 3
655 5
821 5
1743 5
467 10
37 8
137 2
1458 7
1480 5
1147 4
1103 3
371 9
24 5
1004 5
1114 11
1681 3
1074 9
636 13
1546 7
291 8
1426 8
275 8
1665 4
736 5
1214 6
862 7
1038 9
1559 5
1374 4
1395 5
1135 6
1507 8
450 7
1687 7
690 6
535 6
1526 5
957 4
69 7
752 7
1476 7
1524 7
90 14
1081 8
594 10
1547 11
1328 7
185 7
615 7
1236 6
858 3
1592 6
870 9
35 5
570 9
468 8
1776 4
1666 6
1138 7
1594 3
1200 7
835 8
496 10
121 6
670 6
405 5
1627 3
7 8
1340 7
1237 4
256 5
179 3
298 8
1584 5
909 9
181 3
1485 6
582 7
469 4
1382 9
775 6
534 4
1459 5
1250 10
985 9
295 9
1044 8
1125 6
1091 5
1739 7
327 7
928 7
973 4
709 9
999 6
238 6
1762 7
195 4
269 8
246 8
621 7
317 5
914 7
1788 8
276 7
39 5
771 9
1502 6
1306 5
1333 5
509 9
1688 7
1591 5
1573 7
554 7
1239 5
873 5
1641 4
1215 7
331 4
283 5
647 5
1706 7
1178 2
537 3
1156 3
1249 3
517 7
471 5
1469 12
1413 3
212 6
129 4
940 5
544 6
1132 6
667 8
237 6
893 7
1002 4
1539 8
65 9
183 6
458 5
449 6
200 9
1219 6
1332 7
676 5
1708 5
1579 4
1093 4
1535 5
1607 11
1124 5
778 4
1321 5
632 5
26 3
917 7
903 8
584 3
1346 5
1715 5
1439 8
1541 5
1752 8
1468 4
543 3
1069 7
427 2
1481 6
487 4
385 4
1014 7
72 8
739 8
270 3
749 8
888 4
1011 5
221 3
1450 9
737 3
22 3
346 5
519 6
460 7
192 9
1746 3
216 6
1410 10
1415 5
1673 6
437 4
633 3
400 6
1389 8
571 8
1616 12
1396 12
293 2
1368 6
1528 5
592 6
1613 6
250 6
611 13
1619 6
1274 6
1536 1
823 5
693 6
687 4
1024 4
577 7
1369 4
1049 8
641 7
1296 5
235 3
1331 4
160 5
1416 5
1533 7
643 2
1532 5
1615 8
977 4
1092 5
550 11
1775 4
357 10
1511 10
1668 5
335 7
1310 8
1217 4
439 10
819 10
242 7
123 5
1496 2
608 8
924 5
240 3
257 3
1621 4
1123 7
1021 8
1302 6
1567 3
1040 6
190 6
255 4
1304 7
1449 4
95 6
1555 6
366 7
2 6
559 7
1303 4
1652 6
485 5
980 9
1271 8
1163 3
846 16
1506 1
377 5
1735 7
433 4
178 4
600 5
127 6
1443 5
1721 9
1435 5
1614 7
44 6
839 5
1371 3
1100 5
415 8
681 6
391 9
682 8
1295 8
951 3
567 8
805 5
711 6
288 5
1324 6
880 4
1013 10
555 6
772 4
360 7
1637 8
806 6
1648 10
1691 7
284 6
340 9
808 3
314 7
1634 4
1654 7
1780 8
100 2
109 5
1285 10
745 11
1407 11
1203 6
1146 3
1587 7
899 5
1798 7
688 2
861 4
889 4
1513 6
247 11
1580 12
852 7
1695 8
997 6
1090 4
1608 6
135 2
1597 8
1409 4
1740 8
1225 3
1517 6
1577 11
792 9
1731 5
625 3
991 4
87 4
1463 7
786 8
1487 6
1375 4
866 8
1624 5
440 6
1365 4
1329 8
732 6
656 6
1700 5
1383 5
1411 7
1347 10
259 4
213 11
812 8
674 5
1305 9
1471 9
1557 4
1362 4
1212 8
920 8
976 3
982 4
1032 8
1772 7
1299 3
1288 8
884 6
860 5
313 4
1367 5
55 7
652 6
166 5
1022 4
1261 6
102 5
1266 2
510 5
94 3
1538 4
881 5
263 6
1604 7
1703 3
701 4
952 9
16 8
979 5
795 4
428 4
685 4
1423 5
1786 9
477 3
466 4
203 5
1789 4
381 6
1745 7
904 5
57 2
1529 8
591 3
498 7
209 5
1016 3
1646 2
1354 7
1286 4
1012 10
1675 7
462 1
735 4
1398 10
1543 5
1380 5
1183 4
106 4
590 3
697 6
926 8
77 7
1213 9
244 2
713 5
473 4
1351 6
1525 5
84 11
171 4
151 4
648 6
410 6
1070 9
1067 7
384 6
1626 6
864 7
1465 3
408 8
231 5
1693 5
802 6
1268 2
1685 3
883 8
597 9
890 6
1361 6
299 7
199 3
796 3
214 2
43 3
868 5
1590 3
1291 11
1400 5
286 9
1345 7
1106 8
1314 8
1191 8
527 6
832 7
1527 5
1499 6
264 8
1174 13
766 7
146 7
1170 4
1270 7
193 10
1797 3
642 6
640 8
1193 10
714 4
1521 5
159 4
1378 7
310 4
1055 3
1258 7
949 6
830 7
1452 5
1412 6
182 4
12 6
566 7
542 4
1503 7
1702 7
545 9
1337 9
70 5
1220 5
994 7
1518 5
73 9
504 11
48 4
788 5
1205 2
787 3
9 6
168 8
604 7
253 9
589 5
1494 7
1145 2
514 7
719 5
336 7
1359 2
1397 7
603 9
167 8
1783 6
1030 4
1349 9
856 6
1257 4
935 5
650 6
1201 4
844 7
229 4
1672 5
702 9
1478 5
358 4
1277 6
1660 4
435 2
901 4
1758 5
826 7
1537 10
1161 4
412 7
1571 6
1401 4
1260 7
1760 11
1504 4
605 10
947 11
1712 6
1393 8
1707 5
1023 4
163 9
595 4
207 8
1289 6
944 5
489 9
731 7
599 8
33 9
1392 6
1283 7
1490 3
177 6
1694 4
1035 6
1447 5
679 7
1001 4
777 8
1082 6
1629 4
51 5
1206 4
1339 3
532 8
1662 6
1682 4
1223 2
206 8
97 4
165 5
925 3
1275 4
1456 10
1256 1
1661 6
218 6
878 5
811 7
1544 7
1384 6
756 6
1244 7
370 6
1549 5
1112 3
1779 4
1336 5
99 2
1657 4
906 4
1638 6
378 3
379 6
783 9
581 7
268 2
1222 7
413 2
1210 4
191 7
768 13
478 3
54 8
418 8
585 6
742 2
564 10
717 5
865 8
1376 9
1455 4
422 4
342 2
403 6
68 5
962 7
1117 5
1677 4
638 4
954 10
936 4
71 8
984 3
455 5
1098 5
1701 7
158 7
848 8
1051 7
1062 6
1497 4
956 4
333 6
1625 7
905 6
540 3
506 9
1227 7
1795 3
824 7
1199 7
912 8
364 6
503 6
1048 9
1683 7
1262 5
574 5
691 5
25 3
746 6
347 5
1208 5
1216 4
705 9
1622 4
1312 7
1642 3
658 7
813 8
119 6
234 4
61 11
152 5
1164 6
1523 3
1501 7
789 6
730 7
941 5
1065 5
1674 8
1072 6
1003 10
1129 1
614 5
541 2
339 6
1338 4
426 12
874 5
1195 4
769 5
1130 6
75 4
992 3
757 3
907 6
315 9
727 7
536 4
402 4
376 5
644 6
1189 5
134 8
103 8
1722 5
932 9
267 3
1568 4
657 5
1508 4
1059 4
369 5
1039 4
108 5
1015 11
20 5
173 4
1581 5
834 2
963 3
1142 12
1133 2
968 5
1273 5
459 5
1424 4
1182 7
1192 5
1464 4
721 4
1360 6
130 6
1425 4
1121 3
271 8
1309 9
549 4
1122 5
1066 6
1058 7
406 8
518 7
875 5
141 6
1520 5
1078 9
251 6
261 3
1008 4
1741 4
943 4
1381 9
829 5
1127 5
174 4
988 5
223 8
1773 1
1176 2
1787 6
290 4
1436 6
627 9
419 9
1554 3
626 4
557 6
1690 5
1084 5
1765 4
1267 8
981 4
1154 4
533 3
1768 4
239 7
104 3
1705 4
441 5
1689 2
66 3
651 7
911 7
372 7
1585 2
1187 7
470 8
139 5
950 6
289 10
375 2
1610 5
596 6
930 7
1582 5
1197 6
201 4
1570 6
1598 3
273 3
923 8
908 7
1185 4
301 3
748 4
1618 4
1301 8
4 4
1756 7
723 10
155 5
233 3
1483 7
588 8
76 9
1165 5
1316 4
1320 2
707 7
971 4
1744 5
562 4
1235 3
1045 8
700 4
1601 5
205 4
1327 4
502 4
285 4
780 5
1698 2
320 3
1177 3
1475 5
1749 6
186 3
323 5
1317 5
620 8
575 6
241 10
1272 2
969 3
1109 5
1670 8
1405 7
1240 1
500 9
446 5
1348 4
1264 6
328 4
324 5
967 5
188 4
105 3
131 6
176 5
1006 5
1725 4
1457 7
553 5
675 4
1373 8
1159 13
260 8
1080 5
1720 5
1556 8
1588 5
421 7
684 8
225 4
311 4
132 3
341 7
493 8
38 5
34 5
538 9
1209 7
706 5
1418 4
1054 6
1241 7
1116 8
112 7
401 4
635 5
1628 4
1180 5
388 4
989 5
520 4
1726 3
1230 3
1757 3
820 4
1635 9
618 4
653 6
361 5
842 2
416 7
1119 1
987 6
222 5
148 4
1238 7
83 7
425 10
1408 3
1736 3
1097 9
499 10
397 4
175 8
407 4
1315 2
1454 5
1204 5
1344 5
978 5
838 7
1155 3
815 2
89 5
715 4
452 5
1794 2
1640 5
78 6
922 4
1727 8
1297 5
1233 2
278 5
296 6
649 2
1404 8
349 3
833 4
1089 5
265 3
1429 6
847 4
1764 8
133 2
1243 5
822 5
1631 8
1179 6
1422 4
1600 2
1713 5
753 7
1064 6
27 5
986 3
516 4
601 2
1094 7
1099 5
964 5
1186 8
162 3
1171 6
40 7
50 4
1107 2
497 7
1326 5
609 3
1645 4
373 6
840 7
1522 9
531 4
355 4
850 4
1073 4
751 4
1152 5
993 8
145 5
1300 6
1747 4
1659 4
1128 4
1079 3
334 2
1730 6
807 5
961 4
563 6
353 2
814 5
734 3
300 4
791 5
958 4
161 6
610 5
243 6
436 6
395 9
1251 3
689 5
1729 3
1781 5
19 7
494 4
1061 2
170 4
1489 5
461 4
673 3
482 1
126 8
1643 7
680 4
67 7
1366 8
1460 9
1318 5
480 5
515 6
294 3
696 4
1248 6
368 6
1036 5
1143 6
1564 4
661 6
1028 9
552 7
1448 6
662 3
863 5
859 5
1167 5
1461 1
1358 5
770 1
744 5
1563 6
1558 4
630 5
1033 5
1111 3
521 4
1737 3
88 5
945 5
1020 6
472 3
1680 8
965 5
479 6
396 2
1534 7
827 6
1056 7
885 2
1150 4
1733 5
1728 6
122 5
281 6
42 4
800 3
304 5
1363 4
1188 6
1782 7
569 4
345 9
17 3
305 6
761 3
995 5
287 3
1697 3
576 7
617 4
817 5
1234 3
330 5
1766 4
1402 6
245 4
934 5
671 4
41 3
1732 6
29 2
1391 4
1034 5
1110 8
1151 2
92 5
465 2
10 6
1545 6
698 3
1254 8
144 4
1231 6
1158 6
1157 4
1593 7
1166 6
1259 4
476 6
646 6
1509 3
262 4
1027 6
1352 4
210 3
887 3
374 4
1796 2
897 4
1253 5
767 7
794 6
414 3
546 3
568 3
692 5
1330 5
1612 5
1560 3
804 4
1190 3
1390 5
1470 6
302 6
1173 3
1519 3
1548 8
1085 4
1057 3
107 8
1342 8
1153 2
47 8
1095 6
1763 3
1514 3
318 7
1113 4
1493 5
15 8
933 4
1005 2
1196 5
297 5
367 2
226 2
1060 6
1278 1
793 4
1207 5
140 4
1104 3
1269 9
1255 6
124 1
501 4
390 5
329 2
325 2
1714 2
398 4
1115 3
1437 5
1202 5
895 5
1046 6
1477 2
738 4
1488 4
81 5
1280 3
1451 9
23 5
809 6
755 4
1444 6
1566 4
274 5
1663 5
505 4
156 5
93 4
699 1
1245 5
886 2
743 7
1281 2
1669 4
876 2
309 3
1799 5
1710 3
142 9
1491 7
1037 6
710 6
1586 3
663 4
1759 7
125 3
1630 4
1542 3
1 4
931 4
164 4
750 2
760 5
1088 3
526 4
511 6
613 5
528 7
851 5
1434 1
1126 2
776 3
855 4
998 1
453 2
797 3
938 3
765 4
1298 2
189 4
5 3
1632 4
1620 2
1565 3
524 6
1364 4
380 4
1671 3
1421 7
927 3
871 2
1102 4
645 2
983 4
60 5
1717 5
1029 1
354 4
308 4
1791 1
1512 5
1229 4
664 3
303 4
1686 4
312 7
1575 5
970 2
556 3
678 3
1313 2
634 1
1018 2
695 3
816 2
828 5
208 2
307 5
1611 2
612 5
1596 3
587 3
1406 1
1679 6
1696 3
1653 2
1692 6
56 2
1136 4
762 3
669 3
523 4
1433 3
1357 3
82 1
1086 4
1232 4
1294 2
1793 1
101 2
686 4
1284 1
252 5
1583 4
1414 2
959 3
338 1
716 2
1140 2
110 5
1017 1
831 2
115 2
849 1
784 1
782 5
1419 2
215 3
488 2
512 2
196 3
602 3
495 3
918 1
169 2
1311 4
1042 2
1649 1
1194 3
350 1
1709 1
837 3
1228 1
1550 3
966 2
843 3
1667 1
867 1
910 1
637 1
810 1
1160 1
1742 1
113 1
14 1
572 2
rank player: 0 Altruist
1 10000
